0
0.0513542
0.0570833
0.0691667
0.0830208
0.086875
0.100417
0.110937
0.115312
0.123854
0.130729
0.133854
0.136458
0.138542
0.140208
0.145104
0.147083
0.148125
0.149062
0.161667
0.159896
0.160312
0.16
0.159375
0.158958
0.160625
0.161458
0.163333
0.167396
0.168542
0.169375
0.171354
0.171458
0.171979
0.170104
0.169792
0.169792
0.169896
0.170625
0.17125
0.172187
0.172083
0.171354
0.170313
0.171042
0.169063
0.166875
0.167813
0.169063
0.168646
0.169896
0.166979
0.168542
0.17
0.174271
0.177083
0.179375
0.184167
0.184688
0.185417
0.186771
0.187396
0.188333
0.188438
0.185104
0.184479
0.182708
0.181354
0.179896
0.178958
0.176042
0.174583
0.171458
0.169583
0.168854
0.166667
0.164687
0.165833
0.164583
0.164792
0.165
0.167083
0.171979
0.170833
0.178958
0.185938
0.189583
0.198125
0.209375
0.213021
0.226458
0.236042
0.238021
0.248646
0.264896
0.26309
0.267569
0.271632
0.271528
0.276215
0.277569
0.27875
0.283021
0.283229
0.280729
0.275417
0.271979
0.268333
0.263333
0.261042
0.259062
0.254965
0.253646
0.252292
0.251979
0.251771
0.247708
0.242396
0.23809
0.23809
0.238299
0.235451
0.235035
0.235764
0.232639
0.232431
0.231389
0.232951
0.231181
0.232639
0.234375
0.234444
0.236493
0.235556
0.233993
0.233785
0.233889
0.232639
0.233472
0.235139
0.234687
0.231042
0.23125
0.228958
0.23125
0.229479
0.227083
0.226042
0.223021
0.220208
0.218576
0.216285
0.215139
0.214306
0.209931
0.208472
0.208264
0.205139
0.201389
0.203333
0.201563
0.200104
0.197083
0.195417
0.195312
0.192083
0.190938
0.189792
0.188125
0.194688
0.190833
0.190729
0.188542
0.187604
0.184167
0.183542
0.181042
0.18125
0.179375
0.17625
0.176354
0.175937
0.173333
0.172813
0.172292
0.17
0.169271
0.169479
0.170417
0.169271
0.168437
0.167604
0.167292
0.165208
0.170937
0.170208
0.170521
0.170278
0.167778
0.166979
0.164792
0.164687
0.16375
0.162812
0.162917
0.160938
0.160208
0.158958
0.156875
0.1575
0.158021
0.158333
0.159167
0.1575
0.156875
0.155625
0.155208
0.151979
0.151875
0.157917
0.155833
0.152917
0.150417
0.1475
0.146563
0.145104
0.14375
0.142187
0.142083
0.140937
0.139167
0.136979
0.137813
0.138854
0.140208
0.136458
0.136146
0.132292
0.129271
0.127153
0.126007
0.124549
0.125069
0.125174
0.130521
0.127361
0.126215
0.124861
0.121563
0.119479
0.116562
0.115174
0.113611
0.111528
0.110069
0.108819
0.108229
0.107396
0.107986
0.108438
0.107292
0.106458
0.105208
0.104167
0.103021
0.105104
0.104792
0.104688
0.103542
0.110729
0.10625
0.103646
0.102292
0.101562
0.100729
0.100104
0.0964583
0.0970833
0.0980208
0.0996875
0.103333
0.104896
0.106875
0.111771
0.112708
0.117292
0.118021
0.117813
0.118854
0.116458
0.116458
0.115
0.112187
0.110417
0.116979
0.108646
0.107813
0.101667
0.100729
0.0980208
0.0932292
0.090625
0.0901042
0.0890625
0.086875
0.0854167
0.0829167
0.0842708
0.0833333
0.085625
0.0823958
0.0832292
0.0841667
0.0833333
0.0827083
0.0815625
0.0809375
0.0786458
0.076875
0.0954167
0.090625
0.08375
0.08
0.0794792
0.07875
0.0782292
0.0767708
0.0753125
0.0735417
0.0729167
0.0704167
0.0710417
0.0685417
0.0680208
0.0659375
0.0651042
0.0645833
0.0638542
0.0638542
0.0622917
0.06125
0.06
0.0604167
0.06
0.0703125
0.0704167
0.0715625
0.0701042
0.0695833
0.0701042
0.0664583
0.0645833
0.061875
0.0607292
0.0589583
0.0594792
0.0584375
0.0585417
0.056875
0.0567708
0.0567708
0.0573958
0.0561458
0.0553125
0.0559375
0.0542708
0.0535417
0.05375
0.0536458
0.0620833
0.0590625
0.0563542
0.0560417
0.0554167
0.0547917
0.055
0.0540625
0.0532292
0.0525
0.05125
0.0510417
0.0507292
0.0502083
0.0488542
0.0491667
0.0503125
0.0513542
0.0517708
0.054375
0.054375
0.0570833
0.0576042
0.0588542
0.0614583
0.0719792
0.0691667
0.0690625
0.0682292
0.0664583
0.0677083
0.0690625
0.0682292
0.06875
0.0710417
0.0729167
0.0765625
0.0836458
0.08625
0.0954167
0.104063
0.108438
0.118229
0.128229
0.130208
0.14
0.147083
0.150938
0.161146
0.169271
0.199271
0.199063
0.203437
0.206146
0.212812
0.221771
0.225938
0.235
0.243854
0.249479
0.257812
0.264583
0.267292
0.28
0.286771
0.289896
0.297396
0.303438
0.303229
0.308854
0.313958
0.317917
0.325937
0.330937
0.333229
0.355521
0.354271
0.353854
0.361667
0.364896
0.365208
0.368333
0.369271
0.368646
0.369792
0.371146
0.371354
0.375625
0.377083
0.380521
0.383542
0.386771
0.386354
0.391875
0.393542
0.392708
0.394583
0.394167
0.393958
0.397188
0.412396
0.408021
0.406042
0.406354
0.405625
0.40625
0.405208
0.403125
0.403542
0.403438
0.400729
0.402396
0.401667
0.399271
0.399583
0.400208
0.399375
0.397292
0.398229
0.396042
0.393854
0.393542
0.393437
0.391458
0.389688
0.396354
0.39125
0.392083
0.390208
0.389896
0.385833
0.385208
0.386875
0.391146
0.393437
0.396458
0.402187
0.40125
0.406146
0.407917
0.410938
0.415938
0.4175
0.418229
0.422083
0.423021
0.423438
0.425312
0.428229
0.426875
0.449062
0.448958
0.446875
0.450208
0.450833
0.451458
0.449479
0.451111
0.450799
0.449132
0.452465
0.45059
0.449479
0.448229
0.448125
0.450937
0.449271
0.444896
0.447083
0.446771
0.44375
0.443229
0.443854
0.441146
0.440729
0.461389
0.453681
0.452188
0.451875
0.446354
0.444167
0.444792
0.441667
0.440521
0.437604
0.43625
0.434792
0.433958
0.429167
0.427187
0.424167
0.423333
0.421771
0.420938
0.419687
0.421042
0.419479
0.420833
0.421771
0.420938
0.429896
0.423958
0.421875
0.418021
0.417292
0.417812
0.417812
0.414479
0.415625
0.414271
0.412187
0.410729
0.408854
0.409792
0.410208
0.408542
0.410417
0.410521
0.408125
0.410313
0.408125
0.405
0.406562
0.408542
0.405417
0.426667
0.425521
0.421458
0.422812
0.419167
0.417396
0.419479
0.419063
0.418333
0.417708
0.417187
0.418229
0.420312
0.421354
0.42125
0.423125
0.421042
0.421563
0.423438
0.424479
0.420729
0.420833
0.419687
0.417708
0.421042
0.461875
0.453542
0.449896
0.449375
0.444375
0.442292
0.44
0.433646
0.434063
0.431667
0.432083
0.428646
0.424896
0.421563
0.420833
0.419479
0.415312
0.414583
0.412187
0.408646
0.406771
0.405417
0.403438
0.403229
0.401771
0.424375
0.415729
0.411146
0.408958
0.403958
0.402292
0.398125
0.397188
0.396146
0.391354
0.38875
0.388958
0.383958
0.383646
0.380208
0.378958
0.376875
0.37625
0.372604
0.371354
0.3675
0.363542
0.360938
0.359167
0.359583
0.375625
0.363646
0.358333
0.354375
0.352083
0.34875
0.344479
0.342917
0.34
0.335938
0.336354
0.333333
0.329896
0.328542
0.323646
0.318854
0.317917
0.315312
0.312812
0.311979
0.308542
0.305937
0.30375
0.299896
0.299583
0.324271
0.308646
0.309375
0.302604
0.294063
0.287292
0.288125
0.282813
0.279896
0.276354
0.270937
0.269479
0.266875
0.266979
0.265313
0.263021
0.258542
0.259167
0.257604
0.254375
0.251875
0.249271
0.245
0.245208
0.243438
0.295938
0.276146
0.267917
0.261562
0.256979
0.253958
0.248958
0.243021
0.236563
0.230521
0.227813
0.226562
0.222708
0.220833
0.217708
0.212292
0.210208
0.205625
0.203854
0.200208
0.196458
0.192917
0.189271
0.188229
0.187604
0.216875
0.209063
0.203229
0.200729
0.198646
0.191875
0.185833
0.18375
0.180208
0.178021
0.175
0.172708
0.169583
0.166771
0.163854
0.161042
0.159062
0.156458
0.154583
0.152083
0.148542
0.145104
0.142708
0.141354
0.139167
0.184792
0.172604
0.164687
0.157083
0.152708
0.148333
0.142083
0.137604
0.132917
0.129062
0.125833
0.124583
0.125312
0.122396
0.119792
0.120208
0.114896
0.112292
0.110417
0.106771
0.104583
0.10375
0.103125
0.10125
0.100417
0.116042
0.112917
0.109375
0.107604
0.107708
0.106875
0.101771
0.0986458
0.101042
0.0990625
0.096875
0.0954167
0.0920833
0.0885417
0.0860417
0.086875
0.0860417
0.0869792
0.0857292
0.084375
0.0819792
0.0815625
0.0815625
0.0820833
0.0833333
0.116146
0.104479
0.1025
0.100312
0.0969792
0.0957292
0.0957292
0.0945833
0.0928125
0.0921875
0.0902083
0.090625
0.0894792
0.0844792
0.0834375
0.0821875
0.0802083
0.0770833
0.0766667
0.0759375
0.0757292
0.0736458
0.0696875
0.0660417
0.0672917
0.0865625
0.0767708
0.0728125
0.070625
0.0679167
0.0645833
0.061875
0.0627083
0.0592708
0.0580208
0.0558333
0.0555208
0.0535417
0.0514583
0.0511458
0.05
0.048125
0.0471875
0.0457292
0.0430208
0.0421875
0.0416667
0.0391667
0.0414583
0.0401042
0.0513542
0.0435417
0.0433333
0.0430208
0.0422917
0.0410417
0.0383333
0.0396875
0.038125
0.0364583
0.0416667
0.0366667
0.0351042
0.0344792
0.0311458
0.0303125
0.0294792
0.03
0.0282292
0.0275
0.0272917
0.02625
0.0261458
0.0239583
0.02375
0.0234375
0.0254167
0.0257292
0.024375
0.0247917
0.024375
0.0247917
0.0247917
0.0232292
0.0239583
0.0276042
0.0257292
0.0247917
0.0235417
0.0227083
0.0215625
0.0217708
0.02125
0.01875
0.018125
0.0186458
0.0173958
0.0140625
0.0126042
0.0126042
0.011875
0.0110417
0.0108333
0.010625
0.0105208
0.01
0.00947917
0.00875
0.00864583
0.00854167
0.0138542
0.0132292
0.0126042
0.0119792
0.010625
0.0105208
0.00989583
0.00989583
0.0103125
0.01125
0.0136458
0.0157292
0.015
0.0139583
0.0132292
0.0135417
0.0125
0.0125
0.0123958
0.0128125
0.0129167
0.0126042
0.0122917
0.0123958
0.0114583
0.0170833
0.0147917
0.014375
0.01375
0.0138542
0.01375
0.0134375
0.0136458
0.0129167
0.013125
0.011875
0.0120833
0.0110417
0.0108333
0.0101042
0.00947917
0.01125
0.0113542
0.0122917
0.0122917
0.0129167
0.0130208
0.0130208
0.013125
0.0138542
0.0188542
0.0157292
0.0152083
0.0170833
0.0166667
0.0153125
0.0139583
0.0140625
0.0130208
0.0138542
0.0140625
0.0132292
0.0139583
0.01375
0.0133333
0.0129167
0.0132292
0.0128125
0.0126042
0.0119792
0.0128125
0.0133333
0.0136458
0.0136458
0.014375
0.0169792
0.0146875
0.0155208
0.014375
0.014375
0.0157292
0.0191667
0.0183333
0.0182292
0.0172917
0.0165625
0.0161458
0.015
0.0151042
0.014375
0.0140625
0.0146875
0.0134375
0.0125
0.0129167
0.0123958
0.0119792
0.0129167
0.0127083
0.0127083
0.0119792
0.0123958
0.011875
0.0111458
0.0108333
0.0114583
0.0111458
0.0096875
0.00979167
0.00895833
0.0105208
0.0103125
0.00947917
0.00958333
0.0108333
0.00927083
0.00916667
0.00895833
0.0102083
0.0104167
0.0114583
0.0108333
0.009375
0.00854167
0.008125
0.00791667
0.0084375
0.0071875
0.008125
0.00739583
0.0075
0.0075
0.00822917
0.0078125
0.00864583
0.0078125
0.00729167
0.00645833
0.00666667
0.0059375
0.0059375
0.00552083
0.00614583
0.0059375
0.00614583
0.00479167
0.00375
0.0034375
0.00479167
0.00489583
0.00375
0.00520833
0.005
0.00604167
0.00552083
0.0046875
0.00541667
0.00697917
0.00645833
0.00677083
0.008125
0.008125
0.00854167
0.00927083
0.0090625
0.00916667
0.0096875
0.00916667
0.01
0.00958333
0.0090625
0.0096875
0.00927083
0.00947917
0.00989583
0.0101042
0.01
0.0102083
0.0090625
0.00989583
0.0105208
0.01125
0.0109375
0.0108333
0.01
0.0102083
0.0113542
0.0101042
0.0096875
0.0107292
0.01
0.01
0.01
0.0109375
0.0103125
0.0102083
0.0117708
0.0120833
0.0140625
0.0147917
0.0160417
0.0165625
0.0167708
0.0161458
0.0173958
0.0159375
0.0167708
0.0175
0.0165625
0.0154167
0.0154167
0.0136458
0.0142708
0.0122917
0.01375
0.0132292
0.0147917
0.0153125
0.0153125
0.0154167
0.0154167
0.0151042
0.0157292
0.013125
0.011875
0.0123958
0.0121875
0.0127083
0.013125
0.0125
0.01375
0.014375
0.0147917
0.0147917
0.0153125
0.0151042
0.0139583
0.0145833
0.0120833
0.0126042
0.0129167
0.0114583
0.0123958
0.0107292
0.00989583
0.009375
0.0103125
0.0090625
0.00875
0.00895833
0.00854167
0.00791667
0.00854167
0.00854167
0.008125
0.00864583
0.00854167
0.00822917
0.00822917
0.00708333
0.00677083
0.0046875
0.00489583
0.00541667
0.0065625
0.00625
0.00625
0.0065625
0.00697917
0.0065625
0.00583333
0.00479167
0.0046875
0.00458333
0.00510417
0.00447917
0.00447917
0.00458333
0.00458333
0.00458333
0.00458333
0.00416667
0.00385417
0.0046875
0.0046875
0.005
0.00489583
0.005
0.00510417
0.00572917
0.00572917
0.00583333
0.00604167
0.00614583
0.00625
0.00583333
0.0059375
0.00552083
0.00583333
0.00625
0.00666667
0.0071875
0.0075
0.00864583
0.00989583
0.0116667
0.0104167
0.0109375
0.01
0.0119792
0.0129167
0.0138542
0.0144792
0.0136458
0.0144792
0.0151042
0.0147917
0.0148958
0.014375
0.0129167
0.0125
0.0121875
0.0122917
0.0119792
0.0117708
0.0123958
0.0116667
0.0119792
0.0105208
0.0109375
0.0122917
0.0138542
0.0135417
0.0126042
0.0132292
0.0129167
0.0129167
0.0135417
0.0123958
0.0123958
0.0130208
0.0127083
0.0117708
0.0122917
0.0116667
0.0111458
0.011875
0.0114583
0.0127083
0.0134375
0.0126042
0.01125
0.0110417
0.01125
0.01125
0.0117708
0.0115625
0.0134375
0.0136458
0.0132292
0.0140625
0.0147917
0.0140625
0.0160417
0.0153125
0.0160417
0.0145833
0.0158333
0.0154167
0.0141667
0.0133333
0.0128125
0.0110417
0.0116667
0.0122917
0.0120833
0.0117708
0.0116667
0.0110417
0.011875
0.0111458
0.01125
0.00875
0.0078125
0.00677083
0.006875
0.006875
0.006875
0.00697917
0.00697917
0.0065625
0.00604167
0.00677083
0.0059375
0.005625
0.0059375
0.005625
0.00489583
0.00479167
0.00354167
0.00354167
0.0040625
0.0034375
0.00354167
0.00333333
0.00322917
0.00291667
0.0028125
0.0028125
0.00354167
0.00364583
0.00416667
0.00520833
0.00520833
0.00625
0.008125
0.00791667
0.0111458
0.0120833
0.0127083
0.0157292
0.0167708
0.0182292
0.0184375
0.0230208
0.021875
0.0257292
0.0291667
0.0309028
0.031875
0.030625
0.0348958
0.0346875
0.0347917
0.0353125
0.035625
0.036875
0.0370833
0.0370833
0.0384375
0.0369792
0.0384375
0.0397917
0.0401042
0.0395833
0.0378125
0.0383333
0.0389583
0.0378125
0.0390625
0.03875
0.0367708
0.0366667
0.0355208
0.0352083
0.035
0.0361458
0.0345833
0.0330208
0.0334375
0.0339583
0.0334375
0.0332292
0.0321875
0.0326042
0.0314583
0.0315625
0.0298958
0.0305208
0.0288542
0.0284375
0.0279167
0.0283333
0.0275
0.0270833
0.0275
0.0271875
0.0265625
0.0279167
0.0290625
0.0285417
0.0288542
0.0282292
0.0283333
0.0298958
0.0298958
0.0315625
0.0336458
0.0328125
0.0351042
0.0361458
0.0380208
0.0390625
0.0415625
0.0410417
0.0447917
0.05
0.0513194
0.0596875
0.0589583
0.0605556
0.0727431
0.0778125
0.0795833
0.0889583
0.0975
0.105417
0.112361
0.121458
0.124688
0.135521
0.1425
0.145937
0.158333
0.169583
0.174271
0.179896
0.197257
0.202778
0.21625
0.230208
0.234757
0.246632
0.260729
0.261979
0.273438
0.28184
0.284028
0.295521
0.303021
0.30375
0.3175
0.322604
0.320729
0.327917
0.333646
0.334583
0.346979
0.348958
0.34875
0.347813
0.360938
0.371563
0.393229
0.413854
0.4125
0.423125
0.428646
0.435
0.441354
0.446354
0.447604
0.458056
0.474271
0.475
0.487917
0.499688
0.496701
0.501389
0.509167
0.508646
0.518958
0.524514
0.527639
0.538264
0.546806
0.552188
0.557187
0.565451
0.562639
0.568542
0.583299
0.584167
0.586493
0.590104
0.58875
0.598646
0.603021
0.600729
0.601111
0.600417
0.601979
0.608021
0.617396
0.616146
0.623437
0.630903
0.631285
0.635556
0.640694
0.645833
0.650174
0.666562
0.661979
0.663438
0.668958
0.668021
0.678611
0.678993
0.680451
0.691562
0.702639
0.702396
0.706146
0.704826
0.704583
0.71375
0.708438
0.699063
0.693819
0.690937
0.683229
0.701389
0.710035
0.70566
0.711771
0.706979
0.706215
0.719688
0.718333
0.725972
0.730451
0.739965
0.737604
0.741563
0.744583
0.738437
0.752604
0.747604
0.745
0.749965
0.760312
0.759618
0.762604
0.770312
0.763646
0.766667
0.767292
0.764896
0.768229
0.776458
0.777917
0.7875
0.781771
0.783333
0.783021
0.785417
0.778542
0.778819
0.782569
0.776424
0.779375
0.781042
0.773993
0.773542
0.773125
0.775625
0.771042
0.766875
0.760938
0.763958
0.75625
0.751979
0.744167
0.754792
0.746667
0.746563
0.74
0.734167
0.732257
0.7375
0.742604
0.752396
0.757604
0.764583
0.777083
0.786597
0.786354
0.785451
0.781042
0.774687
0.777917
0.774062
0.774132
0.771215
0.773438
0.766979
0.765104
0.763125
0.76125
0.760278
0.755208
0.752917
0.755208
0.752188
0.745938
0.744687
0.741458
0.74375
0.74875
0.749861
0.747014
0.756285
0.752396
0.750521
0.753437
0.755694
0.747951
0.740556
0.732847
0.730556
0.717396
0.706458
0.695729
0.687813
0.681042
0.680625
0.671562
0.652813
0.646701
0.645833
0.644479
0.633958
0.638333
0.62941
0.630278
0.630313
0.630347
0.627535
0.628333
0.628333
0.617431
0.627882
0.626632
0.627708
0.63125
0.646597
0.646458
0.647083
0.652604
0.653958
0.646563
0.642604
0.635625
0.62875
0.622188
0.623021
0.630104
0.633646
0.628646
0.637257
0.651563
0.645278
0.649896
0.648021
0.648229
0.654062
0.656042
0.650104
0.65375
0.652708
0.656111
0.656771
0.658438
0.658542
0.660382
0.675764
0.676562
0.683542
0.695833
0.68875
0.699063
0.706875
0.706667
0.712187
0.705625
0.702396
0.701042
0.700833
0.698368
0.701042
0.698958
0.699688
0.696667
0.688958
0.680729
0.681667
0.687882
0.691979
0.69691
0.698056
0.692604
0.678194
0.665069
0.654861
0.651146
0.648542
0.644375
0.640104
0.640069
0.639896
0.636701
0.636771
0.640938
0.649757
0.650729
0.662292
0.655243
0.669687
0.660694
0.664965
0.694271
0.684306
0.678125
0.713021
0.702187
0.701979
0.69875
0.746458
0.741042
0.746597
0.737604
0.740382
0.754167
0.746875
0.746285
0.755174
0.753368
0.753125
0.752917
0.749896
0.748229
0.74875
0.742153
0.740972
0.738333
0.731146
0.725313
0.724931
0.71691
0.718333
0.722812
0.709479
0.702812
0.706424
0.701042
0.688438
0.681458
0.668125
0.674583
0.671458
0.664201
0.672431
0.666285
0.662431
0.657431
0.661215
0.658507
0.65
0.651319
0.644375
0.646979
0.636667
0.628958
0.621563
0.613646
0.60625
0.607396
0.599479
0.593264
0.594167
0.586319
0.578125
0.574792
0.566042
0.56
0.555937
0.570833
0.568264
0.584201
0.5825
0.586181
0.579375
0.575417
0.569271
0.571875
0.569063
0.558438
0.555
0.546562
0.540451
0.541771
0.538542
0.534201
0.529167
0.524792
0.520208
0.520104
0.512708
0.510417
0.513021
0.507188
0.499826
0.495868
0.493681
0.489306
0.499792
0.492396
0.481736
0.483819
0.468924
0.460799
0.445937
0.439271
0.435729
0.438576
0.434063
0.425417
0.420312
0.411632
0.403125
0.400764
0.394688
0.38125
0.37934
0.37375
0.371875
0.36691
0.372708
0.36809
0.378437
0.378854
0.365417
0.369271
0.362326
0.354063
0.361285
0.353229
0.353646
0.358438
0.361007
0.357951
0.36
0.358299
0.354687
0.35059
0.347847
0.347882
0.363542
0.364965
0.36625
0.376979
0.391632
0.401771
0.411875
0.425
0.43875
0.448646
0.459479
0.458333
0.474167
0.47559
0.477187
0.49184
0.501389
0.500243
0.49875
0.500833
0.497882
0.505243
0.501771
0.48934
0.5
0.514549
0.523021
0.53625
0.533333
0.526979
0.518924
0.513021
0.507188
0.495104
0.484687
0.479931
0.472917
0.465972
0.460417
0.447083
0.441042
0.437917
0.431354
0.420208
0.41625
0.407396
0.402708
0.388333
0.378021
0.375104
0.362222
0.356979
0.351111
0.346597
0.344687
0.334896
0.328958
0.323021
0.314583
0.304688
0.305
0.303264
0.297569
0.291111
0.291944
0.286597
0.282778
0.274375
0.270729
0.272396
0.26684
0.259236
0.249306
0.23875
0.231181
0.220938
0.21625
0.208542
0.196076
0.189236
0.186181
0.178993
0.171389
0.169306
0.158854
0.149375
0.142813
0.134583
0.127431
0.122569
0.119375
0.11316
0.110729
0.105625
0.101562
0.0998958
0.0948958
0.09625
0.0928125
0.0936458
0.0947917
0.0922917
0.0929167
0.0913889
0.088125
0.0858333
0.0847917
0.0844792
0.0947917
0.0916667
0.0897917
0.0883333
0.0860417
0.0854167
0.0854167
0.0828125
0.0802083
0.079375
0.0788542
0.0776042
0.0752083
0.0733333
0.0705208
0.0729167
0.08375
0.090625
0.104792
0.120417
0.127812
0.150208
0.169167
0.179375
0.198958
0.23125
0.238229
0.261146
0.278438
0.288333
0.309792
0.335729
0.346354
0.365625
0.387917
0.395937
0.407187
0.420104
0.426875
0.447604
0.449583
0.450417
0.452917
0.445208
0.439375
0.433854
0.418333
0.411354
0.407118
0.393958
0.384479
0.368542
0.351458
0.346979
0.332292
0.321042
0.310521
0.303125
0.287708
0.277187
0.280833
0.271771
0.264896
0.254063
0.244479
0.237813
0.234896
0.223438
0.215625
0.205521
0.201076
0.197396
0.189896
0.18125
0.173542
0.166354
0.156354
0.150938
0.140729
0.135521
0.131146
0.123125
0.112917
0.107604
0.0973958
0.0902083
0.0820833
0.0734375
0.0639583
0.0577083
0.0526389
0.0445139
0.0412847
0.0403125
0.04
0.0391667
0.0370833
0.0363194
0.0349306
0.0325
0.0389583
0.03625
0.0352083
0.0341667
0.0320833
0.0315625
0.0295833
0.0291667
0.0279167
0.0272917
0.0278125
0.0269792
0.0284375
0.0301042
0.0345833
0.0404167
0.0446875
0.0508333
0.0573958
0.0632292
0.0734375
0.0833333
0.0855556
0.0935417
0.104167
0.111146
0.117813
0.128542
0.130868
0.138646
0.149688
0.151458
0.161875
0.170243
0.171389
0.17816
0.184931
0.187431
0.195451
0.214375
0.213021
0.224583
0.243125
0.245938
0.249583
0.254688
0.254375
0.255729
0.25559
0.257083
0.262535
0.267465
0.264861
0.265868
0.266389
0.257986
0.264722
0.262674
0.258958
0.261979
0.265417
0.263507
0.265417
0.27
0.264271
0.268229
0.262396
0.262569
0.258125
0.262014
0.256042
0.263437
0.268125
0.266042
0.262188
0.260174
0.263542
0.262396
0.260417
0.258125
0.2575
0.253819
0.25375
0.240451
0.231285
0.226354
0.214896
0.205208
0.199687
0.195382
0.179063
0.171458
0.168854
0.15691
0.150417
0.140521
0.133299
0.128854
0.117188
0.108542
0.107604
0.0947917
0.0839583
0.0803125
0.0719097
0.0641667
0.0613542
0.05375
0.049375
0.0472917
0.0373958
0.0330208
0.0316667
0.0278125
0.0244792
0.0235417
0.0201042
0.0163542
0.015
0.0122917
0.00916667
0.008125
0.00645833
0.00416667
0.00378472
0.00645833
0.00520833
0.0046875
0.00427083
0.00385417
0.00385417
0.00364583
0.00458333
0.0034375
0.00333333
0.003125
0.00302083
0.00302083
0.00302083
0.00260417
0.0025
0.00239583
0.0021875
0.00260417
0.00333333
0.00354167
0.00291667
0.00260417
0.00239583
0.0025
0.0025
0.00208333
0.0028125
0.0025
0.00239583
0.0025
0.00125
0.00125
0.0009375
0.00104167
0.0009375
0.00114583
0.00114583
0.00104167
0.00125
0.00135417
0.00125
0.001875
0.00229167
0.00197917
0.0015625
0.00177083
0.00239583
0.00208333
0.00239583
0.00243056
0.00291667
0.00291667
0.0034375
0.00322917
0.00552083
0.00583333
0.0115625
0.0202083
0.0221875
0.0290625
0.0354167
0.0378125
0.0446875
0.0465625
0.04875
0.0540278
0.0586458
0.0586458
0.0577083
0.0598958
0.0591667
0.0596875
0.061875
0.0608333
0.0660764
0.0623958
0.0596875
0.0655208
0.0670833
0.0703125
0.06875
0.0696875
0.0717708
0.0659375
0.0670833
0.0709375
0.0708333
0.0727083
0.0730208
0.081875
0.0827083
0.0828125
0.0879167
0.0947917
0.0957292
0.0926042
0.0864583
0.0842708
0.0830903
0.0729167
0.0714236
0.0698264
0.0669792
0.06625
0.0670833
0.0641667
0.0622569
0.0572917
0.0553125
0.0521875
0.0494792
0.0486458
0.0444792
0.043125
0.0403125
0.0370833
0.0382292
0.0369792
0.0345833
0.0357639
0.0343056
0.0316667
0.0310417
0.0308333
0.0270833
0.0264583
0.0254167
0.0236458
0.023125
0.0227083
0.0221875
0.0205208
0.0185417
0.0171875
0.013125
0.0115625
0.0104167
0.00989583
0.00833333
0.00885417
0.00864583
0.0104167
0.00916667
0.00885417
0.00916667
0.00892361
0.00895833
0.00958333
0.0105208
0.0105208
0.0102083
0.0121875
0.0130208
0.015625
0.0166667
0.0170833
0.0197917
0.02125
0.02
0.0188542
0.0178125
0.0166667
0.0154167
0.0140625
0.0173958
0.0166667
0.0165625
0.0158333
0.0157292
0.015625
0.0113542
0.0108333
0.0139583
0.0209375
0.030625
0.0357292
0.0455208
0.0571528
0.0611458
0.0661458
0.0727083
0.0724306
0.0767708
0.076875
0.0761458
0.0798958
0.0797917
0.0757292
0.0777083
0.0746875
0.0730208
0.0684375
0.0709375
0.0702083
0.0690625
0.075
0.0742708
0.074375
0.0798958
0.0744792
0.073125
0.0675
0.0641667
0.0617708
0.0556597
0.054375
0.0478125
0.0408333
0.0370833
0.0307986
0.0242708
0.0209375
0.0150694
0.0104167
0.0075
0.003125
0.000104167
0.00114583
0.00302083
0.00510417
0.00604167
0.00989583
0.0191667
0.0240625
0.0325
0.0392708
0.0394792
0.0405208
0.0407292
0.0416667
0.04125
0.0426042
0.0434375
0.0446875
0.0472917
0.0477083
0.0491667
0.0517708
0.0510417
0.051875
0.0540625
0.0546875
0.055
0.0575
0.0555208
0.0586458
0.0622917
0.0633333
0.0591667
0.0559375
0.0555208
0.0538542
0.0441667
0.0407292
0.0394792
0.033125
0.0292708
0.0285417
0.0235417
0.0198958
0.0173958
0.0139583
0.0109375
0.00708333
0.00416667
0.00416667
0.00677083
0.0108333
0.01125
0.0115625
0.0119792
0.0122917
0.0132292
0.0147917
0.014375
0.0154167
0.0160417
0.01625
0.0160417
0.0160417
0.0166667
0.0163542
0.0169792
0.0173958
0.0191667
0.02
0.0207292
0.0214583
0.0213542
0.020625
0.0219792
0.0216667
0.0222917
0.0227083
0.0219792
0.0214583
0.0198958
0.0226042
0.0239583
0.0273958
0.0348958
0.039375
0.0464583
0.0534375
0.0547917
0.055
0.0539583
0.054375
0.058125
0.0614583
0.06
0.0635417
0.0642708
0.0638542
0.06875
0.0703125
0.0711458
0.07
0.0747917
0.0738542
0.0752083
0.0772917
0.0765625
0.078125
0.0783333
0.0786458
0.0802083
0.0792708
0.0798958
0.0821875
0.0795833
0.0791667
0.0851042
0.0888542
0.0838542
0.085625
0.0792708
0.0793403
0.0732639
0.0710764
0.0687153
0.0640625
0.0554167
0.0532292
0.0458333
0.0413542
0.0385417
0.0310417
0.0248958
0.023125
0.0166667
0.0120833
0.00895833
0.00486111
0.00291667
0.00236111
0.000208333
0.000104167
0.0003125
0.0003125
0.000208333
0.000208333
0
0
0
0
0.000208333
0.000416667
0.000416667
0.000416667
0.000416667
0.000208333
0.000208333
0.000208333
0.000208333
0.000208333
0.000416667
0.000208333
0.000208333
0.000208333
0.000208333
0.000208333
0.000208333
0.000208333
0.000208333
0.000416667
0.000416667
0.000416667
0.000416667
0.000416667
0.000416667
0.000416667
0.000416667
0.000416667
0.000416667
0.000416667
0.000729167
0.000416667
0.000833333
0.000625
0.000625
0.000729167
0.000729167
0.000729167
0.000625
0.000625
0.000625
0.000520833
0.000520833
0.000520833
0.000520833
0.000520833
0.000104167
0.000833333
0.00604167
0.00947917
0.0167708
0.02375
0.0272917
0.0330208
0.0352083
0.0358333
0.038125
0.0401042
0.0413542
0.0434375
0.0479167
0.0514583
0.0617708
0.0723958
0.0772917
0.0873958
0.0979167
0.104583
0.116771
0.129062
0.135
0.146979
0.15875
0.163333
0.174063
0.177604
0.178958
0.181875
0.187917
0.188021
0.192188
0.192812
0.195104
0.198854
0.192708
0.188229
0.186771
0.186354
0.179375
0.176667
0.175417
0.172708
0.171979
0.176979
0.176771
0.177222
0.181562
0.185938
0.179792
0.180521
0.179063
0.170486
0.163229
0.154028
0.153785
0.154271
0.153611
0.152917
0.144063
0.141667
0.138819
0.134132
0.132257
0.124965
0.114757
0.114236
0.109653
0.104236
0.101562
0.0963542
0.0875347
0.0861806
0.0799306
0.0732292
0.0695139
0.0669792
0.0620833
0.0602083
0.0589583
0.0610417
0.0607292
0.0611458
0.0605208
0.06
0.059375
0.0601042
0.0598958
0.061875
0.0610417
0.0605208
0.0602083
0.0617708
0.0597917
0.06125
0.0610417
0.06125
0.0620833
0.0639583
0.0633333
0.0654167
0.0655208
0.0680208
0.074375
0.0769792
0.0792708
0.0834375
0.0872917
0.0884375
0.094375
0.100104
0.100208
0.103438
0.10375
0.102708
0.104167
0.10625
0.104375
0.103646
0.106042
0.105625
0.10875
0.113507
0.113854
0.1175
0.116146
0.117188
0.118125
0.120625
0.120521
0.121042
0.122917
0.125521
0.124271
0.124167
0.124167
0.124063
0.126875
0.124375
0.126771
0.126979
0.128646
0.128646
0.130521
0.128819
0.131771
0.131771
0.132917
0.13375
0.133437
0.134479
0.137292
0.136667
0.136667
0.139479
0.142396
0.143646
0.143437
0.141181
0.143507
0.142604
0.141667
0.140833
0.142708
0.143646
0.143021
0.143854
0.141667
0.142396
0.14375
0.140937
0.139132
0.142292
0.142396
0.14125
0.141285
0.14
0.138542
0.139792
0.138785
0.139167
0.138542
0.139687
0.14
0.139306
0.136493
0.136875
0.139271
0.137604
0.138333
0.135833
0.135729
0.135104
0.13566
0.134792
0.134583
0.133437
0.132188
0.131979
0.131667
0.130938
0.129583
0.128229
0.1275
0.1275
0.126875
0.126771
0.127812
0.125938
0.125938
0.124583
0.124375
0.123021
0.121146
0.121354
0.120833
0.119479
0.119063
0.116667
0.114687
0.115347
0.112951
0.111701
0.113576
0.116389
0.117847
0.121597
0.125451
0.126389
0.128785
0.126181
0.124306
0.121493
0.117431
0.120729
0.116979
0.111875
0.108854
0.107396
0.105
0.104792
0.103125
0.102708
0.102083
0.100833
0.100312
0.0998958
0.102396
0.0998958
0.09875
0.0950347
0.0918056
0.0901389
0.0894097
0.0917014
0.0923264
0.0971181
0.0961806
0.0962847
0.103333
0.1
0.0998958
0.0982292
0.0988542
0.0971875
0.0961458
0.09375
0.0938542
0.0920833
0.0927083
0.0909375
0.0895833
0.0891667
0.0898958
0.0877083
0.0877431
0.0860764
0.0842014
0.0829514
0.0838889
0.0845139
0.0847222
0.0835764
0.0834722
0.0884722
0.0877431
0.0878472
0.0857639
0.0839931
0.0832639
0.0825347
0.0796181
0.0803472
0.07875
0.0797917
0.0786458
0.0786458
0.079375
0.0791667
0.0763542
0.0766667
0.0780208
0.0785417
0.0785417
0.0821875
0.0797917
0.0794792
0.0803125
0.0784375
0.0854514
0.0845139
0.0825347
0.0815972
0.0817014
0.0838889
0.0857292
0.0886458
0.0934375
0.0934375
0.0997917
0.105417
0.105938
0.11375
0.120104
0.123333
0.128993
0.133993
0.136493
0.142535
0.150729
0.153368
0.162535
0.169097
0.174514
0.195208
0.197292
0.199896
0.208437
0.214062
0.215417
0.222708
0.228021
0.231458
0.237396
0.242917
0.246458
0.253333
0.259271
0.260937
0.265625
0.271146
0.272708
0.278021
0.283125
0.283958
0.289375
0.295417
0.297083
0.302292
0.366007
0.355903
0.353715
0.354271
0.353229
0.358438
0.365104
0.368125
0.369896
0.371042
0.373542
0.380937
0.396458
0.3975
0.406042
0.408854
0.41
0.419271
0.428854
0.432292
0.43875
0.443229
0.447292
0.461146
0.468021
0.497917
0.504687
0.513021
0.513854
0.529167
0.536319
0.541215
0.551979
0.557917
0.557986
0.563854
0.571042
0.570625
0.581771
0.584375
0.583438
0.587674
0.594479
0.595729
0.601562
0.608646
0.608958
0.612812
0.614479
0.614583
0.627396
0.624896
0.626563
0.628229
0.59875
0.596562
0.596354
0.593646
0.591562
0.590417
0.587396
0.582917
0.583333
0.583438
0.581354
0.582604
0.581771
0.577222
0.576806
0.574097
0.572639
0.571181
0.574306
0.572535
0.575451
0.583646
0.579688
0.584479
0.586979
0.584688
0.584688
0.586042
0.584271
0.588576
0.590868
0.584375
0.582292
0.586667
0.582604
0.584271
0.584479
0.583854
0.57875
0.576979
0.573819
0.568299
0.567882
0.562986
0.561424
0.559236
0.567917
0.563854
0.560833
0.555833
0.555833
0.557396
0.555104
0.550937
0.549792
0.545
0.546042
0.544167
0.538785
0.534583
0.530208
0.525
0.517813
0.512604
0.508542
0.505
0.500104
0.496458
0.489479
0.488333
0.484167
0.487778
0.481007
0.475972
0.472153
0.469549
0.464132
0.464236
0.462778
0.458507
0.45559
0.448507
0.440903
0.436215
0.434236
0.428403
0.423194
0.417604
0.416563
0.412292
0.410521
0.40559
0.40434
0.404687
0.397778
0.396736
0.401458
0.393958
0.388021
0.383333
0.381042
0.375417
0.374167
0.368646
0.366875
0.359167
0.356875
0.35625
0.350208
0.345521
0.341042
0.335313
0.330625
0.32625
0.322083
0.319583
0.315104
0.309583
0.306563
0.306146
0.303854
0.318646
0.312188
0.310521
0.303542
0.300104
0.298646
0.29375
0.290833
0.288646
0.283542
0.276771
0.271979
0.267188
0.263542
0.260521
0.25625
0.254167
0.251354
0.246771
0.244271
0.24125
0.236979
0.2325
0.231979
0.227917
0.2575
0.248542
0.241146
0.234271
0.231076
0.229306
0.224722
0.222812
0.216146
0.215312
0.212292
0.206354
0.205104
0.201875
0.198646
0.197292
0.191667
0.190521
0.186875
0.183438
0.177917
0.175833
0.174479
0.170937
0.167708
0.18625
0.177396
0.173333
0.172083
0.167604
0.161979
0.159896
0.154062
0.151771
0.148646
0.145937
0.142604
0.138125
0.134896
0.1325
0.13375
0.131042
0.13125
0.126771
0.122917
0.121042
0.120729
0.119167
0.116771
0.114687
0.141771
0.133229
0.128125
0.124688
0.118229
0.114687
0.112292
0.111562
0.109375
0.106042
0.103854
0.1025
0.100312
0.100208
0.100312
0.0944792
0.0923958
0.0903125
0.09
0.08875
0.084375
0.0813542
0.0797917
0.0797917
0.0775
0.101667
0.093125
0.0891667
0.0880208
0.0866319
0.0822917
0.0791667
0.07625
0.0735417
0.0709375
0.0697917
0.0676042
0.0689583
0.0690625
0.066875
0.0666667
0.0657292
0.0654167
0.0633333
0.0625
0.0619792
0.0592708
0.0557292
0.054375
0.0536458
0.0640625
0.0588542
0.0558333
0.054375
0.0523958
0.0490625
0.0471875
0.0451042
0.0461458
0.0455208
0.0436458
0.0416667
0.04125
0.0405208
0.0427778
0.0411458
0.0396875
0.0369792
0.0368403
0.0369792
0.0376042
0.0375694
0.0355903
0.0342708
0.0353125
0.0495833
0.0446875
0.0425
0.0402083
0.0409028
0.0370833
0.0348958
0.0361111
0.0347222
0.0328472
0.036875
0.0354167
0.0340625
0.0325
0.0319792
0.0323958
0.0322917
0.0317708
0.0302083
0.0311458
0.030625
0.0286806
0.0301042
0.03
0.0271875
0.0347917
0.0298958
0.0302083
0.0308333
0.0294792
0.02875
0.0265625
0.0259375
0.0248958
0.026875
0.0266667
0.0251042
0.0233333
0.0232292
0.0220833
0.0216667
0.0225
0.0220833
0.023125
0.0235417
0.0232292
0.0258333
0.0253125
0.0252083
0.0227083
0.0304167
0.0278125
0.026875
0.0264583
0.0260417
0.024375
0.0236458
0.0205208
0.0183333
0.0167708
0.0164583
0.0151042
0.0157292
0.0148958
0.014375
0.0139583
0.0115625
0.0108333
0.0110417
0.0105208
0.01
0.009375
0.00885417
0.00791667
0.0075
0.0110417
0.0090625
0.00822917
0.00708333
0.0078125
0.0078125
0.0071875
0.00791667
0.00885417
0.00947917
0.0101042
0.0107292
0.01
0.0102083
0.0120833
0.0117708
0.0115625
0.0135417
0.0126042
0.0148958
0.0153125
0.0155208
0.0158333
0.0158333
0.01625
0.0197917
0.0176042
0.0167708
0.0177083
0.0167708
0.0158333
0.0153125
0.0151042
0.0151042
0.015
0.0148958
0.0134375
0.0132292
0.0125
0.0122917
0.0127083
0.0130208
0.0130208
0.0129167
0.0122917
0.0121875
0.0130208
0.0127083
0.0125
0.0134375
0.01625
0.0157292
0.0163542
0.0159375
0.0158333
0.0154167
0.0158333
0.0151042
0.0152083
0.0161458
0.015625
0.0152083
0.0165625
0.0164583
0.0163542
0.0160417
0.0166667
0.016875
0.0169792
0.0166667
0.0167708
0.0165625
0.0163542
0.01625
0.0151042
0.0144792
0.0133333
0.0135417
0.013125
0.0127083
0.0132292
0.0133333
0.0117708
0.0090625
0.00885417
0.00864583
0.00625
0.0046875
0.00385417
0.003125
0.003125
0.00260417
0.00260417
0.00260417
0.00291667
0.00260417
0.003125
0.00302083
0.00354167
0.00322917
0.00427083
0.00145833
0.00145833
0.001875
0.0021875
0.00229167
0.0021875
0.00177083
0.00166667
0.0028125
0.003125
0.00239583
0.00114583
0.0009375
0.00135417
0.00166667
0.00114583
0.00104167
0.00104167
0.0009375
0.00114583
0.000833333
0.000833333
0.000833333
0.000833333
0.00197917
0.001875
0.00145833
0.00114583
0.00104167
0.00104167
0.00125
0.000833333
0.000729167
0.000208333
0.000416667
0.0003125
0.000625
0.000625
0.0003125
0.0003125
0.0003125
0.000208333
0.000208333
0.000208333
0.000208333
0.000208333
0.000208333
0.000104167
0.000104167
0.00145833
0.00114583
0.000729167
0.000625
0.0003125
0.000520833
0.000520833
0.0003125
0.000625
0.00114583
0.00135417
0.00354167
0.00447917
0.0053125
0.00666667
0.00666667
0.0071875
0.00729167
0.00791667
0.00770833
0.0071875
0.0078125
0.00822917
0.00802083
0.00729167
0.00760417
0.0065625
0.00635417
0.00572917
0.00479167
0.0046875
0.00520833
0.00395833
0.00354167
0.00479167
0.00458333
0.00364583
0.0028125
0.00333333
0.00333333
0.00270833
0.00302083
0.00354167
0.00427083
0.00375
0.004375
0.00458333
0.00520833
0.00635417
0.00666667
0.00708333
0.00739583
0.00697917
0.00708333
0.00604167
0.00614583
0.00625
0.00520833
0.0059375
0.00677083
0.0059375
0.00364583
0.0028125
0.00177083
0.00114583
0.0003125
0.0003125
0.000104167
0.000104167
0.0003125
0.000625
0.000625
0.00135417
0.0015625
0.00208333
0.003125
0.00322917
0.00364583
0.004375
0.00479167
0.00520833
0.00583333
0.0078125
0.00791667
0.0117708
0.014375
0.0135417
0.0153125
0.0125
0.0133333
0.0119792
0.00791667
0.00770833
0.0084375
0.008125
0.00895833
0.0090625
0.0096875
0.0102083
0.0120833
0.0136458
0.0144792
0.016875
0.0185764
0.0173958
0.0166319
0.01625
0.01625
0.0155208
0.0170833
0.01625
0.015625
0.0159375
0.015
0.0134375
0.0136458
0.0136458
0.0129167
0.0121875
0.0111458
0.0105208
0.0114583
0.010625
0.010625
0.0113542
0.0105208
0.0117708
0.0105208
0.0109375
0.0103125
0.00954861
0.009375
0.00934028
0.00916667
0.009375
0.0090625
0.0090625
0.00770833
0.00875
0.00979167
0.0103125
0.0084375
0.00885417
0.00708333
0.00885417
0.00989583
0.0103125
0.0103125
0.0096875
0.009375
0.00864583
0.00677083
0.0065625
0.00645833
0.0065625
0.0065625
0.00638889
0.00635417
0.00645833
0.00645833
0.00541667
0.00541667
0.00760417
0.00729167
0.00791667
0.00802083
0.0107292
0.00947917
0.0120833
0.01375
0.013125
0.0189583
0.0167708
0.0172917
0.0198958
0.0204167
0.019375
0.0209375
0.0220833
0.0236458
0.0246875
0.0247917
0.0271875
0.0295833
0.0311458
0.0297917
0.0314583
0.0322917
0.0309375
0.0338542
0.0332292
0.0338542
0.0335417
0.0340625
0.0342708
0.034375
0.0338542
0.0340625
0.0366667
0.0358333
0.0348958
0.0355208
0.0365625
0.0364583
0.0360417
0.0367708
0.0365625
0.0376042
0.0373958
0.0361458
0.0371875
0.0386458
0.0370833
0.0378125
0.0379167
0.0367708
0.0363542
0.0372917
0.0371875
0.0357292
0.0360417
0.0346875
0.0365625
0.0360417
0.0360417
0.0355208
0.0348958
0.035625
0.0357292
0.03625
0.03625
0.0373958
0.0365625
0.0369792
0.0411458
0.0411458
0.0413542
0.0404167
0.0383333
0.0383333
0.0384375
0.0388542
0.0385417
0.0379167
0.0364583
0.03625
0.0378125
0.0384375
0.0388542
0.0411458
0.0378125
0.0357292
0.0358333
0.0361458
0.0355208
0.0369792
0.0383333
0.0372917
0.0375
0.0405208
0.03875
0.0382292
0.0395833
0.039375
0.0413542
0.0439583
0.0439583
0.0473958
0.0488542
0.0502083
0.0504167
0.0528125
0.0545833
0.0546875
0.0563542
0.0564583
0.0567708
0.0576042
0.0572917
0.0578125
0.0601042
0.0594792
0.0588542
0.0589583
0.0617708
0.0616667
0.0602083
0.0604167
0.0604167
0.0594792
0.0590625
0.0580208
0.058125
0.0566667
0.0563542
0.0569792
0.0572917
0.056875
0.0571875
0.0563542
0.0564583
0.0566667
0.0569792
0.056875
0.0577083
0.0578125
0.0577083
0.058125
0.0577083
0.05875
0.0585417
0.0575
0.0575
0.056875
0.0569792
0.056875
0.0558333
0.0552083
0.0548958
0.0558333
0.0552083
0.0546875
0.0553125
0.0544792
0.0541667
0.0542708
0.0539583
0.0541667
0.0540625
0.0534375
0.0551042
0.05375
0.05375
0.0526042
0.0555208
0.0526042
0.0515625
0.0507292
0.050625
0.0496875
0.0494792
0.0489583
0.0491667
0.049375
0.0497917
0.0483333
0.049375
0.048125
0.0482292
0.0490625
0.0485417
0.0476042
0.0463542
0.0455208
0.0452083
0.0435417
0.043125
0.0457292
0.0460417
0.0492708
0.0498958
0.05125
0.0495833
0.0510417
0.0532292
0.0544792
0.0526042
0.0517708
0.04875
0.0476042
0.0436458
0.04375
0.0432292
0.04125
0.0414583
0.0394792
0.0390625
0.0388542
0.038125
0.0373958
0.0365625
0.0355208
0.0342708
0.0338542
0.0347917
0.03375
0.0317708
0.0327083
0.0314583
0.03125
0.0303125
0.0305208
0.0302083
0.0295833
0.0308333
0.0308333
0.0286458
0.0273958
0.0282292
0.028125
0.0254167
0.025625
0.0248958
0.0252083
0.025
0.0258333
0.0260417
0.0253125
0.0230208
0.0241667
0.0228125
0.0223958
0.0221875
0.0221875
0.0209375
0.0208333
0.020625
0.02
0.0198958
0.0196875
0.0195833
0.0189583
0.0204167
0.0185417
0.0208333
0.0201042
0.0216667
0.0194792
0.0195833
0.0198958
0.0186458
0.0178125
0.0182292
0.016875
0.0169792
0.015625
0.0154167
0.0159375
0.0141667
0.0135417
0.0145833
0.0130208
0.0130208
0.0134375
0.0136458
0.015
0.0157292
0.0158333
0.0179167
0.0179167
0.0180208
0.0163542
0.0160417
0.0145833
0.0135417
0.0113542
0.010625
0.01
0.0096875
0.010625
0.0107292
0.0103125
0.00927083
0.00927083
0.0090625
0.00875
0.00895833
0.00875
0.00833333
0.0084375
0.00864583
0.00833333
0.00791667
0.00770833
0.00770833
0.00760417
0.00739583
0.00739583
0.00760417
0.00802083
0.0090625
0.00729167
0.008125
0.0103125
0.0134375
0.0130208
0.0152083
0.0167708
0.0186458
0.0215625
0.0197917
0.0197917
0.0211458
0.0211458
0.0210417
0.0186458
0.0157292
0.0154167
0.0146875
0.0141667
0.0134375
0.0127083
0.0130208
0.014375
0.0157292
0.0129167
0.0135417
0.0141667
0.0114583
0.0119792
0.00927083
0.00854167
0.00822917
0.00520833
0.0046875
0.0046875
0.00489583
0.00479167
0.004375
0.00416667
0.00395833
0.00375
0.0053125
0.00510417
0.00541667
0.00604167
0.0065625
0.00645833
0.006875
0.00489583
0.00520833
0.0046875
0.00739583
0.00510417
0.0205208
0.0195833
0.0182292
0.020625
0.0210417
0.0222917
0.0208333
0.0198958
0.0190625
0.019375
0.01875
0.0163542
0.0140625
0.0140625
0.0121875
0.0125
0.0116667
0.0103125
0.00875
0.00666667
0.0090625
0.0104167
0.0105208
0.00697917
0.00645833
0.01
0.00822917
0.00854167
0.00739583
0.00572917
0.00802083
0.0084375
0.00947917
0.0111458
0.0114583
0.0123958
0.013125
0.0129167
0.0139583
0.0138542
0.0144792
0.0139583
0.0163542
0.0159375
0.0161458
0.0167708
0.0170833
0.0173958
0.0195833
0.019375
0.024375
0.023125
0.0205208
0.0211458
0.0205208
0.02
0.019375
0.0172917
0.0186458
0.0197917
0.0223958
0.0236458
0.0273958
0.0276042
0.0279167
0.0259375
0.0301042
0.0323958
0.035625
0.036875
0.0365625
0.04125
0.0475
0.0513542
0.0573958
0.0701042
0.0707292
0.0770833
0.0848958
0.0880208
0.0940625
0.101667
0.102917
0.113125
0.117708
0.120833
0.129583
0.133229
0.132812
0.139167
0.14625
0.147813
0.155
0.162396
0.158542
0.165521
0.170243
0.170729
0.177708
0.18875
0.190521
0.19941
0.209479
0.212188
0.219062
0.228542
0.229896
0.240625
0.248021
0.253125
0.258854
0.270208
0.274583
0.286771
0.295104
0.295521
0.300312
0.308646
0.309583
0.315521
0.324792
0.326042
0.334792
0.340938
0.342813
0.357187
0.353854
0.356667
0.367604
0.373646
0.371875
0.382396
0.39
0.392708
0.399792
0.4075
0.410938
0.419167
0.433229
0.435521
0.451562
0.465104
0.464583
0.481875
0.492708
0.493229
0.506667
0.518889
0.518437
0.53059
0.548854
0.546354
0.560625
0.565729
0.565
0.567187
0.56809
0.563021
0.560625
0.553229
0.55125
0.552604
0.551215
0.544479
0.54125
0.546111
0.54375
0.555521
0.563438
0.565972
0.580208
0.578333
0.571042
0.594479
0.596667
0.611354
0.625938
0.624375
0.628958
0.646771
0.659826
0.660451
0.68316
0.696215
0.698438
0.713333
0.723924
0.723889
0.734514
0.744306
0.745833
0.752222
0.759687
0.765347
0.771007
0.769201
0.765035
0.765903
0.765625
0.760938
0.75375
0.760104
0.757708
0.758021
0.765521
0.75559
0.753333
0.761667
0.760104
0.766146
0.766736
0.764583
0.765104
0.762049
0.754028
0.751285
0.754792
0.742188
0.7325
0.723437
0.715313
0.710417
0.713437
0.717951
0.735208
0.741667
0.735729
0.736979
0.741979
0.742222
0.742812
0.737396
0.734271
0.725451
0.721458
0.716007
0.710104
0.708021
0.704792
0.709618
0.713924
0.713993
0.708576
0.716875
0.714063
0.720208
0.718021
0.71309
0.715938
0.712812
0.70941
0.699375
0.696146
0.70375
0.708333
0.699688
0.697396
0.693229
0.69875
0.696354
0.688438
0.690382
0.694896
0.701875
0.713437
0.714757
0.720833
0.728125
0.7225
0.725174
0.716667
0.7125
0.716458
0.707986
0.7025
0.726285
0.724757
0.721597
0.727708
0.727083
0.724132
0.72375
0.719236
0.723194
0.726771
0.727812
0.724167
0.718437
0.71375
0.708993
0.713958
0.709132
0.709792
0.707535
0.707743
0.696597
0.698125
0.702153
0.698958
0.696771
0.692569
0.692222
0.682743
0.679792
0.670868
0.67566
0.664583
0.6575
0.663958
0.677188
0.668958
0.666458
0.659792
0.657708
0.661806
0.663854
0.657569
0.656979
0.647326
0.645069
0.647951
0.648854
0.645729
0.647118
0.653264
0.651458
0.648889
0.647708
0.639375
0.646285
0.648542
0.645174
0.645938
0.642639
0.633229
0.631563
0.623021
0.620833
0.613646
0.632917
0.630521
0.639167
0.649583
0.648646
0.650312
0.650625
0.646146
0.644896
0.641597
0.638229
0.640243
0.629792
0.632535
0.629653
0.624792
0.616667
0.626042
0.6275
0.620486
0.618125
0.616563
0.618681
0.615556
0.616354
0.618125
0.617292
0.616215
0.615
0.617708
0.63066
0.632049
0.631181
0.639271
0.640556
0.646458
0.65691
0.656111
0.656979
0.655729
0.657083
0.657882
0.669097
0.675625
0.678021
0.67625
0.670833
0.675
0.673021
0.675104
0.682604
0.69
0.693333
0.685312
0.678958
0.669479
0.670521
0.669583
0.663646
0.65941
0.65691
0.654583
0.660451
0.657743
0.652743
0.65125
0.649271
0.654583
0.655937
0.661424
0.664931
0.664722
0.660104
0.659479
0.668681
0.663229
0.661979
0.661771
0.655312
0.647813
0.644792
0.640625
0.637813
0.631181
0.627014
0.627569
0.622361
0.612951
0.602014
0.59941
0.589583
0.587812
0.586979
0.586562
0.582222
0.58066
0.571493
0.566493
0.568819
0.567292
0.559896
0.558993
0.556493
0.553576
0.550417
0.542743
0.542292
0.545417
0.545243
0.544201
0.548229
0.558125
0.551562
0.555694
0.554167
0.554271
0.567083
0.578958
0.581875
0.590521
0.589167
0.581562
0.588542
0.585625
0.589549
0.594201
0.602222
0.587743
0.592326
0.587431
0.582882
0.578785
0.583993
0.574514
0.577951
0.577743
0.575833
0.570833
0.568958
0.563021
0.560104
0.54125
0.534722
0.530139
0.521736
0.515
0.502396
0.49316
0.490035
0.484375
0.474236
0.465799
0.472049
0.473889
0.475451
0.488576
0.489687
0.482743
0.498229
0.499201
0.49375
0.504271
0.494583
0.494583
0.491319
0.49309
0.490243
0.483785
0.472222
0.467187
0.466111
0.466215
0.454965
0.455556
0.459375
0.451146
0.456562
0.453125
0.447743
0.452431
0.445833
0.446632
0.443993
0.44434
0.436944
0.434375
0.429757
0.418854
0.418854
0.415208
0.407396
0.404792
0.403229
0.398229
0.397708
0.397917
0.394583
0.397188
0.385937
0.378333
0.390937
0.390451
0.384306
0.377326
0.367431
0.365139
0.369201
0.35934
0.350278
0.340313
0.336458
0.33375
0.328854
0.326771
0.315833
0.3225
0.323472
0.317222
0.319201
0.315625
0.315312
0.320347
0.313993
0.311806
0.320486
0.324861
0.322257
0.324444
0.324965
0.314965
0.309688
0.307049
0.307639
0.312292
0.309826
0.312292
0.326111
0.333333
0.330833
0.335
0.335764
0.339201
0.344479
0.339583
0.333993
0.334479
0.328368
0.323958
0.321111
0.316111
0.312708
0.309896
0.309792
0.303542
0.306771
0.302639
0.292222
0.287326
0.275938
0.273333
0.267813
0.25625
0.259375
0.250729
0.239583
0.233681
0.229583
0.223958
0.218229
0.213229
0.210104
0.208437
0.204236
0.198785
0.197431
0.20816
0.215208
0.215243
0.233958
0.239931
0.241007
0.246076
0.249931
0.252292
0.246667
0.241806
0.255312
0.249028
0.247396
0.237813
0.237222
0.233681
0.232431
0.237847
0.237014
0.239653
0.246076
0.253472
0.251076
0.261493
0.268056
0.264062
0.268264
0.273681
0.280139
0.286979
0.293681
0.296146
0.305937
0.3175
0.316736
0.321042
0.318958
0.315833
0.322708
0.317222
0.316771
0.323056
0.315556
0.317014
0.315139
0.308333
0.307951
0.30684
0.305764
0.305937
0.298958
0.295312
0.289236
0.289757
0.28566
0.281111
0.280313
0.272326
0.268229
0.265451
0.265
0.255833
0.245208
0.249549
0.240069
0.234792
0.216146
0.209306
0.200208
0.206354
0.196667
0.192292
0.184688
0.172187
0.170729
0.202083
0.189375
0.19
0.191146
0.186528
0.183438
0.186562
0.180729
0.180833
0.177361
0.18316
0.177083
0.169965
0.163889
0.150625
0.150521
0.146944
0.139931
0.135521
0.129583
0.1225
0.116771
0.113924
0.112292
0.101875
0.0986458
0.0921875
0.0867708
0.0836458
0.0830556
0.08375
0.0821875
0.0797569
0.0786458
0.0755208
0.08375
0.0802083
0.0760417
0.0735417
0.0715625
0.0685764
0.0660417
0.0603125
0.0583333
0.0544792
0.051875
0.0501042
0.0482292
0.0475
0.0454167
0.0441667
0.0421875
0.0398958
0.0382292
0.0376042
0.0357292
0.0340625
0.033125
0.0313542
0.0304167
0.033125
0.0302083
0.0286458
0.0271875
0.0257292
0.0240625
0.0232292
0.0222917
0.0202083
0.0194792
0.0182292
0.0179167
0.0161458
0.0138542
0.0140625
0.0129167
0.0117708
0.0120833
0.0111458
0.0113542
0.0107292
0.01
0.0090625
0.00802083
0.006875
0.00677083
0.00645833
0.00625
0.00666667
0.0059375
0.00541667
0.00458333
0.005
0.00427083
0.00489583
0.0040625
0.0034375
0.0040625
0.00385417
0.00458333
0.00395833
0.00333333
0.003125
0.0034375
0.00375
0.0034375
0.00260417
0.00239583
0.00239583
0.00270833
0.00197917
0.00177083
0.00197917
0.00166667
0.00145833
0.00145833
0.00125
0.00145833
0.00125
0.0009375
0.0009375
0.0009375
0.00114583
0.00104167
0.00114583
0.000729167
0.000729167
0.00104167
0.000625
0.000520833
0.000416667
0.000625
0.00104167
0.000833333
0.000729167
0.000625
0.000625
0.0003125
0.000208333
0.00145833
0.00302083
0.0046875
0.0046875
0.00770833
0.00854167
0.0101042
0.0121875
0.0126042
0.0120833
0.0115625
0.0110417
0.00875
0.00802083
0.00697917
0.0059375
0.00427083
0.004375
0.00635417
0.014375
0.0176042
0.0245833
0.0290625
0.0292708
0.031875
0.0344792
0.0348958
0.0366667
0.0430208
0.0488542
0.0585417
0.0682292
0.0723958
0.0826042
0.0857292
0.0865625
0.0890625
0.0922917
0.09125
0.0942708
0.0991667
0.102292
0.101771
0.0992708
0.0997917
0.103542
0.103333
0.100937
0.0971875
0.095
0.0941667
0.0942708
0.0884375
0.0875
0.0852083
0.0825
0.0844792
0.0860417
0.0830208
0.0811458
0.0828125
0.0801736
0.075625
0.07
0.0619792
0.0569792
0.0509375
0.0451042
0.0430208
0.045625
0.0460417
0.0492708
0.0516667
0.0467708
0.04875
0.0496875
0.0558333
0.0531944
0.0566667
0.0579167
0.0555208
0.0622917
0.0605208
0.0594792
0.06125
0.06375
0.0654167
0.0703125
0.0644792
0.0619792
0.0621875
0.0604167
0.0597917
0.060625
0.0551042
0.0570833
0.0569792
0.0596875
0.0571875
0.0619792
0.0635417
0.0611111
0.0680208
0.0651042
0.0640625
0.0621875
0.0640625
0.0585764
0.0646875
0.06625
0.0588889
0.0567361
0.0541667
0.0456944
0.0391667
0.030625
0.0277083
0.0231944
0.0183333
0.014375
0.011875
0.0102778
0.00954861
0.00989583
0.0111458
0.00979167
0.00708333
0.00524306
0.00583333
0.00427083
0.0065625
0.00447917
0.0053125
0.00458333
0.00583333
0.00614583
0.0065625
0.0078125
0.00697917
0.00895833
0.008125
0.0105208
0.0102083
0.00947917
0.00989583
0.0108333
0.0119792
0.0167708
0.0225
0.0238542
0.0344792
0.0435417
0.0515625
0.0686458
0.0802431
0.0877083
0.0983333
0.110417
0.121042
0.133437
0.152292
0.160521
0.174028
0.189167
0.194688
0.212083
0.229375
0.234479
0.250625
0.267188
0.272083
0.2925
0.306979
0.307812
0.320625
0.325313
0.32625
0.331771
0.331771
0.324271
0.320937
0.314583
0.305521
0.300312
0.299792
0.296319
0.295104
0.276875
0.27125
0.268021
0.251771
0.253368
0.246042
0.240937
0.239271
0.236563
0.230208
0.226042
0.221771
0.217083
0.213854
0.208958
0.201215
0.200833
0.1875
0.181875
0.172292
0.154688
0.142187
0.136458
0.117708
0.105382
0.0965625
0.0828125
0.0702083
0.0661458
0.0536806
0.0417708
0.0378125
0.0271181
0.0193056
0.0178125
0.011875
0.00708333
0.00388889
0
0
0
0
0
0
0.00114583
0.00229167
0.00291667
0.00364583
0.00447917
0.00447917
0.00197917
0.000520833
0
0
0
0
0
0
0
0
0
0
0
0
0
0
0
0
0
0
0
0
0
0
0
0
0
0
0
0
0
0
0
0
0
0
0
0
0
0
0
0
0
0
0
0
0
0
0
0
0
0
0
0
0
0
0
0
0
0
0
0
0
0
0
0
0
0
0
0
0
0
0
0
0
0
0
0
0
0
0
0
0
0
0
0
0
0
0
0
0
0
0
0
0
0
0
0
0
0
0
0
0
0
0
0
0
0
0
0
0
0
0
0
0
0
0
0
0
0
0
0
0.0028125
0.00625
0.0133333
0.0216667
0.0254167
0.0326042
0.0369792
0.04
0.0440625
0.04625
0.0466667
0.0484375
0.0510417
0.0514583
0.0529167
0.0519792
0.05375
0.0527083
0.0529167
0.0520833
0.0540625
0.0566667
0.0570833
0.0573958
0.0580208
0.0561458
0.0594792
0.0607292
0.0626042
0.061875
0.0648958
0.0666667
0.0720833
0.085
0.0879167
0.0978125
0.11
0.114479
0.123125
0.13625
0.136042
0.146771
0.148021
0.150938
0.156875
0.166146
0.166771
0.170313
0.176458
0.175104
0.182396
0.181354
0.18125
0.181458
0.186146
0.188542
0.189688
0.193333
0.190729
0.189792
0.191458
0.186979
0.191875
0.185729
0.185104
0.182604
0.18125
0.179896
0.178229
0.177187
0.174479
0.173646
0.176458
0.177917
0.181771
0.187292
0.188854
0.188333
0.192083
0.193333
0.192708
0.190938
0.190417
0.192917
0.195417
0.193854
0.195833
0.201146
0.199792
0.202292
0.201667
0.199167
0.2025
0.203021
0.203125
0.207187
0.2125
0.215104
0.221562
0.23
0.233125
0.238958
0.243958
0.248229
0.257396
0.253021
0.253125
0.257083
0.257083
0.256979
0.24875
0.250833
0.253958
0.250833
0.249375
0.250729
0.247917
0.248229
0.250625
0.253229
0.253542
0.253854
0.253333
0.253646
0.250312
0.245
0.245833
0.243333
0.246146
0.253854
0.254896
0.261354
0.269271
0.269792
0.279479
0.282604
0.281562
0.290833
0.289271
0.286562
0.286875
0.289375
0.2875
0.284062
0.281979
0.279792
0.278021
0.273542
0.269688
0.265625
0.264271
0.265313
0.261979
0.257812
0.254896
0.254271
0.256771
0.255208
0.254063
0.256042
0.255833
0.26
0.275625
0.274167
0.276979
0.282917
0.283646
0.289375
0.288229
0.289375
0.29
0.289062
0.287187
0.287187
0.294792
0.29875
0.304583
0.312917
0.316042
0.325313
0.332188
0.336354
0.344236
0.34875
0.3525
0.360417
0.363854
0.38
0.383437
0.387917
0.388021
0.388646
0.392917
0.390313
0.392917
0.39375
0.393437
0.394479
0.392813
0.391771
0.390521
0.389271
0.386771
0.385521
0.384896
0.382708
0.380833
0.378125
0.375521
0.371875
0.369688
0.36625
0.376875
0.36875
0.36559
0.365
0.360938
0.355312
0.355208
0.354167
0.351771
0.354167
0.356354
0.356667
0.363229
0.368646
0.367569
0.37625
0.377083
0.382083
0.388958
0.392083
0.393437
0.398229
0.4
0.404375
0.40875
0.436875
0.433854
0.439479
0.440729
0.437083
0.440729
0.437708
0.435625
0.441042
0.444167
0.441875
0.439583
0.442917
0.442188
0.446771
0.448646
0.444896
0.442292
0.440312
0.435625
0.439063
0.430312
0.426875
0.425833
0.422083
0.463194
0.451875
0.449062
0.443125
0.442604
0.441667
0.4375
0.437743
0.442743
0.439444
0.442778
0.447292
0.44316
0.443993
0.448368
0.447222
0.450868
0.451181
0.452292
0.453229
0.455937
0.456771
0.457917
0.459167
0.458333
0.486146
0.475625
0.472292
0.469896
0.468333
0.465625
0.463542
0.461875
0.455521
0.450729
0.451146
0.443646
0.444375
0.441354
0.441042
0.438125
0.433437
0.43125
0.424687
0.425764
0.423472
0.423889
0.423576
0.420764
0.421597
0.444063
0.436944
0.434479
0.432847
0.430764
0.428264
0.424201
0.421701
0.418889
0.419826
0.414931
0.419826
0.42191
0.417187
0.415312
0.417917
0.415938
0.420833
0.420938
0.416563
0.416354
0.413229
0.41125
0.408438
0.408854
0.44691
0.436285
0.430868
0.423472
0.416701
0.410868
0.406354
0.399687
0.399583
0.395417
0.392847
0.38566
0.380243
0.378576
0.375521
0.371979
0.372188
0.368333
0.367292
0.363854
0.360312
0.357187
0.355833
0.355521
0.353854
0.385937
0.37375
0.36809
0.363507
0.360069
0.356007
0.354063
0.350729
0.347604
0.345243
0.340833
0.334167
0.333958
0.333854
0.330104
0.329375
0.33
0.328958
0.32625
0.321146
0.31941
0.317118
0.312292
0.311875
0.309931
0.37125
0.357187
0.351562
0.347083
0.339792
0.337917
0.335799
0.329375
0.325833
0.323646
0.320312
0.319688
0.315625
0.311979
0.307604
0.304167
0.300243
0.296806
0.293472
0.289792
0.286458
0.286667
0.280104
0.277813
0.274896
0.305208
0.292917
0.287813
0.279687
0.277708
0.273229
0.267188
0.261979
0.258542
0.253854
0.250208
0.246562
0.2425
0.240104
0.240208
0.236146
0.234167
0.234896
0.230104
0.229687
0.225833
0.219688
0.217188
0.215625
0.214062
0.229792
0.2175
0.212396
0.210833
0.204479
0.199792
0.199375
0.196771
0.192396
0.191458
0.188333
0.185417
0.183958
0.18125
0.180521
0.179375
0.179792
0.178229
0.177292
0.174479
0.174063
0.171042
0.17
0.167917
0.166771
0.237014
0.220139
0.214097
0.206667
0.201146
0.195521
0.190451
0.186701
0.182222
0.178993
0.174167
0.170937
0.168021
0.163958
0.161667
0.157604
0.153229
0.149479
