0.1125
0.109583
0.10625
0.111562
0.120729
0.128229
0.133021
0.141667
0.140729
0.151042
0.152917
0.153021
0.154792
0.157083
0.154479
0.158646
0.160312
0.157917
0.159062
0.164583
0.166458
0.1675
0.173542
0.171458
0.173854
0.174375
0.175625
0.179479
0.181875
0.179583
0.185729
0.186562
0.188021
0.187292
0.190625
0.190521
0.191562
0.193229
0.195937
0.195625
0.197813
0.196354
0.198437
0.199375
0.195799
0.2025
0.202187
0.204792
0.204479
0.203229
0.205208
0.202917
0.209167
0.209896
0.213229
0.215938
0.218333
0.221597
0.224479
0.225938
0.226667
0.230833
0.231771
0.230521
0.228437
0.226146
0.225833
0.225
0.227396
0.223542
0.222604
0.222604
0.221354
0.223229
0.221146
0.223438
0.224583
0.224896
0.2275
0.226771
0.228437
0.234687
0.238958
0.241667
0.250208
0.261562
0.267292
0.276771
0.283889
0.289861
0.291042
0.289375
0.295208
0.30309
0.306771
0.307604
0.311042
0.314375
0.31625
0.313854
0.311563
0.312083
0.305521
0.305312
0.305104
0.306458
0.303333
0.297396
0.302083
0.312292
0.309167
0.320521
0.325104
0.325486
0.327535
0.330729
0.327813
0.333542
0.333437
0.34625
0.344271
0.343125
0.345938
0.346562
0.342187
0.338646
0.339792
0.339062
0.341667
0.346042
0.345625
0.346042
0.347604
0.348125
0.351667
0.354687
0.358229
0.361354
0.368542
0.364375
0.364896
0.365312
0.364583
0.364896
0.359479
0.355521
0.355938
0.355625
0.355208
0.356979
0.357465
0.355174
0.354444
0.35434
0.354444
0.350174
0.345
0.341979
0.34125
0.3375
0.338958
0.34066
0.337187
0.336875
0.333646
0.332292
0.336771
0.329896
0.324167
0.322292
0.328333
0.323958
0.321458
0.324583
0.323889
0.320521
0.319167
0.317396
0.319375
0.318021
0.319167
0.315417
0.313646
0.315417
0.313021
0.309583
0.308854
0.308542
0.310521
0.311875
0.310104
0.308229
0.307812
0.307431
0.310729
0.307604
0.306076
0.301493
0.300868
0.303021
0.303021
0.302604
0.3025
0.300312
0.301667
0.302187
0.3025
0.302083
0.304583
0.304826
0.304271
0.304479
0.305625
0.305312
0.304792
0.303854
0.301771
0.302604
0.303854
0.304583
0.303021
0.305208
0.305104
0.307292
0.307188
0.307188
0.306458
0.305833
0.305625
0.307188
0.308125
0.308333
0.310417
0.307708
0.308021
0.307708
0.306354
0.305729
0.303958
0.309063
0.30625
0.307396
0.307708
0.308021
0.305417
0.30625
0.305
0.311354
0.311354
0.311875
0.308958
0.306875
0.307188
0.308958
0.308229
0.305937
0.305833
0.305312
0.306667
0.308333
0.307326
0.310312
0.31125
0.311146
0.310417
0.308437
0.307812
0.309479
0.309583
0.305833
0.305868
0.306563
0.306458
0.306146
0.306563
0.306563
0.304722
0.309931
0.30875
0.313437
0.316771
0.319063
0.3225
0.326667
0.327708
0.331146
0.339271
0.339583
0.340833
0.339687
0.340313
0.339167
0.3375
0.337187
0.335729
0.335208
0.3325
0.331771
0.328021
0.325937
0.322292
0.319167
0.318437
0.315833
0.316181
0.314792
0.317188
0.313229
0.309375
0.311771
0.314271
0.316146
0.317812
0.3175
0.316146
0.31375
0.312812
0.313125
0.311146
0.31125
0.308125
0.309375
0.307292
0.308125
0.306667
0.305208
0.30559
0.306389
0.30625
0.307708
0.309063
0.309792
0.309583
0.309688
0.309375
0.309271
0.309167
0.310069
0.308403
0.308715
0.308646
0.308993
0.311979
0.314271
0.315521
0.319271
0.316458
0.32059
0.321458
0.321771
0.318854
0.320417
0.319167
0.31875
0.318437
0.318854
0.319375
0.3175
0.316215
0.316667
0.316979
0.317604
0.317292
0.319896
0.321562
0.321562
0.320625
0.319375
0.318958
0.31875
0.319896
0.323437
0.321354
0.320937
0.320625
0.316563
0.317188
0.316563
0.315417
0.312812
0.312188
0.312917
0.3125
0.314375
0.318229
0.321667
0.32375
0.326458
0.326042
0.328542
0.331458
0.334549
0.332708
0.332292
0.343958
0.343125
0.341354
0.341771
0.342604
0.340313
0.342917
0.341042
0.345104
0.350521
0.351562
0.354479
0.360729
0.365417
0.371458
0.382188
0.386042
0.395729
0.402187
0.404271
0.408958
0.414792
0.414062
0.414479
0.421563
0.42625
0.4275
0.433958
0.428333
0.436667
0.44875
0.450521
0.458125
0.463681
0.465799
0.473507
0.481563
0.486771
0.493854
0.501042
0.504062
0.509479
0.513958
0.513542
0.51375
0.513125
0.516667
0.521667
0.519132
0.519479
0.514062
0.518368
0.515417
0.517431
0.512951
0.512604
0.516563
0.518333
0.515312
0.518958
0.522396
0.526076
0.538958
0.545
0.54375
0.546875
0.553542
0.55625
0.552188
0.558333
0.562604
0.561667
0.561562
0.562431
0.559688
0.571458
0.575104
0.574271
0.572187
0.57066
0.570104
0.572917
0.5725
0.572396
0.575313
0.570937
0.575313
0.577187
0.576458
0.579375
0.57875
0.577708
0.578333
0.577187
0.5775
0.579688
0.579688
0.580313
0.583021
0.580521
0.5825
0.580937
0.585417
0.580417
0.5775
0.582083
0.587187
0.591979
0.597083
0.596458
0.606042
0.607708
0.611979
0.614896
0.625104
0.627604
0.630208
0.632604
0.634062
0.643229
0.6425
0.646979
0.648646
0.644687
0.648646
0.645312
0.652917
0.651146
0.651632
0.649132
0.649479
0.647917
0.650833
0.650104
0.654167
0.652917
0.654271
0.650521
0.650417
0.649271
0.651146
0.655521
0.653194
0.650486
0.652083
0.651736
0.655104
0.656771
0.656042
0.652396
0.639687
0.641875
0.641146
0.638958
0.637813
0.641146
0.64125
0.640833
0.639896
0.638854
0.638229
0.640312
0.640625
0.641042
0.639896
0.640104
0.64125
0.641146
0.640729
0.638646
0.635521
0.634167
0.627188
0.630729
0.631458
0.629687
0.629687
0.633646
0.635833
0.638229
0.640417
0.643542
0.641875
0.646285
0.647743
0.649375
0.651667
0.654896
0.658125
0.657951
0.658819
0.658646
0.661875
0.664167
0.666042
0.666146
0.667813
0.668542
0.668229
0.671562
0.673333
0.675729
0.676354
0.68
0.683299
0.688854
0.693542
0.696146
0.702083
0.701979
0.70625
0.707986
0.713437
0.717396
0.714688
0.719965
0.722708
0.723333
0.726562
0.729271
0.730625
0.732187
0.735208
0.73625
0.736875
0.746563
0.748333
0.748507
0.750694
0.750208
0.751563
0.751875
0.752188
0.751875
0.752708
0.75309
0.754687
0.75809
0.758958
0.756771
0.758229
0.758437
0.75875
0.758437
0.75875
0.758333
0.756667
0.757812
0.757188
0.756458
0.764896
0.764896
0.761979
0.762083
0.763021
0.771563
0.77441
0.773056
0.772813
0.775
0.769687
0.769792
0.769896
0.770938
0.770625
0.772604
0.773125
0.773542
0.776354
0.776563
0.776354
0.776042
0.775208
0.776042
0.776354
0.775521
0.775104
0.775625
0.775521
0.775312
0.774375
0.774687
0.778438
0.778125
0.778646
0.775556
0.774167
0.778299
0.7775
0.778333
0.779896
0.777292
0.780937
0.779826
0.780139
0.780417
0.778542
0.777917
0.777708
0.777604
0.775625
0.776042
0.77875
0.777292
0.776875
0.776042
0.7775
0.776979
0.777396
0.778438
0.778021
0.777292
0.778125
0.779167
0.781354
0.780104
0.779687
0.779792
0.779896
0.780729
0.779375
0.780104
0.780208
0.781076
0.780521
0.780799
0.783542
0.783542
0.78375
0.784479
0.785208
0.784167
0.785729
0.785104
0.785625
0.785312
0.785625
0.787083
0.786875
0.78559
0.785035
0.78316
0.782951
0.783785
0.783681
0.783646
0.783438
0.783229
0.784479
0.784375
0.785208
0.784896
0.78625
0.782569
0.784062
0.784375
0.785243
0.783438
0.782708
0.782396
0.782292
0.7825
0.78125
0.780937
0.780625
0.78066
0.783333
0.783333
0.783958
0.784062
0.78375
0.784375
0.783438
0.782917
0.782604
0.783542
0.784271
0.784167
0.782257
0.782674
0.783194
0.778958
0.779583
0.779896
0.779792
0.779792
0.781667
0.782292
0.783125
0.782292
0.782292
0.782396
0.779479
0.778854
0.778021
0.78
0.784479
0.785833
0.790625
0.791042
0.793333
0.792882
0.795729
0.795417
0.798854
0.800556
0.800868
0.802813
0.805972
0.806458
0.805937
0.805208
0.804583
0.804479
0.803542
0.806979
0.807708
0.809479
0.810035
0.809375
0.808333
0.809063
0.808229
0.806875
0.806562
0.805
0.807292
0.808229
0.80934
0.808854
0.809792
0.81
0.811667
0.812083
0.8125
0.812187
0.812292
0.812083
0.811771
0.811667
0.811875
0.811042
0.810937
0.810208
0.811771
0.811146
0.810104
0.810312
0.809583
0.809896
0.805625
0.806562
0.804792
0.805521
0.805
0.804688
0.803854
0.80375
0.803438
0.802917
0.802917
0.803021
0.802604
0.803542
0.803125
0.803646
0.802188
0.802083
0.802188
0.802813
0.805382
0.802917
0.803542
0.802813
0.802708
0.8025
0.802014
0.803125
0.804479
0.804583
0.805104
0.805
0.803021
0.805
0.805
0.803438
0.804063
0.803229
0.804167
0.802396
0.801562
0.8025
0.803021
0.802396
0.802813
0.80125
0.801146
0.801042
0.802813
0.802396
0.802708
0.80309
0.802882
0.80309
0.802604
0.802604
0.803646
0.805
0.804271
0.803542
0.803958
0.802083
0.800312
0.801562
0.800104
0.800937
0.801771
0.8
0.8
0.801354
0.799687
0.8
0.799583
0.799792
0.796562
0.794479
0.795833
0.794167
0.794375
0.793333
0.794687
0.794167
0.794271
0.796875
0.7975
0.79625
0.795937
0.797708
0.797917
0.798507
0.802396
0.802292
0.804271
0.802083
0.802813
0.804063
0.805417
0.804444
0.805625
0.805729
0.806146
0.807083
0.808125
0.8075
0.807708
0.8075
0.807604
0.808542
0.809167
0.809167
0.808021
0.807917
0.808229
0.807187
0.807813
0.807917
0.805625
0.805833
0.805833
0.805729
0.806667
0.805833
0.806458
0.808542
0.807396
0.80875
0.808646
0.80875
0.809271
0.811042
0.810312
0.810729
0.809271
0.809271
0.808854
0.813646
0.810729
0.813854
0.812361
0.812049
0.815694
0.814965
0.813819
0.814028
0.812674
0.813819
0.810069
0.810382
0.809861
0.809757
0.809653
0.809653
0.80934
0.810278
0.810486
0.810278
0.809028
0.808715
0.808715
0.808715
0.811042
0.811007
0.811354
0.810312
0.810208
0.80875
0.803125
0.802292
0.805208
0.805729
0.806875
0.806354
0.805521
0.804583
0.80625
0.806042
0.803438
0.803646
0.803854
0.802917
0.8025
0.803542
0.80375
0.803854
0.803958
0.804167
0.802917
0.801771
0.802813
0.802708
0.8025
0.803854
0.803438
0.803438
0.803958
0.801562
0.800417
0.800208
0.801354
0.801354
0.802083
0.801562
0.801458
0.801667
0.802292
0.801146
0.802604
0.801042
0.801771
0.802396
0.802604
0.802083
0.801875
0.801458
0.801458
0.801771
0.802396
0.801875
0.801042
0.801771
0.800208
0.800521
0.8025
0.801667
0.8025
0.802743
0.802813
0.803438
0.803542
0.802708
0.803021
0.802917
0.801771
0.801979
0.8025
0.802396
0.8025
0.8025
0.802917
0.801979
0.803021
0.797813
0.795521
0.794271
0.796458
0.797396
0.799896
0.800625
0.800208
0.800937
0.801979
0.801667
0.801042
0.802118
0.80316
0.803229
0.803021
0.803021
0.803368
0.803646
0.804167
0.803542
0.806042
0.807292
0.807396
0.807708
0.803438
0.80375
0.803125
0.804688
0.803958
0.803333
0.802292
0.799063
0.798125
0.800937
0.797708
0.79875
0.798542
0.799792
0.798542
0.799687
0.801458
0.798125
0.801562
0.803229
0.801979
0.80375
0.805
0.806354
0.804375
0.80125
0.801875
0.799896
0.800625
0.801354
0.802604
0.804583
0.803229
0.804479
0.806354
0.808021
0.803333
0.804896
0.801771
0.803438
0.802708
0.800312
0.800312
0.800937
0.800208
0.801042
0.803021
0.8025
0.803958
0.803438
0.799687
0.798854
0.801354
0.799583
0.7975
0.799271
0.795937
0.794479
0.793854
0.795833
0.794687
0.794063
0.795312
0.794896
0.795417
0.795208
0.796562
0.799271
0.798229
0.801042
0.799896
0.800833
0.798021
0.798229
0.800208
0.801042
0.801458
0.803229
0.801458
0.802708
0.803958
0.805729
0.805521
0.805833
0.806146
0.805937
0.805729
0.806042
0.805312
0.804896
0.80375
0.805833
0.805625
0.806146
0.806354
0.805729
0.80625
0.806562
0.807187
0.807083
0.802604
0.803646
0.803403
0.803819
0.805382
0.805903
0.806424
0.806528
0.806944
0.805764
0.80559
0.804028
0.802569
0.803438
0.803229
0.804583
0.806667
0.80559
0.80559
0.806736
0.807882
0.807153
0.806111
0.807396
0.8075
0.813646
0.811667
0.811771
0.812917
0.813438
0.813958
0.814583
0.814583
0.813021
0.813854
0.814583
0.813125
0.814375
0.813438
0.813646
0.815417
0.813507
0.812813
0.813438
0.812396
0.815521
0.816458
0.817396
0.815521
0.815937
0.812604
0.813854
0.812813
0.814271
0.813333
0.813542
0.81375
0.811458
0.812708
0.814375
0.814479
0.814583
0.815729
0.815312
0.816667
0.816875
0.816562
0.816389
0.814479
0.813021
0.812187
0.813229
0.812083
0.811562
0.811146
0.81625
0.814479
0.819479
0.817292
0.817813
0.819688
0.819271
0.820312
0.820312
0.819896
0.819375
0.82
0.819792
0.820104
0.819896
0.819479
0.818333
0.819688
0.820417
0.820208
0.819792
0.820208
0.819583
0.819792
0.819271
0.8075
0.808438
0.806771
0.806354
0.805521
0.804688
0.804479
0.809375
0.807396
0.80875
0.808646
0.806458
0.807083
0.806354
0.806042
0.807396
0.805521
0.803229
0.801979
0.805937
0.802813
0.804688
0.804792
0.805
0.805
0.803194
0.803229
0.804479
0.804375
0.805312
0.807813
0.808333
0.806458
0.807083
0.806771
0.807604
0.806979
0.808542
0.808333
0.808021
0.808958
0.810521
0.812778
0.811146
0.811146
0.809167
0.810625
0.808333
0.807396
0.80684
0.808021
0.809167
0.811458
0.809688
0.808542
0.808333
0.807361
0.806667
0.80625
0.806562
0.807187
0.809063
0.809479
0.810312
0.809167
0.810729
0.809063
0.810521
0.810833
0.809688
0.807396
0.806667
0.807604
0.806458
0.807187
0.801875
0.802361
0.802153
0.80309
0.803646
0.802396
0.801458
0.800208
0.801146
0.797917
0.799792
0.798333
0.800833
0.800312
0.800729
0.800625
0.801736
0.80309
0.802188
0.801632
0.802396
0.799583
0.801076
0.799931
0.800208
0.801042
0.801979
0.799479
0.800625
0.802083
0.802708
0.801875
0.802813
0.804896
0.803021
0.804167
0.805937
0.806528
0.807882
0.809896
0.812222
0.814688
0.815625
0.817187
0.820521
0.819757
0.823229
0.822396
0.825729
0.827917
0.826979
0.83125
0.832326
0.833576
0.837535
0.840625
0.841667
0.845938
0.849757
0.850069
0.85184
0.857396
0.858125
0.862292
0.865764
0.868437
0.872986
0.874062
0.873646
0.876979
0.878819
0.878021
0.881146
0.881667
0.880938
0.880451
0.881354
0.882882
0.882674
0.879549
0.878125
0.87375
0.871146
0.873229
0.872292
0.87
0.869167
0.873021
0.875313
0.875694
0.868021
0.866354
0.864097
0.865
0.860521
0.867292
0.86059
0.855417
0.859444
0.864375
0.860486
0.86375
0.866354
0.866771
0.867396
0.87125
0.8725
0.871563
0.869167
0.866979
0.866875
0.871424
0.868958
0.866528
0.865521
0.861528
0.864688
0.858924
0.858958
0.858021
0.860521
0.866354
0.863958
0.865556
0.8625
0.861806
0.859549
0.86875
0.865417
0.861979
0.849688
0.849549
0.852882
0.855313
0.854271
0.851979
0.831319
0.829063
0.824861
0.817049
0.811979
0.814271
0.814063
0.811562
0.810208
0.808611
0.806979
0.804965
0.797847
0.792118
0.795417
0.788646
0.791076
0.789653
0.788021
0.785625
0.777639
0.778993
0.78066
0.77875
0.782188
0.780312
0.785382
0.782465
0.774861
0.776042
0.775
0.765764
0.767778
0.758889
0.765312
0.759375
0.764132
0.760069
0.773854
0.761458
0.763437
0.766944
0.770312
0.763646
0.766667
0.767292
0.764896
0.768229
0.776458
0.777917
0.7875
0.781771
0.783333
0.783021
0.785417
0.778542
0.778819
0.782569
0.776424
0.779375
0.781042
0.773993
0.773542
0.773125
0.775625
0.771042
0.766875
0.760938
0.763958
0.762396
0.763194
0.767813
0.759167
0.758958
0.762743
0.764167
0.772292
0.767083
0.774757
0.772083
0.766771
0.764375
0.765625
0.777083
0.786597
0.786354
0.785451
0.781042
0.774687
0.777917
0.774062
0.774132
0.771215
0.773438
0.766979
0.765104
0.763125
0.76125
0.760278
0.755208
0.752917
0.755208
0.752188
0.745938
0.744687
0.741458
0.74375
0.74875
0.749861
0.747014
0.756285
0.752396
0.750521
0.753437
0.755694
0.747951
0.740556
0.732847
0.730556
0.717396
0.706458
0.695729
0.687813
0.681042
0.680625
0.677292
0.683021
0.679792
0.675417
0.68066
0.677083
0.677396
0.68434
0.688229
0.680729
0.681042
0.689514
0.683229
0.686389
0.680972
0.688125
0.705139
0.699931
0.697951
0.68559
0.687396
0.688681
0.683854
0.68625
0.683333
0.677917
0.683021
0.693333
0.700417
0.701771
0.702917
0.705799
0.699896
0.714583
0.736389
0.733958
0.739479
0.748229
0.731042
0.72625
0.728646
0.726042
0.72875
0.724792
0.73309
0.733611
0.733542
0.733333
0.732361
0.732674
0.728924
0.728715
0.723472
0.725625
0.72809
0.720938
0.718681
0.72191
0.723576
0.721146
0.721042
0.725313
0.722292
0.703229
0.698958
0.699688
0.696667
0.691806
0.680729
0.681667
0.687882
0.691979
0.69691
0.698056
0.692604
0.678194
0.665069
0.654861
0.651146
0.648542
0.644375
0.640104
0.640069
0.639896
0.636701
0.636771
0.640938
0.649757
0.650729
0.662292
0.655243
0.669687
0.660694
0.664965
0.694271
0.684306
0.678125
0.713021
0.702187
0.701979
0.69875
0.746458
0.741042
0.746597
0.737604
0.740382
0.754167
0.746875
0.746285
0.755174
0.753368
0.753125
0.752917
0.749896
0.748229
0.74875
0.742153
0.740972
0.738333
0.731146
0.725313
0.724931
0.71691
0.718333
0.722812
0.709479
0.702812
0.706424
0.701042
0.688438
0.681458
0.668125
0.674583
0.671458
0.664201
0.672431
0.666285
0.662431
0.657431
0.661215
0.658507
0.65
0.651319
0.644375
0.646979
0.636667
0.628958
0.621563
0.613646
0.60625
0.607396
0.599479
0.593264
0.594167
0.586319
0.578125
0.574792
0.566042
0.56
0.555937
0.570833
0.568264
0.584201
0.5825
0.586181
0.579375
0.575417
0.569271
0.571875
0.569063
0.558438
0.555
0.546562
0.540451
0.541771
0.538542
0.534201
0.529167
0.524792
0.520208
0.520104
0.512708
0.510417
0.513021
0.507188
0.499826
0.495868
0.493681
0.489306
0.499792
0.492396
0.481736
0.483819
0.468924
0.460799
0.445937
0.439271
0.435729
0.438576
0.434063
0.425417
0.420312
0.411632
0.403125
0.400764
0.394688
0.38125
0.37934
0.37375
0.371875
0.36691
0.372708
0.36809
0.378437
0.378854
0.365417
0.369271
0.362326
0.354063
0.361285
0.353229
0.353646
0.358438
0.361007
0.357951
0.36
0.358299
0.354687
0.35059
0.347847
0.347882
0.363542
0.364965
0.36625
0.376979
0.391632
0.401771
0.411875
0.425
0.43875
0.448646
0.459479
0.458333
0.474167
0.47559
0.477187
0.49184
0.501389
0.500243
0.49875
0.500833
0.497882
0.505243
0.501771
0.48934
0.5
0.514549
0.523021
0.53625
0.533333
0.526979
0.518924
0.513021
0.507188
0.495104
0.484687
0.479931
0.476875
0.480799
0.482917
0.478299
0.477326
0.471701
0.475729
0.460625
0.460938
0.441319
0.43375
0.421701
0.424271
0.417882
0.41434
0.409583
0.393437
0.383229
0.388229
0.362917
0.365833
0.365694
0.355625
0.350035
0.349792
0.345486
0.336771
0.339583
0.326875
0.325521
0.320625
0.315
0.317361
0.294479
0.281215
0.268333
0.257396
0.240208
0.240937
0.220938
0.21625
0.208542
0.196076
0.189236
0.186181
0.178993
0.171389
0.169306
0.158854
0.149375
0.142813
0.134583
0.127431
0.122569
0.119375
0.11316
0.110729
0.105625
0.101562
0.0998958
0.0948958
0.09625
0.0928125
0.0936458
0.0947917
0.0922917
0.0929167
0.0913889
0.088125
0.0858333
0.0847917
0.0844792
0.0947917
0.0916667
0.0897917
0.0883333
0.0860417
0.0854167
0.0854167
0.0828125
0.0802083
0.079375
0.0788542
0.0776042
0.0752083
0.0733333
0.0705208
0.0729167
0.08375
0.0908333
0.10809
0.13
0.14
0.160625
0.177708
0.191042
0.211771
0.238056
0.241563
0.261146
0.278438
0.288333
0.309792
0.335729
0.346354
0.365625
0.387917
0.395937
0.407187
0.420104
0.426875
0.447604
0.449583
0.450417
0.452917
0.445208
0.439375
0.433854
0.418333
0.411354
0.407118
0.393958
0.384479
0.368542
0.373299
0.360104
0.368576
0.367396
0.352083
0.346562
0.343958
0.337153
0.3225
0.317188
0.309479
0.294375
0.286875
0.270278
0.27
0.261562
0.255208
0.247604
0.233854
0.233333
0.215625
0.201424
0.18875
0.166354
0.162257
0.155694
0.146458
0.135521
0.131146
0.129444
0.128438
0.119861
0.107569
0.104063
0.100417
0.0880208
0.08
0.0758333
0.0672917
0.0589583
0.0567708
0.0495833
0.0521875
0.0516667
0.0503125
0.0491667
0.05125
0.0473264
0.0517708
0.0502083
0.0465625
0.0426042
0.0422917
0.0397917
0.0397917
0.0385417
0.0407292
0.0427083
0.0428125
0.0417708
0.045
0.0473958
0.0514583
0.0599653
0.0635417
0.07375
0.0870833
0.09125
0.101146
0.112187
0.118646
0.130938
0.147257
0.156944
0.176042
0.184792
0.192292
0.207917
0.221042
0.229271
0.243854
0.264722
0.271806
0.288333
0.304167
0.312604
0.33
0.337187
0.354861
0.369167
0.383854
0.393542
0.41
0.413646
0.414722
0.419479
0.420799
0.416979
0.417083
0.419097
0.415035
0.418368
0.409896
0.40875
0.406701
0.401285
0.403611
0.3925
0.382917
0.377917
0.367292
0.366563
0.366771
0.365833
0.350938
0.351215
0.3575
0.358646
0.361146
0.357674
0.360903
0.364271
0.360903
0.360799
0.360104
0.35184
0.34625
0.344062
0.341771
0.325521
0.326181
0.319306
0.313507
0.309271
0.292917
0.292083
0.289028
0.2775
0.259792
0.259167
0.244167
0.219514
0.211146
0.201563
0.189792
0.184479
0.171979
0.159896
0.149792
0.137083
0.130799
0.127812
0.123021
0.112292
0.101667
0.0897917
0.0844444
0.0817708
0.0735417
0.06625
0.0605208
0.0577083
0.0514931
0.0520139
0.049375
0.0465625
0.0436458
0.0386458
0.0384375
0.0363542
0.0359375
0.0275
0.0253125
0.0227083
0.0259375
0.0260417
0.0263542
0.0277083
0.0227083
0.0223958
0.0211458
0.0198958
0.020625
0.0207292
0.021875
0.0238542
0.02375
0.024375
0.0233333
0.0235417
0.0242708
0.0242708
0.0248958
0.0257292
0.0251042
0.0234375
0.023125
0.0215625
0.025625
0.0226042
0.0247917
0.0257292
0.0255208
0.0219792
0.0211458
0.0215625
0.0217708
0.023125
0.021875
0.0222917
0.0208333
0.0207292
0.0235417
0.0209375
0.0221875
0.0257292
0.0278125
0.0285417
0.0257292
0.025
0.024375
0.0289583
0.0294792
0.035625
0.0358333
0.0303125
0.0338542
0.0364583
0.0378125
0.0377083
0.0492708
0.0607292
0.0642708
0.0708333
0.0811458
0.0889583
0.0958333
0.109132
0.110833
0.112812
0.113437
0.114479
0.11684
0.121806
0.121076
0.126771
0.122188
0.126354
0.14125
0.138437
0.139687
0.144792
0.146458
0.150208
0.152257
0.158438
0.156458
0.1575
0.165
0.167083
0.163646
0.164375
0.172917
0.175382
0.186458
0.189792
0.182188
0.189167
0.19441
0.187153
0.177118
0.175174
0.167361
0.163299
0.162882
0.157049
0.155382
0.154201
0.139722
0.130382
0.12684
0.123299
0.125799
0.123819
0.123229
0.120313
0.1175
0.116562
0.109792
0.109167
0.113542
0.108854
0.108542
0.103229
0.0971875
0.0965625
0.0912153
0.0930208
0.0848958
0.0764583
0.0810417
0.0847917
0.08125
0.0753125
0.0734028
0.066875
0.0634375
0.0588542
0.0521875
0.0464583
0.0498958
0.0487153
0.0428125
0.0417361
0.041875
0.0403125
0.0441667
0.0432292
0.0398958
0.0372917
0.0410417
0.0388542
0.04
0.046875
0.0445833
0.0498611
0.0503819
0.0475694
0.0511111
0.0551736
0.0561111
0.0592361
0.0567361
0.0535417
0.0570833
0.0545833
0.0540625
0.055
0.0526042
0.0522917
0.0538542
0.0467708
0.0459375
0.0451042
0.0434375
0.0390625
0.0459375
0.0589583
0.07625
0.0804167
0.0969444
0.107604
0.111458
0.117257
0.120521
0.122986
0.124549
0.13184
0.127361
0.128403
0.133958
0.132188
0.133854
0.130312
0.128646
0.123021
0.122083
0.122708
0.128021
0.128854
0.128021
0.133333
0.132153
0.126146
0.11875
0.108229
0.105486
0.0961458
0.0940625
0.0933333
0.0819792
0.075
0.0685417
0.063125
0.0529167
0.05
0.040625
0.0347917
0.0315625
0.02625
0.0194792
0.0210417
0.021875
0.0234375
0.0220833
0.02875
0.0397917
0.0439583
0.0694792
0.080625
0.0859028
0.0878125
0.0858333
0.0860417
0.0843403
0.0851042
0.0847917
0.0877083
0.0878125
0.0886458
0.0867708
0.0909375
0.0933333
0.0952083
0.0963542
0.0961458
0.094375
0.101667
0.1
0.0989583
0.106667
0.109063
0.11184
0.1
0.0961458
0.0915625
0.0867708
0.0807292
0.0730208
0.0678125
0.0686458
0.0611458
0.0575
0.0576042
0.0516667
0.0485417
0.0454167
0.04
0.03625
0.0327083
0.0352083
0.0379167
0.0378125
0.0408333
0.0441667
0.0457292
0.0482292
0.0486458
0.0516667
0.0528125
0.0547917
0.0555208
0.0553125
0.0566667
0.0566319
0.0560069
0.058125
0.0586458
0.0607292
0.0630208
0.0605208
0.0614583
0.0628125
0.0641667
0.0659375
0.068125
0.0665625
0.0641667
0.0629167
0.059375
0.06125
0.0660417
0.0689583
0.0789583
0.085
0.0901736
0.102049
0.110486
0.11434
0.118542
0.117917
0.118333
0.120729
0.120208
0.124063
0.127188
0.128576
0.128681
0.131389
0.139931
0.138472
0.142431
0.141597
0.139063
0.143333
0.146563
0.147917
0.146979
0.149688
0.150833
0.153958
0.159583
0.161667
0.153958
0.16
0.162188
0.166701
0.16434
0.161597
0.160278
0.155938
0.155521
0.141285
0.136076
0.132882
0.123403
0.109271
0.107708
0.101354
0.0860417
0.0823958
0.0752083
0.0646875
0.0645833
0.0578125
0.0486111
0.0442708
0.0365625
0.0294792
0.0286458
0.0247917
0.0252083
0.0252083
0.024375
0.0242014
0.0242014
0.0259722
0.0261806
0.0262847
0.0260417
0.0254167
0.0254167
0.0254167
0.0254167
0.0282292
0.0288542
0.0288542
0.0288542
0.0286458
0.0286458
0.0288542
0.0260417
0.0259375
0.0257292
0.0283333
0.0283333
0.0283333
0.0258333
0.0257292
0.0257292
0.0286458
0.0285417
0.0257292
0.0258333
0.0251042
0.0260417
0.0260417
0.0260417
0.0260417
0.0260417
0.0261458
0.0261458
0.0261458
0.0288542
0.0288542
0.0254167
0.0254167
0.0260417
0.0261458
0.0261458
0.0261458
0.0261458
0.0261458
0.0261458
0.0261458
0.0261458
0.0261458
0.0283333
0.0376042
0.0427083
0.0517708
0.0611458
0.0662847
0.0725
0.0758333
0.0754167
0.0767708
0.0782292
0.0846875
0.0882292
0.098125
0.101771
0.110764
0.120868
0.129688
0.147396
0.16375
0.174063
0.186667
0.201667
0.199271
0.213958
0.231563
0.239063
0.245833
0.260313
0.265208
0.265729
0.271875
0.2775
0.285417
0.287917
0.287708
0.290417
0.288646
0.287917
0.279167
0.280313
0.277396
0.275417
0.271701
0.269306
0.272951
0.266562
0.262674
0.259688
0.262813
0.261181
0.25316
0.260868
0.254132
0.241771
0.232708
0.229167
0.226562
0.225521
0.225938
0.22375
0.211458
0.210208
0.200382
0.188542
0.182396
0.179688
0.170972
0.165
0.157083
0.147708
0.146076
0.133333
0.122569
0.121111
0.10809
0.108785
0.0993056
0.0921875
0.0809028
0.0773611
0.0780903
0.0787153
0.0869444
0.0853819
0.0820486
0.0820486
0.0841319
0.0853125
0.0852083
0.0879167
0.0909375
0.0898958
0.0916667
0.0884375
0.0920833
0.0873958
0.0935417
0.0917361
0.0908333
0.0882292
0.0895833
0.0896875
0.0879167
0.0975347
0.103681
0.114097
0.115
0.120625
0.124688
0.129792
0.134687
0.141563
0.143542
0.144687
0.149688
0.154062
0.152396
0.154896
0.155625
0.155417
0.152222
0.156562
0.154792
0.157708
0.161944
0.161806
0.158993
0.161146
0.163125
0.165937
0.168333
0.167917
0.169896
0.172396
0.169063
0.173021
0.171354
0.178125
0.182188
0.183021
0.184896
0.192083
0.186354
0.190174
0.181736
0.185625
0.187951
0.185625
0.188125
0.190625
0.188646
0.184792
0.189896
0.201042
0.205313
0.204132
0.204549
0.204375
0.209167
0.208542
0.215312
0.213646
0.219271
0.223438
0.215104
0.216771
0.21875
0.22
0.218438
0.212812
0.215729
0.216562
0.207708
0.214896
0.218333
0.216667
0.226458
0.220312
0.221146
0.225833
0.219688
0.225208
0.227083
0.222396
0.225521
0.219896
0.218333
0.223125
0.223021
0.222396
0.218958
0.221042
0.218854
0.216458
0.217292
0.215833
0.217014
0.216771
0.216562
0.21934
0.220903
0.216736
0.219757
0.21691
0.214201
0.216736
0.215035
0.21316
0.212743
0.215035
0.228646
0.229896
0.229583
0.227187
0.225521
0.22875
0.230937
0.226354
0.226562
0.230625
0.228542
0.229167
0.226979
0.230625
0.235625
0.238229
0.239792
0.2475
0.250833
0.253958
0.255937
0.255417
0.255625
0.25
0.251042
0.242292
0.242292
0.239375
0.238958
0.237708
0.232813
0.233958
0.235417
0.234792
0.233229
0.235521
0.231563
0.231146
0.23125
0.231458
0.227708
0.227049
0.226424
0.225382
0.227674
0.23184
0.235243
0.238785
0.242188
0.243125
0.249896
0.246042
0.247153
0.250312
0.250417
0.2525
0.259132
0.257847
0.255451
0.253854
0.247951
0.254549
0.256111
0.256875
0.255833
0.252917
0.254236
0.253924
0.254236
0.252986
0.252708
0.252917
0.254375
0.251042
0.254479
0.263542
0.262049
0.265417
0.263472
0.269271
0.266181
0.271146
0.268646
0.264896
0.265833
0.266667
0.267674
0.269479
0.270521
0.270937
0.268194
0.271736
0.271944
0.265903
0.266007
0.272778
0.271111
0.272257
0.275243
0.274861
0.261215
0.255937
0.255
0.253333
0.251771
0.258854
0.26
0.26816
0.270556
0.276562
0.287917
0.29816
0.307535
0.310972
0.322813
0.323333
0.331458
0.334444
0.33684
0.338819
0.346076
0.349896
0.359271
0.368125
0.374479
0.390729
0.400729
0.404826
0.412847
0.418542
0.426146
0.431354
0.434931
0.437083
0.444097
0.447951
0.450104
0.4575
0.464167
0.462708
0.464167
0.467083
0.468854
0.474062
0.484687
0.487083
0.491563
0.494792
0.495833
0.502326
0.522604
0.525312
0.524549
0.52
0.522708
0.528958
0.536354
0.541736
0.544479
0.549479
0.548958
0.554479
0.567187
0.572812
0.580313
0.582083
0.585833
0.593056
0.604479
0.610451
0.617257
0.618507
0.620903
0.626736
0.632986
0.634028
0.635243
0.635764
0.641493
0.649931
0.659965
0.659549
0.659444
0.663924
0.657882
0.670069
0.684549
0.682257
0.682535
0.693715
0.695139
0.693715
0.693194
0.69434
0.695382
0.689965
0.689757
0.696319
0.69625
0.701771
0.70059
0.717812
0.710972
0.712326
0.701389
0.695035
0.705833
0.705104
0.705104
0.707604
0.710382
0.707847
0.708611
0.703924
0.702465
0.700278
0.697222
0.695451
0.692882
0.694549
0.697361
0.694861
0.700174
0.699236
0.704236
0.709201
0.706111
0.709028
0.712361
0.714549
0.719653
0.724549
0.724826
0.72941
0.730243
0.73441
0.735764
0.746007
0.742257
0.740069
0.73934
0.741007
0.736007
0.731424
0.729028
0.727049
0.732361
0.735069
0.738924
0.749132
0.748819
0.752986
0.758507
0.757778
0.765486
0.769514
0.773299
0.779549
0.784028
0.784653
0.785069
0.78434
0.783819
0.780799
0.778924
0.777361
0.775278
0.776528
0.777257
0.777361
0.77559
0.775278
0.775278
0.770799
0.770278
0.765903
0.763819
0.764132
0.764653
0.763194
0.765174
0.763819
0.766424
0.769653
0.765174
0.763611
0.759687
0.75875
0.752986
0.752604
0.753125
0.751458
0.750208
0.751944
0.758021
0.755521
0.760208
0.758125
0.759549
0.76184
0.764653
0.765069
0.764028
0.763819
0.765278
0.76184
0.760486
0.767778
0.763715
0.765799
0.766319
0.766319
0.769132
0.768715
0.771944
0.771424
0.769444
0.770069
0.768924
0.766632
0.769757
0.768819
0.769965
0.772778
0.77309
0.774236
0.777847
0.779826
0.781215
0.779132
0.776632
0.777361
0.785486
0.778611
0.775903
0.781944
0.778299
0.777778
0.781528
0.778299
0.78059
0.777951
0.776042
0.77559
0.782986
0.779444
0.778611
0.784757
0.780278
0.784028
0.791597
0.793194
0.79059
0.792778
0.792674
0.795312
0.801285
0.800972
0.800972
0.805729
0.800208
0.800625
0.803021
0.803681
0.80441
0.804722
0.804618
0.804201
0.808368
0.803576
0.803993
0.804618
0.805174
0.804965
0.803924
0.80434
0.808403
0.808403
0.806944
0.806111
0.806632
0.806111
0.807465
0.807465
0.807361
0.809653
0.807361
0.806944
0.808819
0.805486
0.806528
0.805694
0.80684
0.809132
0.807569
0.80934
0.808924
0.807986
0.807986
0.808299
0.807569
0.80934
0.810035
0.807951
0.808785
0.807951
0.807951
0.807951
0.809444
0.809896
0.810521
0.811146
0.811042
0.811007
0.811528
0.807465
0.80684
0.807465
0.804861
0.804028
0.803194
0.80309
0.803194
0.803403
0.803507
0.811007
0.812674
0.812882
0.813194
0.811736
0.812674
0.811319
0.810694
0.810069
0.815799
0.816215
0.818403
0.817986
0.821007
0.819653
0.821632
0.820694
0.824028
0.82059
0.820278
0.825069
0.821632
0.826736
0.825174
0.826424
0.812535
0.811181
0.814618
0.814722
0.811597
0.811944
0.811632
0.811528
0.811424
0.810799
0.811111
0.809757
0.809653
0.809653
0.809688
0.80934
0.809757
0.808403
0.809236
0.808819
0.808229
0.807292
0.80684
0.807153
0.809271
0.810833
0.812083
0.811944
0.810278
0.810799
0.811424
0.811111
0.809201
0.809861
0.808299
0.806215
0.805069
0.806528
0.806285
0.802986
0.805069
0.806528
0.805799
0.807465
0.806528
0.804132
0.805799
0.805451
0.804653
0.806319
0.796111
0.795799
0.797153
0.79816
0.794965
0.794861
0.79809
0.797257
0.797049
0.798854
0.798021
0.79625
0.795208
0.796146
0.795417
0.795312
0.792188
0.794167
0.793646
0.793229
0.792813
0.793333
0.794063
0.794792
0.794167
0.789549
0.791111
0.791319
0.791215
0.791528
0.791215
0.792049
0.790903
0.78934
0.789236
0.78684
0.784028
0.785799
0.786215
0.784132
0.783854
0.785312
0.78434
0.783924
0.783924
0.782569
0.782674
0.784028
0.782257
0.780799
0.787778
0.787257
0.786944
0.787153
0.786319
0.786944
0.787882
0.786424
0.78684
0.786111
0.786528
0.786007
0.78559
0.786632
0.791424
0.793194
0.795278
0.798924
0.798715
0.79809
0.796736
0.795799
0.795799
0.794549
0.793299
0.795903
0.796319
0.794757
0.794965
0.795069
0.794236
0.792465
0.792153
0.791424
0.791944
0.792153
0.792049
0.791944
0.790069
0.791944
0.791528
0.789653
0.791319
0.790799
0.79059
0.790382
0.790382
0.786528
0.786528
0.787674
0.788194
0.788299
0.788646
0.791771
0.79125
0.789271
0.791146
0.791111
0.791181
0.793368
0.792222
0.792465
0.788924
0.788924
0.788819
0.792569
0.791528
0.793507
0.794792
0.795625
0.795521
0.794687
0.793958
0.793333
0.793438
0.788507
0.788403
0.787153
0.786215
0.785382
0.784549
0.786215
0.786632
0.783958
0.782083
0.779479
0.779687
0.779687
0.77875
0.777188
0.775937
0.779028
0.776424
0.776632
0.776007
0.778299
0.77809
0.777361
0.778194
0.777882
0.779965
0.778507
0.779549
0.779444
0.779132
0.776736
0.778715
0.777986
0.778438
0.779271
0.779653
0.779653
0.778924
0.779653
0.779549
0.781528
0.781528
0.780382
0.78059
0.780278
0.780278
0.77934
0.780069
0.780174
0.780799
0.783611
0.782465
0.782674
0.7825
0.782708
0.783021
0.7825
0.782292
0.782083
0.782986
0.782674
0.782743
0.782778
0.782882
0.785937
0.785833
0.782083
0.783438
0.783438
0.783438
0.783958
0.783854
0.783194
0.78309
0.78309
0.780903
0.781215
0.781528
0.781424
0.78
0.779687
0.780104
0.78
0.780208
0.782292
0.784271
0.784896
0.785
0.786979
0.787083
0.788021
0.788438
0.788958
0.788542
0.788958
0.788333
0.787396
0.787292
0.786458
0.786458
0.785833
0.783542
0.784896
0.784167
0.784167
0.784167
0.786458
0.786563
0.787396
0.791042
0.791458
0.790417
0.790729
0.790833
0.790833
0.791146
0.791562
0.791042
0.791146
0.790729
0.789792
0.789757
0.788611
0.789653
0.789687
0.789375
0.789687
0.791458
0.791562
0.791875
0.791875
0.792188
0.792292
0.792604
0.792396
0.792396
0.792813
0.792917
0.7925
0.789792
0.790417
0.786944
0.78559
0.78559
0.786181
0.785556
0.785347
0.785833
0.785833
0.786458
0.786563
0.787465
0.787813
0.789583
0.789792
0.789479
0.788403
0.787917
0.790208
0.796458
0.797813
0.797604
0.797813
0.797917
0.798542
0.797917
0.795729
0.796493
0.796979
0.796458
0.794167
0.794375
0.795833
0.798958
0.798646
0.797708
0.799271
0.797708
0.797847
0.804271
0.802292
0.803194
0.802604
0.802882
0.801319
0.800694
0.800903
0.800486
0.800312
0.800104
0.798958
0.799236
0.798715
0.798611
0.797361
0.794132
0.795382
0.796736
0.797049
0.798021
0.796875
0.796042
0.796007
0.795764
0.795625
0.794687
0.79375
0.792708
0.792604
0.782049
0.783125
0.781563
0.781563
0.782292
0.78184
0.781424
0.781458
0.782847
0.781771
0.783125
0.784583
0.783958
0.781354
0.781771
0.781944
0.783194
0.781319
0.780799
0.780799
0.779444
0.780278
0.780174
0.780278
0.78059
0.786632
0.78434
0.783299
0.786597
0.788681
0.789722
0.787639
0.787951
0.789931
0.788681
0.790035
0.788924
0.786319
0.791424
0.791528
0.789861
0.788507
0.790382
0.788819
0.788403
0.789549
0.788681
0.792118
0.789931
0.790069
0.789236
0.790278
0.78934
0.790243
0.792153
0.791632
0.789236
0.790382
0.791944
0.788299
0.786632
0.787049
0.788611
0.786389
0.786806
0.788889
0.789826
0.786632
0.784444
0.782569
0.783403
0.782778
0.783611
0.783194
0.783299
0.784306
0.782431
0.782465
0.781944
0.780903
0.778507
0.779097
0.782639
0.780556
0.780556
0.779306
0.779549
0.780174
0.779965
0.779653
0.780069
0.779757
0.780174
0.781007
0.780903
0.781111
0.78184
0.781736
0.781215
0.781424
0.777569
0.777986
0.778715
0.78059
0.781736
0.779965
0.780799
0.781944
0.782083
0.7825
0.782604
0.783125
0.782917
0.783438
0.783854
0.784236
0.785382
0.78559
0.788194
0.788403
0.788819
0.789757
0.793264
0.793368
0.794201
0.792361
0.791632
0.791528
0.79184
0.792257
0.792778
0.792674
0.792361
0.793819
0.794653
0.794653
0.794618
0.793194
0.793715
0.793854
0.793229
0.790729
0.790833
0.791875
0.791667
0.793125
0.793021
0.790937
0.792604
0.7925
0.801319
0.798715
0.796528
0.796632
0.798715
0.798507
0.798403
0.798403
0.798507
0.798194
0.800799
0.80184
0.802882
0.804132
0.805486
0.805382
0.807361
0.806528
0.809514
0.807674
0.808194
0.80934
0.810069
0.810174
0.81059
0.812049
0.811944
0.811319
0.811736
0.811528
0.813924
0.815069
0.814132
0.814549
0.816181
0.814306
0.814306
0.814306
0.813507
0.811111
0.810382
0.811007
0.811007
0.81059
0.810799
0.810694
0.81309
0.811319
0.811424
0.811458
0.814236
0.812986
0.815243
0.81566
0.813611
0.811111
0.811042
0.812292
0.811146
0.813299
0.811875
0.81125
0.810521
0.810521
0.812187
0.812708
0.811562
0.810937
0.811146
0.810104
0.811771
0.811146
0.810729
0.811042
0.811458
0.814965
0.81559
0.81559
0.815486
0.815174
0.815521
0.815625
0.815521
0.815486
0.816528
0.815799
0.815694
0.813924
0.813611
0.813715
0.815174
0.814444
0.814549
0.813715
0.813611
0.813507
0.813403
0.813611
0.813715
0.813819
0.815729
0.814271
0.814792
0.816354
0.81625
0.815104
0.815208
0.814583
0.815625
0.813958
0.815417
0.815312
0.815208
0.815208
0.814167
0.813854
0.813819
0.814236
0.815174
0.814861
0.814757
0.814861
0.814861
0.814757
0.815104
0.813229
0.81375
0.815729
0.814271
0.815104
0.814583
0.815208
0.815104
0.815521
0.815521
0.815312
0.816562
0.815833
0.815937
0.815521
0.816771
0.815625
0.815729
0.816562
0.816562
0.816562
0.815937
0.817187
0.816215
0.816146
0.820694
0.819444
0.819132
0.819965
0.820174
0.820799
0.82059
0.820382
0.818611
0.82066
0.821389
0.821944
0.821736
0.822257
0.822049
0.821944
0.821632
0.821736
0.821944
0.821771
0.821771
0.8225
0.821042
0.820729
0.821146
0.818646
0.81625
0.816146
0.816354
0.816632
0.816632
0.817083
0.816424
0.817187
0.8175
0.816632
0.816632
0.812882
0.812882
0.812778
0.813646
0.813438
0.812778
0.813646
0.812778
0.813819
0.813958
0.814063
0.814167
0.814167
0.819167
0.817708
0.818854
0.816111
0.816007
0.815486
0.815486
0.815521
0.815729
0.817604
0.817778
0.818056
0.817951
0.817986
0.818715
0.819132
0.819028
0.818819
0.818333
0.818854
0.819653
0.818646
0.818854
0.818611
0.818611
0.818125
0.818542
0.818854
0.819375
0.818819
0.818924
0.818958
0.813542
0.813333
0.813542
0.813542
0.813438
0.813646
0.813646
0.813819
0.81375
0.81375
0.81375
0.813438
0.813646
0.813646
0.813542
0.813438
0.813333
0.813438
0.818646
0.817708
0.817604
0.817708
0.817778
0.817986
0.819167
0.818021
0.819132
0.818299
0.819479
0.819583
0.819583
0.819375
0.822465
0.822257
0.822118
0.822847
0.819861
0.820521
0.820521
0.819583
0.819063
0.819167
0.818125
0.825972
0.821979
0.822257
0.82441
0.824722
0.823785
0.823056
0.821181
0.819896
0.820937
0.821771
0.820764
0.819375
0.818229
0.817604
0.816667
0.816667
0.817604
0.81875
0.819653
0.820174
0.820486
0.821424
0.818819
0.818403
0.824792
0.823438
0.823646
0.823229
0.822917
0.823438
0.825208
0.825313
0.824688
0.822396
0.822812
0.822604
0.822187
0.820486
0.818403
0.818507
0.818646
0.819167
0.819201
0.81934
0.819583
0.819375
0.820625
0.820833
0.821562
0.824063
0.821667
0.821944
0.820208
0.821042
0.820625
0.82375
0.825625
0.827187
0.83
0.829375
0.830104
0.833576
0.833021
0.833333
0.836354
0.834688
0.837083
0.838333
0.839063
0.840104
0.836979
0.838854
0.841667
0.84375
0.843125
0.849375
0.851979
0.851354
0.853125
0.856667
0.857812
0.858646
0.853958
0.856563
0.859479
0.860521
0.862292
0.8625
0.865313
0.868958
0.8725
0.875729
0.876354
0.881424
0.881146
0.882396
0.886458
0.888958
0.891667
0.883437
0.889236
0.889028
0.891181
0.890903
0.892569
0.892396
0.89559
0.896042
0.901979
0.901979
0.906042
0.906458
0.913958
0.915799
0.914479
0.921111
0.922396
0.921458
0.920451
0.919687
0.922326
0.922535
0.924132
0.921632
0.925208
0.924896
0.920625
0.919792
0.919583
0.916944
0.915
0.915312
0.909583
0.908125
0.9075
0.894965
0.889549
0.889444
0.880174
0.873507
0.867674
0.86559
0.857153
0.859583
0.841076
0.840417
0.849618
0.826875
0.825313
0.817604
0.82
0.812708
0.805521
0.786146
0.782396
0.787639
0.796562
0.797639
0.791701
0.784826
0.773958
0.766667
0.767569
0.770521
0.770625
0.766458
0.775729
0.767917
0.774687
0.780729
0.782049
0.779479
0.773403
0.778611
0.773542
0.779062
0.773125
0.773854
0.7725
0.774271
0.773576
0.771528
0.773507
0.771146
0.778542
0.782292
0.783542
0.786771
0.791771
0.787222
0.793715
0.793333
0.794167
0.796875
0.797813
0.796771
0.803125
0.790625
0.792708
0.781875
0.784271
0.798229
0.803333
0.802569
0.798611
0.800556
0.795312
0.796181
0.792951
0.794201
0.796979
0.804375
0.796458
0.792917
0.785521
0.780729
0.787917
0.783021
0.787604
0.796042
0.786042
0.78691
0.781528
0.780174
0.770521
0.771146
0.778299
0.771215
0.757674
0.757847
0.760451
0.766389
0.759097
0.760625
0.764479
0.760556
0.75441
0.757396
0.755938
0.752188
0.748264
0.746389
0.739965
0.743229
0.741042
0.743611
0.745625
0.746979
0.744375
0.726285
0.724757
0.722292
0.727708
0.727083
0.725382
0.72375
0.726215
0.723194
0.726771
0.727812
0.724167
0.718437
0.71375
0.713542
0.713958
0.709132
0.713819
0.710417
0.718542
0.707292
0.715313
0.718715
0.72125
0.712361
0.711042
0.711042
0.704896
0.70875
0.698438
0.689167
0.695
0.692292
0.694063
0.678646
0.672257
0.674271
0.671632
0.672014
0.664514
0.667465
0.668681
0.672014
0.675312
0.667813
0.659792
0.658958
0.662188
0.662604
0.653264
0.651458
0.648889
0.647708
0.639375
0.646285
0.648542
0.645174
0.645938
0.642639
0.633229
0.631563
0.623021
0.620833
0.613646
0.632917
0.630521
0.639167
0.649583
0.648646
0.650312
0.650625
0.646146
0.644896
0.641597
0.638229
0.640243
0.629792
0.632535
0.629653
0.624792
0.616667
0.626042
0.6275
0.620486
0.618125
0.616563
0.618681
0.615556
0.616354
0.618125
0.617292
0.616215
0.615
0.617708
0.63066
0.632049
0.631181
0.639271
0.640556
0.646458
0.65691
0.656111
0.656979
0.655729
0.657083
0.657882
0.669097
0.675625
0.678021
0.67625
0.670833
0.675
0.673021
0.675104
0.682604
0.69
0.693333
0.685312
0.678958
0.669479
0.670521
0.669583
0.663646
0.65941
0.65691
0.654583
0.660451
0.657743
0.652743
0.65125
0.649271
0.654583
0.655937
0.661424
0.664931
0.664722
0.660104
0.659479
0.668681
0.663229
0.661979
0.661771
0.655312
0.647813
0.644792
0.640625
0.637813
0.631181
0.627014
0.627569
0.622361
0.612951
0.602014
0.59941
0.589583
0.587812
0.593681
0.59934
0.600174
0.610521
0.624861
0.629792
0.655937
0.667396
0.676215
0.689653
0.691111
0.693785
0.696736
0.705417
0.702083
0.710139
0.710382
0.706528
0.7175
0.719549
0.721042
0.730486
0.724583
0.725208
0.739792
0.740069
0.742882
0.751354
0.765312
0.76684
0.762465
0.76809
0.772222
0.76559
0.757639
0.752188
0.736771
0.730208
0.731632
0.726875
0.730104
0.732882
0.723125
0.715417
0.694375
0.699444
0.694549
0.693333
0.678958
0.678542
0.672396
0.675
0.671667
0.664097
0.66816
0.669757
0.672188
0.642153
0.638437
0.640938
0.645799
0.644896
0.638507
0.641979
0.637361
0.633958
0.635382
0.63934
0.638542
0.638854
0.647569
0.640208
0.643125
0.642049
0.637917
0.633229
0.633819
0.635417
0.619965
0.616563
0.61875
0.6025
0.599375
0.601875
0.608854
0.597986
0.592569
0.587049
0.581458
0.565069
0.5625
0.577917
0.571667
0.576458
0.578472
0.577986
0.579063
0.585903
0.584167
0.578646
0.573333
0.572049
0.568542
0.551701
0.55941
0.561806
0.548333
0.536875
0.536979
0.533333
0.538021
0.529062
0.519618
0.511875
0.508021
0.501771
0.494479
0.497361
0.494688
0.485521
0.476979
0.469896
0.461146
0.457431
0.446493
0.449375
0.444201
0.446806
0.455972
0.46125
0.461076
0.466181
0.472118
0.479549
0.483021
0.488264
0.482708
0.48816
0.488333
0.488438
0.487326
0.494896
0.498194
0.497743
0.498958
0.507257
0.509201
0.507812
0.505903
0.508611
0.523403
0.515938
0.521319
0.523333
0.519167
0.52309
0.527708
0.522604
0.517361
0.506285
0.502049
0.494444
0.487465
0.477257
0.471146
0.463854
0.455174
0.450382
0.436806
0.423264
0.430208
0.433542
0.425521
0.418924
0.411875
0.40559
0.394618
0.392361
0.380764
0.365347
0.367708
0.366979
0.365833
0.364271
0.367812
0.371424
0.369549
0.374931
0.385243
0.396146
0.396042
0.394479
0.397083
0.395521
0.388021
0.394965
0.382986
0.377917
0.386597
0.390937
0.391146
0.401042
0.416146
0.414514
0.407187
0.417187
0.424063
0.432083
0.431007
0.435417
0.44375
0.449375
0.446771
0.465938
0.465694
0.48059
0.486597
0.488958
0.498333
0.507917
0.50559
0.52
0.514965
0.516042
0.524271
0.530937
0.536771
0.537292
0.544236
0.544549
0.530625
0.522326
0.513333
0.511875
0.50625
0.499861
0.493542
0.49059
0.484375
0.482187
0.477292
0.466979
0.472917
0.466562
0.45684
0.451979
0.451146
0.45809
0.451979
0.431528
0.421146
0.417604
0.410417
0.393542
0.39125
0.380729
0.367083
0.355312
0.336528
0.318021
0.303542
0.300347
0.290625
0.288264
0.270104
0.258229
0.250729
0.245868
0.241667
0.234028
0.223438
0.209687
0.205174
0.192743
0.177674
0.170417
0.162812
0.146111
0.144792
0.133958
0.120104
0.116042
0.112292
0.101875
0.0986458
0.0921875
0.0867708
0.0836458
0.0830556
0.08375
0.0821875
0.0797569
0.0786458
0.0755208
0.08375
0.0802083
0.0760417
0.0735417
0.0715625
0.0685764
0.0660417
0.0603125
0.0583333
0.0544792
0.051875
0.0501042
0.0482292
0.0475
0.0454167
0.0441667
0.0421875
0.0398958
0.0382292
0.0376042
0.0357292
0.0340625
0.033125
0.0313542
0.0304167
0.033125
0.0302083
0.0286458
0.0271875
0.0257292
0.0240625
0.0251042
0.0253125
0.0257292
0.0252083
0.0253125
0.025
0.0260417
0.0258333
0.0298958
0.03
0.0298958
0.0301042
0.02875
0.03
0.0301042
0.0301042
0.0292708
0.0294792
0.0297917
0.0302083
0.0304167
0.0303125
0.0298958
0.0305208
0.0317708
0.0313542
0.0305208
0.0303125
0.0302083
0.02875
0.0288542
0.0315625
0.0304167
0.0366667
0.0367708
0.0380208
0.038125
0.0379167
0.0377083
0.0377083
0.03625
0.0358333
0.0359375
0.0358333
0.0348958
0.0364583
0.0365625
0.0336458
0.0341667
0.0330208
0.0341667
0.0338542
0.0328125
0.0328125
0.0329167
0.0319792
0.0329167
0.0327083
0.0285417
0.02875
0.02875
0.0304167
0.03125
0.0313542
0.0296875
0.0294792
0.0290625
0.029375
0.028125
0.0277083
0.0279167
0.0277083
0.0273958
0.030625
0.0315625
0.0326042
0.0355208
0.0364583
0.0373958
0.0390625
0.0397917
0.0410417
0.0413542
0.0432292
0.0436458
0.041875
0.0413542
0.0398958
0.0366667
0.0355208
0.0330208
0.0407292
0.0495833
0.0527083
0.0648958
0.0697917
0.0685417
0.0707292
0.0742708
0.0771875
0.0761458
0.0916667
0.0986458
0.113333
0.123229
0.130521
0.140521
0.148333
0.151875
0.156146
0.158646
0.158438
0.163125
0.164062
0.168646
0.169375
0.167187
0.168646
0.178229
0.184722
0.182708
0.176354
0.173958
0.171458
0.170833
0.164896
0.163646
0.157917
0.153854
0.15375
0.154062
0.149896
0.150833
0.143333
0.138229
0.135104
0.128333
0.117604
0.111667
0.0984722
0.0878819
0.0924306
0.0944097
0.0960764
0.0984722
0.101319
0.105208
0.107396
0.109792
0.116979
0.121458
0.121563
0.121875
0.119583
0.120104
0.127708
0.127708
0.13125
0.135104
0.134271
0.148021
0.146146
0.144063
0.149792
0.1525
0.15875
0.157396
0.158542
0.166354
0.167708
0.178854
0.180104
0.179271
0.165937
0.167187
0.162188
0.158854
0.154896
0.149167
0.151667
0.150208
0.149688
0.144375
0.137361
0.122535
0.113056
0.101562
0.0963889
0.0879167
0.0852431
0.0740972
0.0661806
0.0607639
0.0522222
0.0471181
0.0505208
0.0491667
0.0485417
0.0463542
0.0445833
0.0409375
0.0386806
0.0417014
0.0405556
0.0418056
0.0422917
0.0440625
0.0447917
0.0501042
0.0498958
0.0497917
0.0517708
0.0532292
0.0528125
0.054375
0.0545833
0.0566667
0.0550694
0.0572917
0.0567708
0.0652083
0.074375
0.0766667
0.0886111
0.104132
0.110729
0.116458
0.125312
0.131667
0.143194
0.155625
0.16125
0.173958
0.1875
0.193438
0.205625
0.217917
0.225
0.236181
0.244132
0.260174
0.273403
0.287708
0.292674
0.303229
0.318542
0.327049
0.334583
0.342187
0.339896
0.33875
0.331771
0.340208
0.336562
0.334896
0.32691
0.328368
0.317222
0.306146
0.295104
0.282813
0.276667
0.268021
0.254583
0.253368
0.246042
0.240937
0.239271
0.236563
0.230208
0.226042
0.221771
0.217083
0.213854
0.208958
0.201215
0.200833
0.1875
0.181875
0.172292
0.154688
0.142187
0.136458
0.132812
0.119792
0.122188
0.114583
0.105972
0.104271
0.0897917
0.0785417
0.07375
0.0665625
0.0590625
0.053125
0.0454167
0.0347917
0.0296875
0.0221875
0.0141667
0.0141667
0.0141667
0.0141667
0.0169792
0.0188542
0.0172569
0.018125
0.0215278
0.0320833
0.0294792
0.025
0.0233333
0.0235417
0.0214583
0.0214583
0.0214583
0.0214583
0.0214583
0.0214583
0.0214583
0.0214583
0.0219792
0.0219792
0.0218403
0.0218403
0.0218403
0.0214931
0.0186806
0.0186806
0.0187153
0.0218403
0.0190278
0.0189583
0.0223958
0.0227083
0.0198958
0.0198958
0.0198958
0.0198958
0.0198958
0.0195833
0.0195833
0.0197917
0.0195833
0.0195833
0.0196875
0.0196875
0.0194792
0.0194792
0.0194792
0.0194792
0.0194792
0.0194792
0.0194792
0.0194792
0.0194792
0.0197917
0.0197917
0.024375
0.0215625
0.0215625
0.024375
0.024375
0.024375
0.021875
0.0246875
0.021875
0.021875
0.021875
0.0241667
0.0217708
0.0217708
0.0217708
0.0217708
0.0217708
0.0217708
0.0217708
0.0217708
0.0217708
0.0219792
0.0219792
0.0219792
0.0219792
0.0219792
0.0219792
0.0219792
0.0219792
0.0219792
0.0191667
0.0191667
0.0191667
0.0191667
0.0191667
0.0191667
0.0251042
0.0248958
0.0249306
0.0245833
0.0247917
0.0252083
0.0252083
0.0252083
0.0247917
0.0247917
0.0247917
0.0219792
0.0219792
0.0219792
0.0191667
0.0219792
0.0192361
0.0224653
0.0196528
0.0196528
0.0220833
0.0220833
0.0220833
0.0193403
0.0191667
0.0219792
0.0191667
0.0189583
0.0189583
0.0192708
0.0192708
0.0194792
0.0194792
0.0194792
0.0194792
0.0194792
0.0194792
0.0194792
0.0280208
0.0323958
0.0415625
0.0515625
0.0563542
0.0665625
0.0746875
0.0786458
0.0851042
0.085625
0.0873958
0.09125
0.0947917
0.0939583
0.0971875
0.0955208
0.0966667
0.100833
0.101528
0.101562
0.102917
0.104271
0.105625
0.103646
0.106354
0.104271
0.109271
0.112812
0.113125
0.117083
0.117917
0.119688
0.1325
0.145625
0.15375
0.166458
0.177813
0.18625
0.198958
0.209063
0.211354
0.224792
0.230451
0.235417
0.236771
0.242188
0.246667
0.252708
0.254167
0.255312
0.257083
0.265833
0.266979
0.271667
0.270417
0.278438
0.274271
0.271944
0.278854
0.280417
0.280208
0.277917
0.26875
0.265729
0.266146
0.263646
0.26125
0.258333
0.257292
0.252639
0.256458
0.258229
0.262708
0.263958
0.263958
0.266458
0.269062
0.273125
0.275625
0.280729
0.282083
0.285104
0.283854
0.28375
0.289896
0.289062
0.293333
0.295
0.296563
0.298229
0.300625
0.303438
0.300938
0.304896
0.311354
0.314792
0.321354
0.329375
0.340625
0.346354
0.350521
0.361458
0.368437
0.372604
0.381563
0.372812
0.379688
0.377396
0.381875
0.388368
0.387222
0.39066
0.382639
0.390313
0.393403
0.401875
0.404167
0.400139
0.401701
0.403542
0.399618
0.400729
0.408958
0.409896
0.411458
0.412396
0.420417
0.416563
0.421458
0.431146
0.43
0.439896
0.448333
0.447778
0.457986
0.468333
0.470208
0.472917
0.473646
0.470347
0.471146
0.470972
0.4725
0.473264
0.467292
0.465417
0.459062
0.456562
0.456562
0.454688
0.452917
0.450208
0.452083
0.448437
0.447813
0.446458
0.448125
0.450521
0.449062
0.451667
0.453854
0.458854
0.468646
0.469375
0.474792
0.4775
0.479063
0.483125
0.48875
0.488229
0.490729
0.492917
0.491042
0.501111
0.510104
0.513125
0.513229
0.515833
0.52
0.525417
0.532708
0.537188
0.544826
0.554896
0.55375
0.559063
0.568438
0.576146
0.581562
0.588264
0.591667
0.594375
0.589479
0.592917
0.589375
0.582604
0.575313
0.576389
0.569097
0.567951
0.559306
0.563438
0.5525
0.560521
0.563542
0.563403
0.566806
0.570799
0.572396
0.562396
0.562396
0.564688
0.559722
0.559965
0.55309
0.552986
0.546424
0.549514
0.552743
0.549097
0.552465
0.564097
0.567882
0.570208
0.57375
0.575937
0.583438
0.589063
0.598333
0.601146
0.601458
0.606181
0.608264
0.615451
0.624479
0.629167
0.627604
0.63625
0.634167
0.637083
0.639271
0.641458
0.644167
0.645451
0.648125
0.650069
0.65625
0.659271
0.660104
0.664687
0.662604
0.66875
0.676771
0.681042
0.682708
0.686354
0.687083
0.684271
0.683542
0.685104
0.684063
0.683438
0.682917
0.688125
0.688229
0.688542
0.690104
0.696042
0.701042
0.696771
0.699792
0.705937
0.699688
0.703542
0.701875
0.712083
0.711562
0.712292
0.715729
0.723229
0.724583
0.734479
0.740104
0.742604
0.746563
0.749375
0.753646
0.763854
0.757708
0.762396
0.759375
0.7625
0.766771
0.763437
0.7675
0.772083
0.772917
0.77875
0.776875
0.782188
0.783333
0.784687
0.788438
0.790625
0.79125
0.789896
0.788542
0.78875
0.790729
0.794063
0.796354
0.797917
0.796979
0.800521
0.80125
0.802917
0.800312
0.804792
0.807813
0.809271
0.811354
0.811146
0.812604
0.818646
0.822604
0.822917
0.823333
0.824896
0.821146
0.821632
0.815278
0.813229
0.810104
0.809479
0.808229
0.807604
0.806319
0.807813
0.805
0.804896
0.803229
0.805312
0.804688
0.802708
0.797708
0.799375
0.798542
0.799375
0.796562
0.790833
0.798229
0.797708
0.795937
0.797083
0.79625
0.799792
0.797396
0.8
0.801875
0.802847
0.804931
0.805347
0.793125
0.794375
0.796285
0.798264
0.799826
0.798785
0.79441
0.794687
0.793715
0.795729
0.794965
0.794375
0.79316
0.79191
0.790833
0.791667
0.787604
0.788333
0.785104
0.784479
0.784687
0.784167
0.783125
0.779896
0.775104
0.782188
0.77875
0.779687
0.781667
0.783854
0.785208
0.783021
0.780729
0.775208
0.773646
0.773125
0.773958
0.775729
0.775
0.773958
0.774375
0.773854
0.772917
0.775417
0.774479
0.775729
0.777396
0.777396
0.776979
0.7775
0.775208
0.778333
0.776771
0.773542
0.773021
0.771042
0.771458
0.77125
0.77
0.771146
0.770521
0.769271
0.769062
0.769687
0.767604
0.770729
0.771875
0.773646
0.773646
0.773229
0.769375
0.769375
0.765
0.766979
0.768125
0.768333
0.770208
0.774062
0.775417
0.775521
0.774375
0.777188
0.780521
0.77875
0.779583
0.777708
0.774792
0.773229
0.773333
0.769375
0.766979
0.767708
0.77
0.770104
0.770729
0.773438
0.771042
0.771563
0.773021
0.772813
0.784062
0.782708
0.783854
0.784167
0.784479
0.782917
0.783021
0.783021
0.782604
0.782396
0.781042
0.781667
0.782604
0.7825
0.782188
0.783438
0.783125
0.78375
