0
0.0513542
0.0557292
0.0690625
0.0829167
0.0865625
0.0997917
0.111319
0.115174
0.123507
0.13059
0.133403
0.135799
0.138403
0.140069
0.144757
0.146736
0.147465
0.148403
0.159896
0.159375
0.159792
0.159479
0.159896
0.159167
0.16125
0.160938
0.163229
0.166979
0.168542
0.169583
0.170937
0.171458
0.172396
0.170208
0.171667
0.170521
0.170833
0.171354
0.171458
0.171667
0.171458
0.17125
0.169792
0.171458
0.168125
0.166979
0.16625
0.168646
0.167604
0.168854
0.166875
0.168437
0.168958
0.171875
0.174271
0.176354
0.181979
0.183854
0.18566
0.185451
0.187604
0.188125
0.187083
0.185104
0.183125
0.180833
0.179792
0.178021
0.175104
0.174271
0.173125
0.17
0.168542
0.167187
0.164062
0.161042
0.1625
0.162604
0.163021
0.164687
0.166979
0.170937
0.170313
0.178646
0.185208
0.189896
0.197813
0.209167
0.212708
0.226458
0.235694
0.238507
0.246944
0.263403
0.261944
0.26559
0.271944
0.270903
0.275903
0.278507
0.279132
0.282813
0.282917
0.280521
0.275417
0.274583
0.268437
0.262813
0.262813
0.261354
0.255208
0.251875
0.252188
0.252604
0.251979
0.247396
0.242604
0.239375
0.236354
0.236458
0.23441
0.235208
0.234479
0.231354
0.229583
0.228646
0.230208
0.230937
0.228542
0.231354
0.232604
0.234375
0.233542
0.232604
0.232604
0.234479
0.231354
0.233021
0.235
0.234896
0.23184
0.23
0.2275
0.233437
0.232604
0.230729
0.229792
0.223958
0.222396
0.218854
0.217083
0.216042
0.215417
0.212083
0.210313
0.209479
0.206563
0.204896
0.205208
0.204375
0.201771
0.197604
0.194792
0.195417
0.193646
0.192917
0.192604
0.191042
0.192812
0.189896
0.187917
0.186458
0.186667
0.183646
0.183958
0.181979
0.1825
0.180833
0.180417
0.180104
0.179583
0.177708
0.176771
0.176979
0.175
0.173646
0.171667
0.17125
0.170521
0.170417
0.168646
0.16875
0.165417
0.17375
0.171771
0.17
0.170625
0.169271
0.168333
0.167361
0.167465
0.166111
0.164549
0.166424
0.164549
0.16434
0.161528
0.159861
0.159444
0.160729
0.159583
0.160521
0.160729
0.159688
0.159062
0.156875
0.155521
0.154688
0.161146
0.157778
0.154861
0.153646
0.150903
0.149132
0.147986
0.146042
0.146146
0.144792
0.143854
0.142604
0.141771
0.143854
0.143437
0.142604
0.140104
0.138333
0.136667
0.133542
0.133021
0.127708
0.127292
0.126042
0.126354
0.135417
0.130833
0.129167
0.129167
0.127083
0.125625
0.122813
0.120208
0.117604
0.116458
0.115937
0.113125
0.113646
0.113021
0.111875
0.111458
0.109896
0.107083
0.106563
0.10375
0.102083
0.103229
0.103021
0.103229
0.103125
0.110521
0.106563
0.102917
0.102396
0.102292
0.101146
0.099375
0.0964583
0.0971875
0.096875
0.1
0.101979
0.104271
0.106979
0.109792
0.111771
0.11625
0.119063
0.119583
0.12125
0.12
0.116667
0.115521
0.111354
0.110208
0.117604
0.111146
0.109375
0.106354
0.104271
0.100417
0.098125
0.0951042
0.0958333
0.0942708
0.0934375
0.0917708
0.0905208
0.090625
0.0879167
0.0903125
0.0892708
0.0890625
0.0888542
0.0867708
0.08625
0.0882292
0.0861458
0.0819792
0.0797917
0.101354
0.095
0.09125
0.0897917
0.0878125
0.085625
0.0830208
0.0827083
0.0803125
0.0783333
0.0780208
0.0748958
0.075625
0.075
0.0727083
0.070625
0.07
0.0689583
0.069375
0.0677083
0.0672917
0.0659375
0.0667708
0.065
0.065625
0.0741667
0.073125
0.0740625
0.07375
0.0740625
0.0740625
0.0715625
0.069375
0.0667708
0.0661458
0.0642708
0.0642708
0.0627083
0.0627083
0.0611458
0.0592708
0.0592708
0.0592708
0.0584375
0.0582292
0.0571875
0.0559375
0.056875
0.0555208
0.055
0.0609375
0.0567708
0.0552083
0.0546875
0.0536458
0.0529167
0.0536458
0.0522917
0.0517708
0.0509375
0.0509375
0.0509375
0.0490625
0.0502083
0.0501042
0.0497917
0.049375
0.05
0.0514583
0.0541667
0.0541667
0.0570833
0.059375
0.0613542
0.0642708
0.0729167
0.0704167
0.0704167
0.0703125
0.0683333
0.0701042
0.0697917
0.0704167
0.0702083
0.0721875
0.0744792
0.0803125
0.085625
0.0886458
0.0955208
0.103542
0.109167
0.118333
0.12625
0.129479
0.138333
0.1475
0.15125
0.161354
0.168646
0.198229
0.203125
0.208542
0.211146
0.218646
0.227396
0.230417
0.240313
0.249062
0.253333
0.260208
0.269792
0.273125
0.283646
0.290208
0.292292
0.301771
0.307708
0.308229
0.313437
0.317604
0.319271
0.326875
0.33125
0.33375
0.355938
0.356875
0.355417
0.363333
0.365417
0.366042
0.368646
0.371354
0.370833
0.371563
0.373437
0.3725
0.376667
0.379479
0.382292
0.383437
0.387083
0.388229
0.392083
0.395104
0.393021
0.397083
0.397396
0.395417
0.395833
0.411042
0.407813
0.406875
0.403542
0.402813
0.404062
0.404479
0.401458
0.402292
0.402917
0.401458
0.400521
0.399792
0.398646
0.400417
0.399583
0.397396
0.396979
0.397708
0.396042
0.395833
0.394861
0.393611
0.392604
0.391806
0.398958
0.393333
0.393333
0.393021
0.391458
0.390313
0.389896
0.390729
0.396562
0.399479
0.399896
0.404375
0.405208
0.410313
0.411562
0.411875
0.414687
0.419271
0.420104
0.422812
0.425625
0.425938
0.429167
0.431771
0.430312
0.451771
0.450521
0.449479
0.451562
0.451458
0.452604
0.453229
0.455208
0.455208
0.454271
0.452813
0.451458
0.453437
0.452917
0.452083
0.452708
0.453542
0.448854
0.449479
0.448437
0.444896
0.446771
0.445521
0.443229
0.443854
0.466042
0.456562
0.453021
0.452396
0.449583
0.449167
0.451042
0.446979
0.445937
0.443021
0.43875
0.43625
0.431667
0.42875
0.427292
0.424896
0.422396
0.419167
0.421771
0.418229
0.416979
0.419896
0.420104
0.424583
0.421458
0.426875
0.420938
0.418021
0.416042
0.417187
0.415312
0.415208
0.413542
0.412396
0.411667
0.411771
0.412187
0.409271
0.408438
0.410833
0.411667
0.413333
0.413646
0.412604
0.41125
0.411875
0.410625
0.411667
0.412813
0.409271
0.432708
0.427292
0.423542
0.422083
0.422708
0.418542
0.419167
0.417812
0.417917
0.417083
0.417708
0.418021
0.420729
0.422812
0.423542
0.424063
0.422917
0.422812
0.421875
0.421771
0.419792
0.421979
0.42125
0.420833
0.422187
0.459688
0.445208
0.445625
0.443229
0.438021
0.436667
0.435729
0.431979
0.432188
0.431563
0.428125
0.426979
0.423542
0.419896
0.417396
0.418125
0.411354
0.412396
0.406458
0.404896
0.405521
0.404792
0.402083
0.401042
0.397708
0.42
0.410625
0.406771
0.399583
0.397708
0.394167
0.390729
0.388229
0.387188
0.384375
0.381771
0.379688
0.376042
0.373542
0.370625
0.367917
0.365833
0.364167
0.363438
0.358438
0.357187
0.354896
0.353021
0.351875
0.350417
0.370104
0.358958
0.355104
0.349062
0.345104
0.343333
0.3425
0.339479
0.336354
0.336562
0.333437
0.328229
0.325521
0.325313
0.320312
0.316563
0.314375
0.310417
0.3075
0.308333
0.303021
0.3
0.298229
0.295833
0.294167
0.321458
0.311042
0.306458
0.302083
0.294271
0.290104
0.287708
0.280521
0.277396
0.274271
0.270625
0.268542
0.266146
0.264479
0.264375
0.261771
0.261354
0.2575
0.256979
0.253333
0.252604
0.253125
0.249792
0.245417
0.244271
0.292396
0.276458
0.271771
0.266042
0.260313
0.25625
0.24875
0.241354
0.236771
0.233646
0.229063
0.223438
0.220104
0.214896
0.211146
0.207708
0.206667
0.202396
0.198958
0.192917
0.192604
0.189583
0.186875
0.184062
0.182292
0.211458
0.201563
0.195312
0.191771
0.185833
0.181146
0.174792
0.170625
0.166458
0.163438
0.161979
0.16125
0.1575
0.154896
0.151458
0.148542
0.145937
0.145937
0.144375
0.142813
0.139792
0.135937
0.132083
0.129583
0.128021
0.167396
0.154688
0.150417
0.144167
0.140521
0.135729
0.132292
0.130104
0.127917
0.124688
0.121771
0.12
0.120104
0.114479
0.113333
0.113229
0.110521
0.106563
0.103229
0.100417
0.09875
0.0977083
0.0975
0.095625
0.0958333
0.108646
0.104583
0.101354
0.0997917
0.0997917
0.0982292
0.0955208
0.0946875
0.0958333
0.0908333
0.0904167
0.0908333
0.0890625
0.089375
0.0830208
0.0811458
0.0841667
0.0815625
0.0794792
0.0791667
0.0760417
0.0761458
0.0763542
0.0767708
0.076875
0.108229
0.0983333
0.094375
0.0892708
0.0872917
0.0853125
0.0845833
0.0840625
0.0822917
0.0801042
0.0817708
0.0814583
0.0809375
0.0766667
0.0744792
0.0744792
0.0717708
0.0691667
0.0682292
0.0663542
0.0655208
0.0625
0.0628125
0.0605208
0.0591667
0.0747917
0.0671875
0.0665625
0.0641667
0.0629167
0.0613542
0.0576042
0.0564583
0.055625
0.0529167
0.0517708
0.0509375
0.0494792
0.0483333
0.0473958
0.046875
0.0455208
0.0423958
0.0434375
0.0423958
0.04125
0.0426042
0.0415625
0.0395833
0.0389583
0.0482292
0.0454167
0.044375
0.0414583
0.0394792
0.0379167
0.0375
0.0360417
0.0355208
0.0336458
0.0402083
0.03375
0.0330208
0.0315625
0.0294792
0.0277083
0.0263542
0.0254167
0.02375
0.0234375
0.0223958
0.0225
0.0214583
0.0217708
0.0205208
0.0182292
0.0192708
0.019375
0.0185417
0.0182292
0.0167708
0.0167708
0.0176042
0.0166667
0.0161458
0.0269792
0.0244792
0.0229167
0.0216667
0.0196875
0.0205208
0.01875
0.0179167
0.0171875
0.0161458
0.0163542
0.0166667
0.0138542
0.0129167
0.0125
0.0113542
0.0115625
0.0115625
0.011875
0.0110417
0.0101042
0.0090625
0.00875
0.00864583
0.0096875
0.0144792
0.0133333
0.0128125
0.0121875
0.0116667
0.0110417
0.0105208
0.0117708
0.0128125
0.0129167
0.015625
0.016875
0.0177083
0.0164583
0.015
0.0151042
0.0154167
0.0147917
0.0148958
0.015
0.015
0.0147917
0.0146875
0.0142708
0.0141667
0.0178125
0.0178125
0.0172917
0.0164583
0.01625
0.0155208
0.0153125
0.0155208
0.0153125
0.0159375
0.0140625
0.0141667
0.013125
0.0136458
0.0128125
0.0126042
0.0126042
0.0127083
0.0130208
0.0127083
0.0130208
0.0132292
0.01375
0.0134375
0.0141667
0.0172917
0.0173958
0.0169792
0.0169792
0.016875
0.0154167
0.0148958
0.0145833
0.0154167
0.0144792
0.0142708
0.0142708
0.0146875
0.0136458
0.0132292
0.0129167
0.0123958
0.011875
0.0115625
0.0114583
0.011875
0.0120833
0.0128125
0.0127083
0.0139583
0.0169792
0.0167708
0.0164583
0.0158333
0.0152083
0.0151042
0.0189583
0.0172917
0.0167708
0.0167708
0.0163542
0.0161458
0.0155208
0.0158333
0.0153125
0.0147917
0.01375
0.0133333
0.013125
0.0134375
0.0121875
0.0122917
0.0135417
0.0128125
0.0126042
0.0125
0.0121875
0.0117708
0.0109375
0.0108333
0.0114583
0.0111458
0.0103125
0.00979167
0.00927083
0.0108333
0.0105208
0.0108333
0.01
0.0107292
0.01
0.01
0.00958333
0.00927083
0.01
0.00979167
0.0104167
0.00979167
0.00927083
0.00864583
0.00802083
0.00697917
0.00666667
0.008125
0.00645833
0.00760417
0.00822917
0.00739583
0.00729167
0.00666667
0.00666667
0.00625
0.0059375
0.00604167
0.00625
0.00552083
0.00552083
0.00614583
0.005625
0.00552083
0.00510417
0.0046875
0.0040625
0.004375
0.00416667
0.00354167
0.00479167
0.00541667
0.0046875
0.00552083
0.004375
0.0065625
0.00697917
0.00708333
0.00760417
0.00854167
0.00854167
0.00979167
0.00979167
0.009375
0.00895833
0.00875
0.0090625
0.0101042
0.0090625
0.00864583
0.0090625
0.00875
0.00895833
0.00958333
0.0101042
0.00947917
0.00927083
0.00864583
0.00760417
0.0103125
0.00989583
0.00989583
0.00989583
0.0105208
0.0101042
0.0104167
0.0102083
0.0104167
0.0104167
0.0107292
0.0103125
0.01125
0.0105208
0.0096875
0.0105208
0.0111458
0.0123958
0.0144792
0.0153125
0.0160417
0.0159375
0.0161458
0.0153125
0.0160417
0.0157292
0.0158333
0.0173958
0.0160417
0.0157292
0.0159375
0.0141667
0.0148958
0.014375
0.0140625
0.0135417
0.015625
0.0154167
0.015625
0.015
0.0157292
0.0151042
0.015625
0.0135417
0.011875
0.0120833
0.011875
0.0126042
0.013125
0.013125
0.0135417
0.0145833
0.0151042
0.0155208
0.0153125
0.0154167
0.0142708
0.0139583
0.0122917
0.0120833
0.0121875
0.0113542
0.0120833
0.0110417
0.0105208
0.0102083
0.01
0.00885417
0.009375
0.00958333
0.00875
0.00854167
0.00895833
0.00927083
0.00802083
0.00916667
0.00885417
0.00854167
0.00791667
0.00697917
0.00739583
0.00572917
0.00572917
0.0059375
0.00635417
0.00635417
0.00635417
0.00645833
0.00666667
0.005625
0.00583333
0.0046875
0.00416667
0.00489583
0.0046875
0.00427083
0.00458333
0.00479167
0.00427083
0.00489583
0.004375
0.00427083
0.0040625
0.0046875
0.00479167
0.00489583
0.0046875
0.00479167
0.005
0.0053125
0.0053125
0.00583333
0.0059375
0.0059375
0.00635417
0.00625
0.0059375
0.00583333
0.00583333
0.0059375
0.00677083
0.00708333
0.006875
0.00822917
0.00989583
0.010625
0.0102083
0.00989583
0.0096875
0.0105208
0.0120833
0.01375
0.0128125
0.0125
0.0141667
0.0136458
0.0145833
0.0138542
0.0134375
0.0125
0.0110417
0.0101042
0.0116667
0.0109375
0.0115625
0.0121875
0.0113542
0.0126042
0.0111458
0.011875
0.0115625
0.0123958
0.0117708
0.0116667
0.0113542
0.0108333
0.0110417
0.00989583
0.0102083
0.0115625
0.0110417
0.0111458
0.0111458
0.0110417
0.0101042
0.0104167
0.0113542
0.0111458
0.0121875
0.0121875
0.0122917
0.0125
0.01
0.0116667
0.010625
0.0114583
0.0129167
0.0120833
0.0121875
0.011875
0.0115625
0.013125
0.0129167
0.0141667
0.0135417
0.0147917
0.0139583
0.0142708
0.0134375
0.0126042
0.0126042
0.0121875
0.010625
0.0109375
0.0110417
0.0113542
0.010625
0.0114583
0.0114583
0.0117708
0.0109375
0.010625
0.009375
0.0084375
0.00729167
0.00677083
0.0065625
0.00645833
0.00666667
0.00666667
0.00635417
0.00572917
0.00604167
0.00583333
0.00583333
0.0053125
0.00510417
0.00458333
0.0040625
0.00333333
0.00364583
0.00375
0.00375
0.00375
0.00333333
0.0034375
0.003125
0.00322917
0.00302083
0.003125
0.00322917
0.00447917
0.005625
0.00552083
0.00729167
0.00875
0.00916667
0.0114583
0.0121875
0.013125
0.0148958
0.0178125
0.0167708
0.0195833
0.0241667
0.0233333
0.0264583
0.0295833
0.03
0.0315625
0.0319792
0.03375
0.0339583
0.0347917
0.0359375
0.035625
0.0359375
0.0361458
0.0351042
0.0378125
0.0371875
0.0380208
0.0386458
0.0378472
0.0386458
0.0373958
0.0373958
0.0390625
0.0383333
0.0384375
0.0383333
0.0377083
0.0379167
0.03625
0.0357292
0.0355208
0.036875
0.0353125
0.0338542
0.0326042
0.033125
0.0329167
0.0313542
0.0307292
0.0316667
0.0308333
0.0307292
0.0290625
0.0290625
0.0276042
0.0269792
0.0284375
0.0284375
0.0280208
0.0269792
0.028125
0.0276042
0.0270833
0.0275
0.0282292
0.0276042
0.0295833
0.0291667
0.0296875
0.0304167
0.0320833
0.0329167
0.035
0.0360417
0.0372917
0.0377083
0.0378125
0.0394792
0.0417708
0.0419792
0.0447917
0.05
0.0510069
0.0580208
0.0585417
0.0610417
0.0699653
0.078125
0.0780208
0.0893403
0.0982986
0.103021
0.110104
0.12
0.124271
0.133333
0.140729
0.143229
0.156354
0.16875
0.172917
0.182604
0.195764
0.199722
0.213646
0.226771
0.232465
0.245833
0.257917
0.259896
0.271458
0.280278
0.283056
0.293333
0.301458
0.303542
0.320625
0.326771
0.327708
0.33
0.335833
0.338229
0.345833
0.347813
0.348229
0.350625
0.361979
0.371979
0.390937
0.406979
0.406875
0.419583
0.427917
0.432292
0.4425
0.444688
0.446146
0.460833
0.473438
0.47875
0.489063
0.503542
0.496354
0.496563
0.506875
0.511875
0.52
0.525417
0.528646
0.541146
0.549861
0.551667
0.562604
0.561181
0.559792
0.568958
0.583403
0.579792
0.586667
0.593819
0.591667
0.593958
0.597812
0.598437
0.596562
0.602083
0.603542
0.608125
0.621458
0.617188
0.623368
0.630903
0.628646
0.636076
0.641979
0.646771
0.655243
0.667396
0.663854
0.668542
0.673646
0.668021
0.673646
0.683368
0.682222
0.692813
0.698646
0.698611
0.70125
0.704583
0.698785
0.708646
0.707812
0.69816
0.693611
0.6875
0.680417
0.693646
0.704479
0.708854
0.712083
0.715625
0.714479
0.718542
0.719792
0.725417
0.733646
0.738021
0.737708
0.743021
0.744687
0.745729
0.752604
0.747951
0.743785
0.754028
0.760417
0.75684
0.760208
0.767708
0.765625
0.766458
0.766458
0.765417
0.770833
0.775764
0.779931
0.789687
0.786875
0.785451
0.788785
0.789167
0.783438
0.783819
0.784687
0.782917
0.781146
0.782188
0.781146
0.775521
0.776042
0.775833
0.773958
0.765764
0.763368
0.764583
0.762257
0.756563
0.754583
0.7575
0.751354
0.751285
0.743611
0.737882
0.735625
0.738646
0.743542
0.751563
0.763437
0.766146
0.774896
0.78691
0.786701
0.790937
0.786354
0.788229
0.785625
0.778438
0.777708
0.772396
0.769583
0.767292
0.770312
0.767083
0.762813
0.755521
0.753958
0.750313
0.75875
0.754271
0.747292
0.74625
0.748611
0.749236
0.753924
0.749236
0.751181
0.752847
0.7525
0.748854
0.751979
0.750208
0.744896
0.741701
0.740243
0.732292
0.725521
0.713542
0.704132
0.693438
0.684688
0.676319
0.6725
0.652917
0.647326
0.646458
0.645521
0.637604
0.639687
0.631493
0.634618
0.637431
0.638333
0.633125
0.635312
0.635104
0.628958
0.631146
0.632049
0.624687
0.632083
0.646146
0.645069
0.646597
0.65
0.652292
0.651771
0.648958
0.638646
0.635104
0.628021
0.630833
0.642708
0.639687
0.63566
0.645451
0.657222
0.65375
0.655937
0.651875
0.651875
0.650417
0.655208
0.651875
0.651354
0.649583
0.648889
0.647917
0.649479
0.647396
0.653438
0.671424
0.6675
0.676667
0.689271
0.69375
0.695972
0.707708
0.707083
0.708125
0.709375
0.703854
0.704896
0.701979
0.704479
0.704479
0.702292
0.706562
0.705382
0.697118
0.697187
0.689271
0.690903
0.691458
0.691771
0.691979
0.687882
0.673403
0.659792
0.65375
0.648264
0.642882
0.648958
0.646146
0.637708
0.637813
0.635104
0.639653
0.644722
0.649479
0.649687
0.658854
0.659375
0.670104
0.665556
0.666215
0.697917
0.682083
0.679792
0.707812
0.703333
0.700313
0.695833
0.741146
0.739062
0.745313
0.737396
0.748229
0.755104
0.75375
0.755486
0.756771
0.752465
0.753958
0.750104
0.74625
0.745208
0.747083
0.742396
0.73875
0.735
0.729271
0.717604
0.720729
0.717604
0.716562
0.71934
0.707361
0.703715
0.703715
0.698646
0.687049
0.682396
0.673576
0.672049
0.674826
0.670556
0.669514
0.667778
0.662014
0.661458
0.659583
0.653056
0.648785
0.647188
0.642153
0.639896
0.634687
0.625729
0.617083
0.60625
0.604583
0.601875
0.603993
0.597396
0.599167
0.596042
0.584479
0.581146
0.573819
0.564965
0.559444
0.56934
0.564444
0.578299
0.580799
0.581875
0.575625
0.569792
0.565694
0.559479
0.552917
0.550069
0.545625
0.540833
0.53441
0.528646
0.526354
0.52316
0.520312
0.522535
0.51559
0.517778
0.522014
0.516181
0.519375
0.51691
0.5075
0.497396
0.495521
0.491701
0.498437
0.490208
0.484826
0.479479
0.4675
0.459062
0.446146
0.443125
0.435312
0.434028
0.426215
0.419028
0.414861
0.405451
0.39625
0.389688
0.384167
0.371667
0.372917
0.368958
0.359687
0.355938
0.363264
0.361806
0.361979
0.364375
0.355208
0.356979
0.352083
0.344757
0.356042
0.355729
0.350868
0.352604
0.357535
0.355764
0.354792
0.354097
0.350972
0.344792
0.346146
0.348507
0.362257
0.361736
0.364132
0.379861
0.392674
0.402778
0.414236
0.425278
0.443194
0.44934
0.457361
0.459549
0.472257
0.47
0.475486
0.480868
0.491424
0.489097
0.487187
0.488299
0.491701
0.497188
0.492465
0.489687
0.498611
0.511563
0.515868
0.526771
0.522396
0.51316
0.515833
0.507222
0.50191
0.493437
0.482812
0.475833
0.471667
0.462813
0.455382
0.448576
0.441667
0.434688
0.430868
0.425104
0.421042
0.412049
0.401701
0.395104
0.389583
0.378958
0.368889
0.366354
0.359271
0.356146
0.349167
0.333958
0.326528
0.318958
0.310278
0.305625
0.30375
0.300312
0.293646
0.292292
0.285417
0.285208
0.284896
0.282222
0.274583
0.273819
0.264167
0.257396
0.246215
0.240868
0.23316
0.227292
0.219479
0.212292
0.202014
0.193229
0.186354
0.181181
0.173507
0.171944
0.163576
0.152431
0.144375
0.138437
0.133021
0.127917
0.123229
0.117813
0.111771
0.105833
0.102118
0.0990972
0.0971528
0.0970486
0.0962153
0.0976736
0.0976736
0.0951736
0.0947917
0.0918056
0.0900347
0.0903125
0.0892708
0.08875
0.101111
0.0946528
0.0904861
0.0886806
0.085625
0.0839583
0.0827778
0.0787153
0.0780903
0.0769444
0.0764236
0.0767361
0.0768403
0.0751736
0.0728819
0.0730903
0.08375
0.0907292
0.106146
0.122396
0.131875
0.15125
0.171215
0.181458
0.200625
0.232708
0.237083
0.260833
0.281562
0.292812
0.312917
0.336979
0.3475
0.367917
0.390937
0.396562
0.40625
0.421563
0.427083
0.44809
0.450313
0.452396
0.451458
0.449583
0.446146
0.438021
0.421458
0.416563
0.405625
0.399479
0.387917
0.369375
0.356563
0.347292
0.342292
0.329062
0.315104
0.304688
0.292917
0.283646
0.286979
0.277813
0.268854
0.255937
0.249062
0.243542
0.237083
0.220625
0.213889
0.202917
0.199583
0.198229
0.190938
0.185938
0.176458
0.172396
0.158333
0.149618
0.139722
0.13
0.123333
0.119583
0.109167
0.103611
0.0955208
0.0894792
0.0838542
0.0752083
0.0638542
0.0569792
0.0486111
0.0411806
0.0360417
0.0365625
0.0366667
0.0353819
0.0335417
0.0326042
0.0315278
0.0312153
0.0356597
0.0336458
0.0307292
0.0303125
0.0291667
0.0285417
0.0276042
0.0280208
0.0266667
0.0248958
0.0253125
0.0253125
0.0255208
0.0272917
0.0331944
0.0386458
0.0408333
0.0478125
0.0547917
0.0586458
0.0688542
0.0786806
0.0829514
0.0910417
0.102396
0.111458
0.119167
0.127083
0.129583
0.142813
0.151319
0.153299
0.16316
0.16625
0.171285
0.177014
0.182326
0.188368
0.196146
0.210417
0.212188
0.229479
0.239479
0.241979
0.251875
0.254826
0.251458
0.255799
0.256563
0.256667
0.261354
0.261979
0.260521
0.2625
0.262604
0.259688
0.260521
0.258368
0.260347
0.2625
0.261667
0.258264
0.260799
0.268854
0.267708
0.268854
0.270208
0.264479
0.256875
0.261632
0.260208
0.261354
0.266042
0.265069
0.262639
0.263993
0.264097
0.265521
0.259479
0.258646
0.252882
0.249618
0.245312
0.233715
0.229028
0.220799
0.212083
0.203229
0.199479
0.190347
0.177813
0.173229
0.166771
0.158125
0.147639
0.139063
0.133125
0.129375
0.115799
0.106146
0.107292
0.0961111
0.0851042
0.0795833
0.0700347
0.0630208
0.0602083
0.0530903
0.0477431
0.0457986
0.0345833
0.031875
0.0302083
0.0244792
0.0229167
0.0216667
0.0191667
0.0153125
0.0147917
0.0116667
0.00916667
0.008125
0.005625
0.00333333
0.0028125
0.006875
0.00489583
0.00447917
0.0040625
0.0034375
0.00364583
0.0028125
0.0021875
0.0015625
0.00177083
0.00177083
0.00229167
0.0025
0.00229167
0.001875
0.00166667
0.00166667
0.00208333
0.00166667
0.00197917
0.00208333
0.001875
0.0015625
0.00166667
0.00197917
0.00166667
0.00197917
0.00260417
0.00208333
0.00166667
0.00177083
0.000729167
0.0009375
0.000729167
0.000833333
0.000729167
0.000520833
0.000520833
0.000520833
0.000520833
0.0009375
0.000208333
0.00135417
0.0025
0.00239583
0.00177083
0.00166667
0.0021875
0.00208333
0.00208333
0.00274306
0.00270833
0.00229167
0.00256944
0.00270833
0.00541667
0.00645833
0.0122917
0.0191667
0.0223958
0.0292708
0.03625
0.0376042
0.0421875
0.0477083
0.04875
0.0545833
0.0570833
0.0563889
0.0580208
0.058125
0.0589583
0.0605903
0.0613542
0.0621875
0.06375
0.0622917
0.0630208
0.0645833
0.0657292
0.06875
0.0709375
0.0689583
0.0678125
0.0695833
0.066875
0.0670833
0.0719792
0.0697917
0.0769792
0.0795833
0.08375
0.0821875
0.0896875
0.0913542
0.094375
0.090625
0.0878125
0.0860069
0.0791319
0.074375
0.0690625
0.0661806
0.0645833
0.0665625
0.0686458
0.0678125
0.0627083
0.0555208
0.0560417
0.0557292
0.05125
0.0508681
0.046875
0.0436458
0.0395833
0.0388542
0.0391667
0.035
0.0339583
0.0354167
0.0328125
0.0312153
0.0330208
0.03125
0.026875
0.0269792
0.0264583
0.0242708
0.0228125
0.02125
0.0216667
0.0197917
0.0170833
0.0166667
0.013125
0.0111458
0.0104167
0.00989583
0.00916667
0.00854167
0.00927083
0.0109375
0.009375
0.00802083
0.00854167
0.00875
0.009375
0.009375
0.0102083
0.0108333
0.01125
0.0115625
0.0138542
0.0154167
0.0163542
0.0176042
0.019375
0.0207292
0.0202083
0.0186458
0.018125
0.0171875
0.0147917
0.0151042
0.0164583
0.0163542
0.016875
0.0159375
0.0154167
0.014375
0.0126042
0.0105208
0.0133333
0.02125
0.0296875
0.0352083
0.0442708
0.0571875
0.0629514
0.0663542
0.0722569
0.0721875
0.0766667
0.075
0.0766667
0.0789583
0.0795833
0.0769792
0.0772917
0.0732292
0.0723958
0.0710417
0.0709375
0.0715625
0.069375
0.075
0.0765625
0.0776042
0.0786458
0.0739583
0.0736458
0.0679167
0.0640278
0.0620833
0.0553472
0.0546875
0.0491667
0.0416667
0.0372917
0.0308333
0.0242708
0.02125
0.015
0.0105208
0.0075
0.00416667
0.000833333
0.00114583
0.003125
0.005
0.00583333
0.01
0.0191667
0.02375
0.0320833
0.038125
0.0384375
0.0396875
0.0403125
0.0402083
0.0411458
0.0422917
0.0438542
0.044375
0.0473958
0.0473958
0.0484375
0.0511458
0.0508333
0.0514583
0.0536458
0.0546875
0.0545833
0.056875
0.055625
0.056875
0.0629167
0.0636458
0.0596875
0.0561458
0.0551042
0.0533333
0.0444792
0.0407292
0.0394792
0.0334375
0.0290625
0.0290625
0.023125
0.0204167
0.0172917
0.0136458
0.0110417
0.00677083
0.004375
0.00458333
0.006875
0.0105208
0.0110417
0.0110417
0.0117708
0.0122917
0.0135417
0.0144792
0.0145833
0.015625
0.0161458
0.0164583
0.01625
0.0161458
0.016875
0.0165625
0.0171875
0.016875
0.01875
0.0198958
0.020625
0.0213542
0.0213542
0.0214583
0.0220833
0.0214583
0.0226042
0.0221875
0.0221875
0.0215625
0.0201042
0.0223958
0.0235417
0.0276042
0.034375
0.0377083
0.0475
0.0540625
0.0560417
0.055625
0.0558333
0.0566319
0.0585069
0.0619792
0.0609375
0.0651042
0.0652083
0.0653125
0.0686458
0.0688542
0.0709375
0.0703125
0.0742708
0.0747917
0.076875
0.0772917
0.0766667
0.0753125
0.0775
0.0803125
0.0808333
0.0804167
0.079375
0.0822917
0.0804167
0.0794792
0.0819792
0.0882292
0.0857639
0.0852083
0.0826042
0.0798958
0.0752083
0.0735069
0.0709375
0.0656944
0.0563194
0.0530208
0.0468403
0.0402083
0.0378125
0.0304167
0.0252778
0.0236458
0.0158681
0.0126042
0.00947917
0.00461806
0.0034375
0.00329861
0
0
0
0
0
0
0
0.000208333
0.000208333
0.000520833
0.000416667
0.0003125
0.0003125
0.0003125
0.0003125
0.0003125
0.0003125
0.0003125
0.0003125
0.0003125
0.0003125
0.0003125
0.0003125
0.0003125
0.000208333
0.000208333
0.0003125
0.0003125
0.0003125
0.000208333
0.000208333
0.0003125
0.0003125
0.0003125
0.0003125
0.0003125
0.0003125
0.0003125
0.000416667
0.000625
0.000833333
0.000520833
0.000520833
0.000416667
0.0003125
0.0003125
0.0003125
0.0003125
0.000208333
0.0003125
0.000208333
0.000208333
0.000208333
0.0003125
0.000208333
0.000208333
0.000208333
0.000729167
0.0059375
0.00958333
0.0167708
0.0235417
0.0273958
0.0328125
0.0353125
0.03625
0.0389583
0.0409375
0.0419792
0.0435417
0.0480208
0.0523958
0.0619792
0.07375
0.07875
0.0883333
0.0979167
0.103646
0.117188
0.128542
0.134583
0.146979
0.157812
0.1625
0.175104
0.176667
0.180312
0.181667
0.190104
0.187708
0.19
0.193646
0.197049
0.199687
0.194167
0.189271
0.186771
0.184688
0.181875
0.1775
0.173437
0.174375
0.174271
0.175417
0.175382
0.178646
0.18
0.18625
0.178056
0.180069
0.178194
0.171424
0.163194
0.1575
0.153924
0.152188
0.150799
0.151701
0.142465
0.142917
0.140521
0.135104
0.132708
0.126389
0.1175
0.113646
0.110937
0.105313
0.101667
0.0973264
0.0907292
0.0857292
0.0810069
0.0730556
0.0693056
0.0667708
0.0625694
0.0607292
0.0604167
0.0602083
0.0604167
0.0613542
0.0607292
0.0596875
0.0591667
0.0603125
0.060625
0.0616667
0.0620833
0.0621875
0.0611458
0.0621875
0.0596875
0.0601042
0.0610417
0.0619792
0.0619792
0.0632292
0.0628125
0.0653125
0.0660417
0.0673958
0.0740625
0.0777083
0.080625
0.0842361
0.0877083
0.0865625
0.0932292
0.0973958
0.0976042
0.100208
0.102292
0.101875
0.103021
0.106458
0.106042
0.104583
0.106458
0.106979
0.109687
0.113229
0.114375
0.115417
0.115625
0.115833
0.116875
0.118542
0.117604
0.121875
0.122604
0.122917
0.123021
0.119896
0.121667
0.123333
0.124896
0.124063
0.125938
0.125521
0.127292
0.128333
0.131146
0.130208
0.130625
0.131562
0.130903
0.13375
0.132604
0.133854
0.135833
0.135208
0.137708
0.138854
0.140937
0.141875
0.142396
0.141042
0.144132
0.142813
0.138437
0.139375
0.141146
0.139896
0.140625
0.140833
0.138021
0.138437
0.140069
0.137986
0.137465
0.138854
0.139687
0.140521
0.139722
0.138646
0.13875
0.139167
0.136875
0.135868
0.133646
0.135417
0.136771
0.134792
0.133437
0.132292
0.133021
0.132812
0.133437
0.132396
0.132812
0.132604
0.132083
0.132604
0.131667
0.131979
0.130625
0.130521
0.130938
0.129688
0.129271
0.126562
0.126146
0.125417
0.125208
0.123125
0.123958
0.12125
0.123194
0.120694
0.11934
0.117604
0.117188
0.117708
0.117708
0.114687
0.114896
0.111458
0.111042
0.107813
0.106354
0.10625
0.10625
0.110312
0.111771
0.116875
0.121563
0.122083
0.125417
0.123229
0.12125
0.116875
0.114167
0.11875
0.114167
0.110833
0.1075
0.106146
0.10434
0.102917
0.101319
0.100208
0.099375
0.0986458
0.0972917
0.0959375
0.0991667
0.0964583
0.0960417
0.0933333
0.0908333
0.0887153
0.0885417
0.0911458
0.0921875
0.0939583
0.0923958
0.0923958
0.101562
0.0997917
0.0983333
0.0986458
0.100417
0.09875
0.0971875
0.0948958
0.094375
0.0923958
0.0946875
0.0932292
0.0920833
0.0919792
0.0917708
0.089375
0.0894792
0.08875
0.085625
0.085625
0.0844792
0.0860417
0.0876042
0.0873958
0.0871875
0.0929167
0.090625
0.0897917
0.0875
0.0866667
0.0853125
0.0833333
0.08
0.0803125
0.0777083
0.0771875
0.0769792
0.07875
0.0778125
0.0753125
0.0747917
0.074375
0.0740625
0.0742708
0.0738542
0.0771875
0.0761458
0.0761458
0.075
0.0755208
0.0832292
0.0807639
0.0809722
0.0809722
0.0784722
0.08125
0.0820833
0.0866667
0.0910417
0.0898958
0.0963542
0.1025
0.104896
0.111458
0.118333
0.122396
0.129271
0.135451
0.137847
0.140868
0.149062
0.153021
0.161458
0.167813
0.172187
0.191007
0.195069
0.195833
0.203646
0.209583
0.209792
0.217188
0.224583
0.228958
0.236563
0.242708
0.245521
0.252396
0.257188
0.260208
0.264375
0.270313
0.271667
0.275208
0.281562
0.283646
0.292604
0.295938
0.296042
0.301146
0.365521
0.355938
0.352083
0.352917
0.355799
0.35809
0.363194
0.365799
0.370799
0.375069
0.376736
0.382361
0.397674
0.398611
0.407674
0.409132
0.411215
0.419028
0.426632
0.431632
0.435069
0.441528
0.446944
0.457569
0.467049
0.496875
0.499688
0.5075
0.507917
0.525312
0.530625
0.533854
0.547917
0.5525
0.551007
0.557049
0.563229
0.565312
0.57125
0.577187
0.575625
0.580417
0.586562
0.588854
0.594479
0.600104
0.597917
0.604375
0.606875
0.606667
0.616771
0.616667
0.615521
0.614896
0.587083
0.58125
0.581354
0.578438
0.576458
0.577431
0.574583
0.574896
0.573438
0.574167
0.569583
0.571771
0.569063
0.565104
0.565312
0.563958
0.560208
0.561146
0.561875
0.5625
0.566875
0.577812
0.573333
0.573646
0.577292
0.572917
0.573021
0.575417
0.575451
0.575625
0.576667
0.571042
0.572708
0.575729
0.572604
0.576875
0.574271
0.570521
0.568958
0.566458
0.565417
0.55875
0.559271
0.555104
0.553854
0.550312
0.558333
0.555208
0.552604
0.547917
0.548229
0.548333
0.545729
0.543646
0.541146
0.538542
0.534687
0.528333
0.527604
0.522917
0.520938
0.515625
0.512396
0.507917
0.506042
0.501146
0.495521
0.492083
0.487604
0.484271
0.47875
0.485208
0.477917
0.477604
0.470799
0.463715
0.455382
0.450382
0.448299
0.444653
0.442882
0.438611
0.435243
0.429306
0.427326
0.421285
0.41566
0.411493
0.409097
0.404097
0.404653
0.400903
0.398507
0.392153
0.387118
0.38316
0.397708
0.389688
0.385313
0.383437
0.379583
0.373229
0.369792
0.362292
0.362604
0.358125
0.354167
0.350729
0.3425
0.339167
0.337604
0.335625
0.330833
0.327917
0.323021
0.319583
0.317188
0.313646
0.309583
0.307083
0.304688
0.32
0.314063
0.310104
0.30625
0.302396
0.298576
0.293542
0.29
0.286979
0.280938
0.276979
0.2725
0.268542
0.267396
0.265417
0.2625
0.260313
0.255208
0.249688
0.246562
0.243854
0.239896
0.236458
0.236667
0.234583
0.254375
0.246979
0.2425
0.237187
0.234271
0.229271
0.225104
0.222812
0.221146
0.217812
0.21625
0.213021
0.210729
0.207917
0.204167
0.201458
0.196042
0.191979
0.189896
0.188854
0.183021
0.180833
0.179688
0.176597
0.172639
0.198785
0.188229
0.182604
0.179375
0.174792
0.171458
0.166563
0.165104
0.16
0.154896
0.152812
0.149583
0.145417
0.143646
0.140833
0.138958
0.135208
0.1325
0.13125
0.127292
0.127396
0.125417
0.124271
0.123021
0.12
0.145937
0.137292
0.134375
0.129271
0.126354
0.122813
0.12
0.118125
0.115
0.110937
0.108229
0.104479
0.103438
0.102083
0.100937
0.0972917
0.095625
0.0952083
0.0911458
0.0904167
0.0880208
0.0864583
0.0826042
0.0820833
0.0794792
0.103125
0.0927083
0.086875
0.086875
0.0846875
0.0823958
0.0788542
0.0765625
0.0736458
0.0741667
0.0742708
0.0715625
0.0692708
0.0694792
0.0685417
0.0688542
0.0682292
0.0682292
0.0636458
0.0634375
0.0626042
0.0610417
0.059375
0.0572917
0.0578125
0.0673958
0.061875
0.0573958
0.0547917
0.053125
0.0527083
0.0505208
0.0492708
0.0497917
0.049375
0.0467708
0.0455208
0.0451042
0.0442708
0.0453125
0.0445833
0.0440625
0.0428125
0.0425
0.0404167
0.0402083
0.040625
0.0397917
0.038125
0.0389583
0.0505208
0.0484375
0.0464583
0.0430208
0.0413542
0.0394792
0.0394792
0.0394792
0.0384375
0.0373958
0.0378125
0.0386458
0.0369792
0.0357292
0.0345833
0.0332292
0.0342708
0.0334375
0.0329167
0.0341667
0.033125
0.0339236
0.0329167
0.0327083
0.0314583
0.0363542
0.0325
0.0322917
0.0330208
0.0305208
0.0303125
0.0285417
0.0273958
0.0252083
0.0278125
0.02875
0.0259375
0.0251042
0.024375
0.02375
0.0223958
0.0217708
0.0223958
0.0236458
0.024375
0.0234375
0.025
0.0246875
0.0241667
0.0211458
0.0316667
0.0303125
0.0278125
0.0267708
0.0251042
0.0235417
0.0219792
0.0180208
0.0159375
0.0141667
0.0135417
0.0136458
0.0136458
0.0122917
0.0121875
0.0122917
0.0120833
0.009375
0.0096875
0.00916667
0.00895833
0.00927083
0.00895833
0.00791667
0.00791667
0.0110417
0.00947917
0.00822917
0.00739583
0.00885417
0.00854167
0.00791667
0.009375
0.00927083
0.00989583
0.0111458
0.0122917
0.0107292
0.0116667
0.0122917
0.0129167
0.0130208
0.0134375
0.0138542
0.0155208
0.0159375
0.0175
0.0169792
0.0167708
0.0167708
0.02
0.0179167
0.0172917
0.0172917
0.0166667
0.0160417
0.0158333
0.0160417
0.0163542
0.0161458
0.0152083
0.0139583
0.0135417
0.0134375
0.0134375
0.0135417
0.0132292
0.0134375
0.0134375
0.0130208
0.0136458
0.0138542
0.0134375
0.0133333
0.0140625
0.0169792
0.015625
0.0160417
0.0160417
0.0158333
0.0158333
0.0159375
0.0151042
0.014375
0.0157292
0.0154167
0.0160417
0.016875
0.0166667
0.0165625
0.0160417
0.0160417
0.0160417
0.0165625
0.0153125
0.0159375
0.0157292
0.015625
0.0151042
0.014375
0.0158333
0.0147917
0.0138542
0.013125
0.0125
0.0126042
0.0121875
0.0105208
0.009375
0.00822917
0.0071875
0.005625
0.00458333
0.00375
0.00270833
0.00270833
0.00260417
0.0028125
0.00260417
0.00270833
0.00260417
0.0025
0.0025
0.00333333
0.00322917
0.00364583
0.0021875
0.0021875
0.00197917
0.0025
0.0025
0.00270833
0.00229167
0.0025
0.00375
0.003125
0.003125
0.00229167
0.001875
0.00177083
0.00135417
0.00114583
0.00125
0.00104167
0.000833333
0.000625
0.000520833
0.000520833
0.000729167
0.000729167
0.00197917
0.001875
0.0015625
0.00135417
0.00177083
0.00177083
0.00145833
0.00114583
0.00114583
0.000729167
0.000729167
0.000833333
0.000520833
0.000729167
0.000729167
0.000729167
0.000625
0.000520833
0.000520833
0.000520833
0.000520833
0.000729167
0.000729167
0.000729167
0.000729167
0.000729167
0.000729167
0.000208333
0.000208333
0.000208333
0.0003125
0.0003125
0.0003125
0.000416667
0.00125
0.00177083
0.00416667
0.0046875
0.00520833
0.00635417
0.00645833
0.00739583
0.0075
0.0075
0.00770833
0.00708333
0.00833333
0.0090625
0.00916667
0.00802083
0.00791667
0.00635417
0.00645833
0.0059375
0.00510417
0.00479167
0.00427083
0.00364583
0.00302083
0.00489583
0.0040625
0.00364583
0.00291667
0.003125
0.003125
0.004375
0.00427083
0.0034375
0.00416667
0.00395833
0.00510417
0.00583333
0.00604167
0.00583333
0.00666667
0.006875
0.00770833
0.00791667
0.0075
0.00739583
0.00614583
0.00625
0.00625
0.00635417
0.00635417
0.005625
0.00364583
0.00322917
0.00197917
0.00145833
0.00104167
0.000416667
0.000104167
0.000104167
0.000416667
0.00104167
0.00114583
0.00135417
0.00177083
0.001875
0.0028125
0.0034375
0.00375
0.00416667
0.005
0.00552083
0.00635417
0.0078125
0.008125
0.0111458
0.0135417
0.0133333
0.0146875
0.0129167
0.0127083
0.0107292
0.00822917
0.00770833
0.00802083
0.00729167
0.0075
0.0084375
0.00927083
0.00927083
0.0110417
0.0132639
0.0136458
0.0176042
0.0182292
0.0166667
0.0164583
0.0164583
0.0165625
0.0163542
0.0171875
0.01625
0.014375
0.015625
0.015
0.0129167
0.0127083
0.0123958
0.0121875
0.0122222
0.0105208
0.0104167
0.0115625
0.0105208
0.010625
0.0109375
0.0102083
0.0115278
0.0110417
0.0108333
0.0107292
0.00989583
0.0101042
0.00989583
0.00864583
0.00979167
0.00833333
0.0078125
0.00677083
0.0075
0.00885417
0.009375
0.00791667
0.00833333
0.00614583
0.008125
0.0071875
0.00802083
0.00947917
0.00895833
0.00875
0.00659722
0.00690972
0.00552083
0.00583333
0.00604167
0.0059375
0.005625
0.0053125
0.00552083
0.005625
0.005625
0.005625
0.00791667
0.00791667
0.0075
0.0096875
0.0115625
0.0109375
0.0127083
0.0138542
0.0120833
0.0186458
0.0180208
0.0182292
0.0189583
0.0198958
0.0189583
0.019375
0.0197917
0.0194792
0.0221875
0.0247917
0.0261458
0.0283333
0.0309375
0.03
0.0305208
0.0307292
0.0304167
0.0325
0.031875
0.033125
0.0333333
0.0346875
0.0341667
0.0353125
0.0351042
0.0336458
0.0344792
0.0369792
0.0366667
0.0375
0.0366667
0.0365625
0.0370833
0.0376042
0.0378125
0.0378125
0.0389583
0.0378125
0.038125
0.0386458
0.038125
0.0392708
0.040625
0.0383333
0.0389583
0.0384375
0.0389583
0.038125
0.0372917
0.0376042
0.0373958
0.0369792
0.0360417
0.0357292
0.0359375
0.0366667
0.0369792
0.0367708
0.0366667
0.0382292
0.0377083
0.0366667
0.0414583
0.041875
0.0417708
0.0410417
0.0410417
0.0416667
0.040625
0.0404167
0.0395833
0.0370833
0.0363542
0.0346875
0.0363542
0.0369792
0.0380208
0.0389583
0.0369792
0.0345833
0.0346875
0.0347917
0.033125
0.0347917
0.0361458
0.0351042
0.0365625
0.0403125
0.0392708
0.0389583
0.0403125
0.040625
0.0421875
0.0459375
0.0461458
0.0491667
0.0510417
0.0494792
0.05
0.0510417
0.0521875
0.0544792
0.0553125
0.055625
0.0573958
0.0590625
0.0575
0.0597917
0.0614583
0.0608333
0.0611458
0.0619792
0.0639583
0.0622917
0.0607292
0.059375
0.059375
0.0582292
0.0578125
0.0573958
0.0565625
0.0560417
0.0564583
0.0573958
0.0576042
0.0565625
0.0569792
0.056875
0.0575
0.0571875
0.0573958
0.056875
0.0579167
0.0579167
0.0577083
0.0580208
0.0578125
0.0591667
0.0589583
0.0575
0.0576042
0.0567708
0.0564583
0.0565625
0.0548958
0.0540625
0.05375
0.0539583
0.0536458
0.0528125
0.0542708
0.05375
0.0534375
0.05375
0.0530208
0.0530208
0.0538542
0.0522917
0.0536458
0.0520833
0.0529167
0.0532292
0.0545833
0.0525
0.0509375
0.0507292
0.0510417
0.05
0.0497917
0.04875
0.0497917
0.0510417
0.0504167
0.050625
0.0504167
0.0484375
0.04875
0.0486458
0.0482292
0.0480208
0.0473958
0.0452083
0.0447917
0.0448958
0.0445833
0.0473958
0.0495833
0.0514583
0.0519792
0.0534375
0.0527083
0.0529167
0.0554167
0.0565625
0.0546875
0.05375
0.0513542
0.0484375
0.0466667
0.0460417
0.045
0.0435417
0.0420833
0.0401042
0.0404167
0.0405208
0.0394792
0.0391667
0.0383333
0.03625
0.0355208
0.0347917
0.035
0.0345833
0.0336458
0.0344792
0.0326042
0.0325
0.0310417
0.03125
0.0317708
0.0305208
0.0320833
0.0310417
0.0303125
0.0286458
0.0296875
0.0286458
0.0272917
0.0271875
0.0271875
0.0270833
0.028125
0.0272917
0.0271875
0.0255208
0.0239583
0.0267708
0.0238542
0.0238542
0.0238542
0.0245833
0.0230208
0.0227083
0.0225
0.0221875
0.0219792
0.0217708
0.0214583
0.0213542
0.0222917
0.0207292
0.0223958
0.021875
0.0222917
0.0208333
0.0198958
0.0211458
0.0204167
0.0188542
0.0190625
0.0183333
0.018125
0.018125
0.0182292
0.01875
0.0166667
0.0161458
0.0166667
0.0155208
0.0157292
0.0163542
0.0170833
0.01875
0.0192708
0.019375
0.0228125
0.0215625
0.02125
0.0188542
0.0186458
0.0158333
0.0154167
0.01375
0.0134375
0.0130208
0.0129167
0.0139583
0.0138542
0.01375
0.0128125
0.0125
0.0122917
0.0115625
0.0113542
0.0113542
0.01125
0.010625
0.0105208
0.0105208
0.0103125
0.01
0.01
0.01
0.009375
0.00927083
0.0090625
0.00916667
0.0103125
0.0090625
0.0096875
0.0116667
0.0152083
0.0141667
0.0161458
0.0182292
0.0191667
0.0223958
0.0210417
0.0209375
0.0220833
0.021875
0.021875
0.0203125
0.0171875
0.0171875
0.0161458
0.0163542
0.0147917
0.0148958
0.015
0.0157292
0.0177083
0.0152083
0.0152083
0.015625
0.0127083
0.0115625
0.0104167
0.0102083
0.0096875
0.00614583
0.00520833
0.00510417
0.00510417
0.00510417
0.00510417
0.00489583
0.0046875
0.00447917
0.00572917
0.005625
0.00583333
0.00666667
0.00614583
0.00677083
0.0071875
0.00552083
0.00510417
0.0040625
0.0065625
0.00541667
0.0202083
0.0186458
0.0175
0.0201042
0.0211458
0.0220833
0.0201042
0.0189583
0.0188542
0.0186458
0.0178125
0.0155208
0.0133333
0.0130208
0.01125
0.0120833
0.0115625
0.0096875
0.00864583
0.005625
0.00854167
0.0096875
0.00979167
0.00666667
0.00604167
0.009375
0.006875
0.00666667
0.0059375
0.00427083
0.0065625
0.00770833
0.00875
0.0101042
0.0096875
0.0105208
0.0110417
0.0116667
0.0126042
0.0126042
0.0133333
0.0129167
0.0142708
0.01375
0.0133333
0.0142708
0.0152083
0.016875
0.0180208
0.0173958
0.0236458
0.0233333
0.0210417
0.0204167
0.0194792
0.0195833
0.0185417
0.0178125
0.0182292
0.0210417
0.0239583
0.0245833
0.0275
0.0279167
0.0277083
0.0272917
0.0314583
0.0333333
0.0342708
0.0365625
0.0372917
0.0430208
0.0476042
0.0513542
0.0583333
0.0695833
0.0705208
0.0790625
0.0846875
0.0877778
0.0945833
0.102396
0.10125
0.11375
0.119688
0.120938
0.131458
0.133333
0.133542
0.139687
0.147292
0.151146
0.156042
0.165313
0.163021
0.169479
0.168958
0.170625
0.176597
0.187604
0.189514
0.201042
0.212188
0.215556
0.221285
0.230243
0.233056
0.242847
0.250556
0.252708
0.262014
0.277396
0.279896
0.290521
0.298125
0.298229
0.303542
0.313958
0.313125
0.316458
0.327188
0.33125
0.337292
0.342187
0.344479
0.360104
0.357674
0.356667
0.368958
0.374375
0.374167
0.3825
0.390833
0.393021
0.399792
0.405729
0.407813
0.420833
0.428958
0.434792
0.449792
0.4625
0.463229
0.479792
0.490729
0.494688
0.509896
0.520312
0.52066
0.538056
0.552326
0.552917
0.566771
0.5725
0.567604
0.567187
0.568993
0.562604
0.5625
0.554375
0.554549
0.557917
0.555625
0.551354
0.544896
0.544375
0.544687
0.553125
0.566354
0.569583
0.586042
0.584583
0.574271
0.597396
0.60625
0.616979
0.624792
0.625625
0.629167
0.645625
0.656493
0.661111
0.68191
0.701042
0.700937
0.714063
0.722187
0.722639
0.739722
0.746528
0.748333
0.753854
0.759306
0.764097
0.766667
0.768437
0.763507
0.771667
0.765208
0.761042
0.755313
0.755035
0.754583
0.761146
0.765104
0.754687
0.75309
0.76
0.760833
0.763229
0.761875
0.766563
0.762813
0.762326
0.754896
0.754097
0.748437
0.740035
0.729688
0.727187
0.716875
0.710833
0.711632
0.722292
0.734479
0.738889
0.732951
0.738576
0.746875
0.746076
0.745104
0.740833
0.734132
0.730903
0.726562
0.720104
0.710625
0.706354
0.704653
0.711528
0.714583
0.712014
0.714583
0.717187
0.714896
0.717778
0.719132
0.716979
0.722153
0.713021
0.70816
0.703854
0.702604
0.704063
0.708646
0.705417
0.696458
0.691458
0.697917
0.694063
0.687813
0.690417
0.695312
0.703576
0.720208
0.711667
0.721562
0.727292
0.724167
0.722396
0.72375
0.712187
0.714236
0.711076
0.702569
0.726424
0.725729
0.724792
0.72875
0.720729
0.722917
0.721146
0.720694
0.722361
0.726042
0.731042
0.722083
0.720903
0.715938
0.716979
0.711597
0.711111
0.711667
0.708924
0.706181
0.703785
0.703542
0.703958
0.694618
0.693889
0.689444
0.686701
0.685035
0.676771
0.670937
0.671007
0.670625
0.666562
0.666354
0.679688
0.672604
0.665312
0.657292
0.654583
0.657917
0.665104
0.654583
0.65625
0.651424
0.645625
0.645347
0.648785
0.641424
0.643368
0.653229
0.653368
0.648646
0.647188
0.640729
0.647813
0.648229
0.650451
0.646146
0.64375
0.639687
0.630694
0.628021
0.625521
0.617188
0.639687
0.628229
0.640208
0.639687
0.638021
0.647708
0.648785
0.652083
0.648646
0.639271
0.633229
0.632083
0.628611
0.625104
0.617569
0.61691
0.613854
0.615521
0.620104
0.620417
0.61316
0.620278
0.609583
0.610139
0.616667
0.618646
0.620313
0.617396
0.614271
0.617743
0.627083
0.62875
0.637847
0.637743
0.640104
0.649271
0.651493
0.646771
0.651528
0.648438
0.647188
0.652396
0.664792
0.663958
0.672396
0.679306
0.674167
0.672188
0.679861
0.670833
0.679444
0.683194
0.685625
0.683125
0.675625
0.670729
0.669896
0.668333
0.659375
0.660417
0.658438
0.658264
0.655625
0.653125
0.650417
0.645312
0.648646
0.652222
0.657708
0.656458
0.663854
0.661563
0.656042
0.654375
0.665208
0.670764
0.666458
0.659792
0.658125
0.647917
0.644167
0.641875
0.638542
0.634167
0.631458
0.629132
0.623958
0.617604
0.605938
0.600938
0.592153
0.589757
0.589792
0.590278
0.581632
0.588542
0.583646
0.578646
0.575
0.578646
0.572326
0.571562
0.565799
0.557187
0.554896
0.54625
0.539062
0.537222
0.54
0.535417
0.548542
0.548646
0.54875
0.547986
0.54875
0.544583
0.561562
0.578958
0.576215
0.593194
0.586076
0.582604
0.590208
0.590729
0.593333
0.590764
0.589306
0.584375
0.591354
0.58375
0.583229
0.578438
0.578646
0.580833
0.578854
0.575417
0.572083
0.57125
0.57125
0.564896
0.558646
0.545208
0.538438
0.527083
0.520104
0.507222
0.495208
0.496597
0.490035
0.484375
0.481007
0.475556
0.477361
0.477153
0.477708
0.485833
0.491563
0.491667
0.491875
0.496007
0.495312
0.502604
0.496875
0.49
0.496285
0.492812
0.486563
0.482639
0.477917
0.473125
0.470069
0.469514
0.462187
0.457917
0.462118
0.455694
0.452569
0.454896
0.452986
0.451528
0.453437
0.44125
0.438646
0.443472
0.442292
0.439201
0.433229
0.42559
0.424063
0.420174
0.410174
0.406319
0.399236
0.388542
0.396146
0.398854
0.391979
0.390868
0.378021
0.376875
0.388299
0.384167
0.375
0.368021
0.361771
0.358021
0.358958
0.346458
0.337187
0.329271
0.322604
0.324792
0.319479
0.312292
0.3075
0.31941
0.311354
0.308958
0.308437
0.309201
0.308056
0.318229
0.318125
0.318646
0.319271
0.318194
0.322708
0.328854
0.327222
0.312917
0.3175
0.312986
0.312708
0.322917
0.322431
0.322465
0.330729
0.338993
0.336319
0.340625
0.34184
0.34066
0.341493
0.338993
0.337882
0.332257
0.330556
0.325035
0.327257
0.321215
0.314792
0.312882
0.310347
0.297326
0.297326
0.296354
0.284028
0.283438
0.274792
0.267708
0.266354
0.257083
0.255312
0.245833
0.235729
0.232535
0.227014
0.220069
0.213194
0.211562
0.21066
0.208403
0.203125
0.195903
0.199063
0.204792
0.211146
0.21375
0.232743
0.24191
0.237813
0.246076
0.254583
0.252743
0.246354
0.249722
0.253437
0.247674
0.245417
0.239896
0.23625
0.232153
0.237118
0.236181
0.233854
0.236389
0.238646
0.248854
0.247708
0.255312
0.265
0.264167
0.272743
0.276875
0.275278
0.285
0.286806
0.289479
0.308819
0.316736
0.315347
0.319792
0.321667
0.318646
0.321771
0.319792
0.321111
0.317153
0.312396
0.311042
0.310764
0.310903
0.300521
0.301667
0.298576
0.297604
0.294861
0.296215
0.294583
0.29375
0.283611
0.277153
0.277604
0.269062
0.264375
0.261562
0.259375
0.250764
0.243125
0.243333
0.229236
0.229757
0.213507
0.204687
0.199514
0.202708
0.197813
0.190729
0.182083
0.172396
0.169583
0.190521
0.187049
0.185174
0.182153
0.177222
0.177396
0.177083
0.176528
0.170625
0.174028
0.176354
0.166076
0.161285
0.155139
0.147743
0.144271
0.138889
0.130938
0.122813
0.122292
0.117917
0.111389
0.109826
0.103333
0.0984375
0.0936806
0.0877431
0.0829167
0.0774653
0.0740625
0.0772917
0.0741667
0.0745833
0.0731944
0.0704167
0.0831944
0.0803819
0.0775694
0.0771528
0.0750694
0.0706944
0.0674653
0.0645486
0.0600694
0.0554861
0.0517361
0.0490278
0.0468403
0.0446528
0.0431944
0.0423611
0.0399653
0.0375694
0.0342361
0.0340278
0.0315278
0.0303819
0.0281944
0.0269444
0.0252778
0.0277778
0.0251736
0.0231944
0.0220486
0.0217361
0.0201736
0.0184375
0.0176042
0.0164583
0.0159375
0.0148958
0.0141667
0.0138542
0.0133333
0.0144792
0.0136458
0.013125
0.011875
0.0108333
0.0110417
0.0105208
0.0101042
0.0090625
0.00979167
0.00822917
0.0084375
0.00864583
0.00822917
0.0084375
0.00697917
0.00666667
0.005625
0.00541667
0.005625
0.00635417
0.00552083
0.00489583
0.00520833
0.00520833
0.0053125
0.00447917
0.00385417
0.00385417
0.0046875
0.00416667
0.00458333
0.00302083
0.003125
0.0028125
0.00270833
0.00270833
0.00270833
0.00260417
0.00260417
0.00260417
0.0021875
0.0021875
0.00239583
0.0021875
0.00208333
0.00166667
0.00177083
0.00177083
0.00166667
0.00177083
0.00125
0.0015625
0.00125
0.00114583
0.000729167
0.000729167
0.0009375
0.00104167
0.00104167
0.00114583
0.000729167
0.000729167
0.000520833
0.000625
0.00177083
0.00364583
0.00489583
0.005625
0.00791667
0.0078125
0.01125
0.011875
0.0125
0.0140625
0.0115625
0.0113542
0.00979167
0.0084375
0.0075
0.0059375
0.00447917
0.00458333
0.00791667
0.0151042
0.0185417
0.0247917
0.0301042
0.0294792
0.0326042
0.0344792
0.0359375
0.0367708
0.0432292
0.0495833
0.05875
0.0671875
0.0726042
0.0810417
0.0840625
0.0867708
0.088125
0.0928125
0.0903125
0.0947917
0.0998958
0.101979
0.102188
0.0997917
0.0986458
0.104271
0.104375
0.100417
0.0982292
0.0957292
0.0939583
0.0940625
0.0873958
0.0891667
0.0863542
0.0847917
0.083125
0.0851042
0.0832292
0.0810417
0.0823958
0.0776736
0.0747917
0.0683333
0.0647917
0.0567708
0.0528125
0.045625
0.0432292
0.0463542
0.0484375
0.0486458
0.0498958
0.0480208
0.0479167
0.0521875
0.0534722
0.0545833
0.0572569
0.0561458
0.0538542
0.056875
0.0591667
0.0594792
0.0560417
0.0594792
0.0622917
0.0640625
0.0645833
0.0605208
0.0604167
0.0641667
0.05875
0.0589583
0.0554167
0.0566667
0.0590625
0.061875
0.0578125
0.06125
0.0642361
0.0611458
0.0653125
0.0654167
0.0641667
0.0625
0.0627083
0.0619097
0.0634375
0.0633333
0.0573611
0.0532639
0.0482986
0.0460764
0.0385417
0.0311458
0.0258333
0.0253125
0.0186458
0.0139931
0.0122222
0.0122917
0.00944444
0.0119792
0.011875
0.0084375
0.00760417
0.00427083
0.005
0.004375
0.005
0.004375
0.00541667
0.0053125
0.00510417
0.00625
0.00677083
0.00729167
0.00604167
0.0071875
0.0084375
0.00885417
0.00979167
0.0103125
0.0102083
0.0102083
0.0104167
0.0159375
0.0241667
0.024375
0.0347917
0.0469792
0.0547917
0.0647917
0.0790625
0.0867708
0.096875
0.111979
0.118854
0.133125
0.151562
0.159062
0.173854
0.186146
0.197917
0.215625
0.227083
0.23375
0.250937
0.266354
0.275313
0.292187
0.307812
0.309167
0.320312
0.326875
0.324062
0.334062
0.333437
0.325833
0.323229
0.311563
0.31125
0.305208
0.297292
0.297708
0.293438
0.280104
0.271562
0.263229
0.254896
0.255
0.249514
0.242326
0.237292
0.238125
0.23125
0.228854
0.224514
0.215208
0.21559
0.211458
0.201458
0.198437
0.186875
0.177083
0.170833
0.15625
0.141458
0.135104
0.115521
0.103438
0.0972917
0.0828125
0.0704167
0.0646875
0.0517708
0.0413542
0.0352083
0.025625
0.0201042
0.0176389
0.0115972
0.00708333
0.00472222
0.000972222
0
0
0
0
0
0.00104167
0.00260417
0.00270833
0.00375
0.0040625
0.00375
0.001875
0.000729167
0.000520833
0
0
0
0
0
0
0
0
0
0
0
0
0
0
0
0
0
0
0
0
0
0
0
0
0
0
0
0
0
0
0
0
0
0
0
0
0
0
0
0
0
0
0
0
0
0
0
0
0
0
0
0
0
0
0
0
0
0
0
0
0
0
0
0
0
0
0
0
0
0
0
0
0
0
0
0
0
0
0
0
0
0
0
0
0
0
0
0
0
0
0
0
0
0
0
0
0
0
0
0
0
0
0
0
0
0
0
0
0
0
0
0
0
0
0
0
0
0
0
0.0028125
0.00614583
0.0140625
0.0227083
0.0265625
0.0327083
0.0379167
0.0404167
0.0430208
0.04625
0.0465625
0.049375
0.0510417
0.0514583
0.0519792
0.0529167
0.0536458
0.0533333
0.0521875
0.0538542
0.05375
0.055625
0.0589583
0.0575
0.05625
0.0572917
0.0603125
0.0609375
0.0613542
0.0627083
0.0660417
0.0676042
0.0715625
0.0844792
0.0878125
0.099375
0.111667
0.115833
0.124479
0.139687
0.139271
0.147187
0.150625
0.151146
0.159271
0.168646
0.168125
0.17125
0.178229
0.175833
0.179063
0.182812
0.183438
0.182083
0.184896
0.186979
0.187083
0.188021
0.184167
0.185625
0.188021
0.185104
0.189167
0.185521
0.1825
0.183333
0.180833
0.178125
0.178125
0.175208
0.1725
0.172083
0.176354
0.178125
0.179271
0.183229
0.185312
0.188021
0.190104
0.19375
0.193854
0.192604
0.188958
0.189167
0.189792
0.189479
0.193333
0.195417
0.194375
0.196875
0.201667
0.200521
0.201771
0.201875
0.203229
0.208229
0.212917
0.215104
0.2225
0.227083
0.230937
0.235
0.241563
0.246458
0.253229
0.249167
0.249375
0.250833
0.248229
0.251875
0.246667
0.248125
0.249375
0.249062
0.249375
0.248333
0.247812
0.248125
0.248333
0.248542
0.249062
0.244792
0.245833
0.24375
0.243125
0.241771
0.241042
0.241979
0.245
0.250104
0.253021
0.256667
0.265521
0.265104
0.276042
0.277292
0.27875
0.286667
0.283646
0.282917
0.284792
0.283438
0.279687
0.277083
0.274271
0.271771
0.268958
0.2675
0.264375
0.262396
0.260833
0.258646
0.25625
0.253542
0.248333
0.24625
0.246979
0.247292
0.246042
0.250208
0.250208
0.254792
0.27
0.268333
0.270521
0.276354
0.276771
0.280104
0.282396
0.283646
0.283958
0.283854
0.284583
0.285208
0.290312
0.296146
0.300208
0.30875
0.313958
0.320312
0.325208
0.328299
0.336007
0.342708
0.345625
0.354063
0.359063
0.375625
0.376354
0.38
0.380312
0.379792
0.381771
0.381458
0.38441
0.382708
0.383333
0.387153
0.386562
0.386979
0.385521
0.384167
0.380937
0.381563
0.382812
0.380729
0.374167
0.371667
0.368125
0.364792
0.365104
0.36191
0.376979
0.369063
0.366563
0.365104
0.362917
0.359063
0.355
0.353854
0.352187
0.356875
0.356354
0.356979
0.361563
0.365625
0.363229
0.371458
0.374236
0.375937
0.380521
0.388021
0.388229
0.3925
0.400521
0.402187
0.404479
0.434861
0.428299
0.43059
0.433507
0.432708
0.434479
0.430104
0.432292
0.435
0.435104
0.438437
0.435729
0.437708
0.438542
0.438021
0.439688
0.440729
0.441042
0.437292
0.436042
0.436563
0.432396
0.428854
0.425
0.424896
0.459167
0.448542
0.450729
0.445729
0.444931
0.443576
0.438576
0.443368
0.451111
0.444965
0.449653
0.453403
0.450486
0.454549
0.457674
0.453507
0.456319
0.456736
0.45684
0.455
0.455625
0.455521
0.454062
0.454792
0.455
0.479479
0.473021
0.469062
0.463646
0.463333
0.463021
0.46125
0.459375
0.455625
0.452083
0.453333
0.446771
0.443333
0.442292
0.438229
0.432917
0.431528
0.428299
0.423403
0.422049
0.419132
0.422986
0.424653
0.420903
0.422986
0.449167
0.442083
0.439583
0.436875
0.431319
0.431111
0.429861
0.427986
0.429757
0.430278
0.426736
0.425729
0.428646
0.425417
0.421042
0.421563
0.417187
0.423854
0.424063
0.4175
0.416875
0.416146
0.417396
0.41375
0.413958
0.448854
0.437604
0.431667
0.426771
0.420521
0.413438
0.411146
0.405521
0.404687
0.398438
0.397049
0.392882
0.389653
0.386875
0.385208
0.382465
0.381007
0.378194
0.377049
0.371111
0.368299
0.365
0.364687
0.364479
0.360208
0.38625
0.380312
0.374792
0.370521
0.364583
0.361667
0.356979
0.353125
0.350833
0.348229
0.345
0.338542
0.335313
0.334271
0.330208
0.324688
0.3225
0.320417
0.315312
0.313785
0.309792
0.307188
0.302917
0.303125
0.298438
0.356458
0.33934
0.333715
0.328507
0.324444
0.321528
0.317257
0.31309
0.307778
0.305799
0.301458
0.296875
0.293819
0.292882
0.290729
0.283438
0.278854
0.275938
0.273125
0.27059
0.26934
0.266215
0.262465
0.259965
0.256354
0.290521
0.279896
0.275729
0.267292
0.265313
0.260833
0.256458
0.249583
0.247083
0.241042
0.236146
0.236667
0.232326
0.230313
0.23125
0.226667
0.222396
0.221667
0.219271
0.219479
0.219167
0.211875
0.209063
0.205104
0.203333
0.222778
0.212917
0.206563
0.202604
0.196354
0.193542
0.191771
0.189688
0.185
0.181562
0.181424
0.179583
0.17625
0.173125
0.172604
0.169479
0.170937
0.170313
0.170729
0.171146
0.170521
0.169063
0.1675
0.165833
0.163125
0.225729
0.209375
0.202292
0.199687
0.194688
0.188333
0.183021
0.179583
0.175937
0.17375
0.169271
0.165382
0.16309
0.15875
0.157188
0.152257
0.148819
0.145486
