0
0.0525174
0.0578472
0.0719271
0.0852344
0.0898698
0.100937
0.112292
0.115547
0.124844
0.132474
0.135234
0.138802
0.141406
0.143776
0.146927
0.148646
0.149479
0.150938
0.166875
0.164062
0.165634
0.164896
0.163099
0.16263
0.165964
0.167161
0.169271
0.172891
0.173854
0.174271
0.176615
0.176302
0.174349
0.173958
0.174505
0.17388
0.174766
0.174609
0.17612
0.174661
0.174531
0.174036
0.173854
0.17474
0.172031
0.170755
0.170547
0.170703
0.170339
0.170078
0.169323
0.171615
0.172917
0.175738
0.178967
0.180842
0.184089
0.186615
0.187708
0.189062
0.191198
0.191042
0.191615
0.189583
0.189089
0.186953
0.185833
0.184505
0.184479
0.181354
0.179635
0.178073
0.176016
0.175313
0.173984
0.172969
0.172318
0.172474
0.17349
0.174844
0.176771
0.178958
0.178958
0.185729
0.192474
0.195781
0.206068
0.215694
0.220538
0.232439
0.242335
0.24566
0.254991
0.27191
0.269722
0.274141
0.278906
0.281354
0.285547
0.287292
0.287431
0.291259
0.29224
0.292196
0.286363
0.284488
0.281285
0.275321
0.2723
0.27092
0.26579
0.263941
0.263941
0.26191
0.260712
0.259479
0.253898
0.250095
0.250026
0.250139
0.247274
0.245208
0.246016
0.244271
0.243828
0.24329
0.242578
0.24204
0.243316
0.246128
0.245347
0.245833
0.246693
0.246016
0.246589
0.245807
0.245469
0.245026
0.246172
0.245573
0.242682
0.241016
0.238776
0.239505
0.236719
0.235929
0.233767
0.231823
0.229375
0.227161
0.224948
0.223464
0.222057
0.219896
0.218698
0.21651
0.212786
0.211068
0.209661
0.207891
0.205911
0.202135
0.200156
0.198594
0.197656
0.19599
0.195625
0.193984
0.200286
0.196536
0.195052
0.193151
0.191953
0.188776
0.18875
0.187448
0.185417
0.184948
0.184245
0.183177
0.18237
0.182109
0.180625
0.179609
0.177708
0.177578
0.174635
0.173958
0.173359
0.172292
0.171458
0.16974
0.168568
0.176745
0.175148
0.174792
0.173637
0.172005
0.171155
0.169983
0.169089
0.168307
0.166615
0.165443
0.164036
0.162812
0.161823
0.160469
0.160495
0.160234
0.159635
0.159245
0.156406
0.156589
0.154896
0.154427
0.152839
0.151953
0.15862
0.15658
0.15546
0.153377
0.153247
0.151866
0.151424
0.150781
0.149427
0.14901
0.14862
0.146693
0.145937
0.145833
0.144922
0.143516
0.140495
0.140026
0.137474
0.134115
0.131997
0.131797
0.132396
0.131241
0.131276
0.135174
0.133064
0.129887
0.129288
0.127622
0.126476
0.124375
0.123307
0.120729
0.11974
0.11849
0.1175
0.116667
0.115703
0.114479
0.114792
0.113229
0.110469
0.111016
0.109974
0.108411
0.106328
0.105469
0.103984
0.103047
0.111953
0.108802
0.106042
0.103229
0.101562
0.100312
0.0994271
0.0964323
0.0966146
0.0964323
0.098099
0.10138
0.102214
0.105599
0.110391
0.110312
0.114271
0.116458
0.114349
0.114245
0.112578
0.111224
0.109766
0.107604
0.105026
0.11474
0.110911
0.107891
0.103333
0.0997396
0.0979427
0.0952344
0.0927344
0.0911198
0.0902083
0.0885156
0.0861719
0.084375
0.0836458
0.0830208
0.083724
0.0826823
0.081849
0.0819271
0.081901
0.0816927
0.0804167
0.0788802
0.0773177
0.0752865
0.0950521
0.089349
0.0865365
0.0848698
0.0832031
0.0813021
0.0800521
0.0783594
0.0760677
0.0745052
0.0733594
0.072526
0.070625
0.0699479
0.0694531
0.0684635
0.066875
0.0654948
0.0659115
0.0652344
0.0658854
0.0636719
0.0627865
0.0605469
0.0604948
0.0705208
0.0704948
0.0696615
0.0688021
0.0689844
0.0672917
0.0654948
0.0639583
0.0614323
0.0597396
0.0590625
0.0586719
0.0573437
0.0570573
0.056901
0.0552083
0.0549219
0.055026
0.0545573
0.0536979
0.0538542
0.0526302
0.0523698
0.0522917
0.0525
0.0588021
0.0545313
0.0528385
0.0514063
0.051276
0.0508333
0.0505729
0.0504427
0.049974
0.0502604
0.0488281
0.0478906
0.0463802
0.0458854
0.0448177
0.0463542
0.0476823
0.047474
0.0481771
0.0509896
0.0529688
0.0550521
0.0578125
0.0586719
0.0602865
0.0713021
0.0689063
0.0689323
0.0685156
0.066875
0.0665885
0.0665625
0.0655469
0.0664844
0.0688802
0.0715365
0.0764844
0.0826302
0.0852865
0.0915104
0.100651
0.104974
0.113281
0.122943
0.126667
0.136198
0.143724
0.146563
0.155807
0.163984
0.192708
0.195365
0.201719
0.204948
0.213047
0.22138
0.22474
0.233229
0.242161
0.245938
0.253984
0.261979
0.265677
0.274297
0.283047
0.285781
0.293698
0.300208
0.299479
0.305729
0.312708
0.313568
0.320573
0.326771
0.329219
0.3525
0.351745
0.351432
0.357109
0.360104
0.359609
0.363802
0.363776
0.364766
0.365521
0.36625
0.368333
0.371068
0.374245
0.376146
0.380443
0.385
0.383359
0.388542
0.389271
0.389974
0.391667
0.391875
0.391927
0.39362
0.408307
0.40362
0.404453
0.401797
0.401094
0.403438
0.402526
0.400677
0.40125
0.40112
0.40026
0.399453
0.39987
0.399193
0.399766
0.399375
0.398646
0.398255
0.398359
0.396927
0.396224
0.395703
0.395495
0.396033
0.394245
0.401979
0.400573
0.397995
0.396615
0.396068
0.395286
0.394818
0.397422
0.401224
0.401745
0.405313
0.410495
0.411719
0.414505
0.417995
0.42013
0.422995
0.424809
0.425512
0.427405
0.427066
0.428238
0.430373
0.431233
0.43217
0.452517
0.449366
0.448194
0.448611
0.450851
0.451085
0.450903
0.451632
0.452335
0.451502
0.452882
0.450955
0.450408
0.45309
0.45046
0.451606
0.454115
0.448125
0.447708
0.446953
0.446094
0.446484
0.447005
0.447422
0.450234
0.464609
0.458906
0.456927
0.46013
0.454766
0.452161
0.45349
0.448854
0.446693
0.443464
0.436198
0.434505
0.435859
0.431719
0.430443
0.429271
0.427075
0.4277
0.423872
0.423663
0.423793
0.423299
0.421684
0.424497
0.424653
0.432648
0.428429
0.425278
0.422231
0.423403
0.422413
0.420668
0.418012
0.417595
0.415616
0.416997
0.41533
0.413689
0.41395
0.413819
0.412205
0.410955
0.409106
0.406111
0.406797
0.405911
0.405286
0.405755
0.407187
0.404323
0.429974
0.431094
0.428646
0.425521
0.422292
0.42151
0.420547
0.419844
0.417422
0.417344
0.41862
0.418438
0.420625
0.421979
0.419609
0.422344
0.421406
0.421224
0.421458
0.420312
0.418125
0.418516
0.419714
0.419089
0.415156
0.460972
0.449878
0.44579
0.442457
0.44066
0.43776
0.43638
0.43362
0.43237
0.429609
0.426875
0.424089
0.419401
0.416745
0.416432
0.413568
0.412448
0.412031
0.412161
0.409297
0.406979
0.404427
0.400365
0.396198
0.394479
0.421432
0.410755
0.404766
0.402292
0.398229
0.397969
0.395104
0.394115
0.391146
0.388411
0.385859
0.383516
0.379531
0.37513
0.373151
0.369714
0.36737
0.365885
0.363281
0.361302
0.36026
0.357552
0.355729
0.353776
0.351615
0.369974
0.364271
0.359141
0.356172
0.354375
0.348568
0.34375
0.341042
0.336693
0.333568
0.329323
0.325547
0.322318
0.318255
0.315547
0.312578
0.310052
0.306432
0.304297
0.300208
0.298516
0.29599
0.292917
0.289557
0.286953
0.316432
0.307005
0.298568
0.293255
0.286823
0.281172
0.278516
0.271224
0.269948
0.265625
0.261589
0.259635
0.25888
0.254635
0.2525
0.249271
0.248516
0.246771
0.244792
0.242214
0.240339
0.238854
0.234661
0.233958
0.23151
0.287943
0.268828
0.261406
0.251042
0.245703
0.24125
0.237422
0.231432
0.228021
0.223516
0.219115
0.216484
0.214349
0.210755
0.205911
0.203255
0.199583
0.194844
0.192005
0.188724
0.185104
0.183281
0.17888
0.177161
0.174766
0.204922
0.195026
0.190833
0.187083
0.183281
0.179714
0.174063
0.171953
0.169219
0.166719
0.163906
0.161042
0.157526
0.156068
0.153594
0.150729
0.148177
0.145104
0.143281
0.142552
0.138698
0.137656
0.135339
0.134063
0.131745
0.18092
0.165425
0.159983
0.155191
0.1498
0.145295
0.14066
0.137248
0.131493
0.129436
0.124227
0.122665
0.122326
0.118307
0.115547
0.113359
0.109401
0.107266
0.106328
0.102465
0.100825
0.0988455
0.0978559
0.0960069
0.0948958
0.108568
0.102578
0.0988542
0.0976562
0.0971615
0.0957031
0.09375
0.0925
0.091901
0.090625
0.088776
0.0878385
0.0834896
0.0800521
0.0794271
0.0766146
0.0759115
0.0759375
0.0745312
0.0747917
0.0748438
0.0732031
0.071901
0.0721875
0.0717708
0.106354
0.0969531
0.0932031
0.0892969
0.0871354
0.0864844
0.0863021
0.0840365
0.0828385
0.0822135
0.0809115
0.0791406
0.0785417
0.0750521
0.074401
0.073125
0.0701042
0.0680729
0.0661979
0.0645052
0.0613802
0.0605469
0.0598958
0.0584896
0.0581771
0.0795833
0.0703125
0.0670313
0.0634115
0.0600781
0.0576823
0.0534115
0.0514583
0.0498958
0.0472656
0.0466667
0.045
0.04375
0.041875
0.0409375
0.04
0.0390365
0.0373177
0.0373438
0.0359375
0.0358333
0.036276
0.0352344
0.0348698
0.0338281
0.0443229
0.0409635
0.039401
0.0376042
0.0364063
0.0363802
0.0351042
0.0342708
0.0325781
0.0322917
0.0383594
0.0335417
0.0313021
0.0290365
0.0276042
0.0264844
0.0246615
0.0239323
0.022526
0.0223958
0.0205208
0.0204427
0.0195312
0.0205729
0.0195833
0.0204688
0.0203125
0.0196354
0.0204167
0.0222135
0.0197656
0.0192969
0.0181771
0.0178385
0.0178906
0.022474
0.019401
0.0190104
0.0179427
0.0168229
0.0166667
0.0170313
0.0161198
0.0153906
0.015026
0.0139583
0.0133854
0.0108854
0.00890625
0.00809896
0.00776042
0.00799479
0.00677083
0.00648437
0.00611979
0.00601563
0.00572917
0.00570312
0.00552083
0.00677083
0.00971354
0.00789063
0.00734375
0.00640625
0.00645833
0.00567708
0.00596354
0.006875
0.00783854
0.00828125
0.01
0.0115104
0.0125
0.0125521
0.0122656
0.0124479
0.0120573
0.0125781
0.0128125
0.0126302
0.0128385
0.0123698
0.0127344
0.0125521
0.0120573
0.0143229
0.0133073
0.0128125
0.0125521
0.0127604
0.0124479
0.0118229
0.011875
0.0119271
0.0116667
0.0109896
0.0109115
0.0108594
0.0110156
0.0113281
0.0111458
0.0125521
0.0122656
0.013151
0.014349
0.0146094
0.0139323
0.0139583
0.0146615
0.0145833
0.018151
0.0170833
0.0163542
0.0171094
0.016901
0.017474
0.0161458
0.0157031
0.0149479
0.0149219
0.0151042
0.0148698
0.015
0.0148698
0.0145573
0.0150521
0.0147135
0.0147396
0.0141667
0.0144531
0.0151562
0.015625
0.015651
0.0153646
0.0159635
0.0178906
0.0173698
0.0173438
0.0168229
0.0165104
0.0165104
0.0202344
0.0193229
0.0186198
0.0188021
0.0182292
0.0176302
0.0166146
0.0159375
0.0158594
0.0148958
0.0151302
0.015
0.0145313
0.0147396
0.0135677
0.0140885
0.0135156
0.0132812
0.0124219
0.0124479
0.0129427
0.0121875
0.011901
0.0120573
0.0125
0.0117448
0.0117969
0.0115885
0.0113281
0.0115104
0.0120052
0.0115104
0.0110677
0.0115885
0.0110417
0.0103385
0.0109635
0.0113802
0.0111979
0.0110156
0.0107812
0.0101302
0.0101563
0.00986979
0.00940104
0.00875
0.00859375
0.00778646
0.00802083
0.00778646
0.00945312
0.00869792
0.00794271
0.0078125
0.00757812
0.00700521
0.00643229
0.00653646
0.00619792
0.00604167
0.00575521
0.00627604
0.00645833
0.00669271
0.00611979
0.00604167
0.00578125
0.00567708
0.00526042
0.00546875
0.00536458
0.00585938
0.00666667
0.00572917
0.00606771
0.00591146
0.00726563
0.00739583
0.0078125
0.00835938
0.00854167
0.00885417
0.00888021
0.00869792
0.00867188
0.00895833
0.009375
0.0107552
0.0109896
0.0104688
0.0105729
0.0115104
0.011224
0.0114323
0.011224
0.0108333
0.01125
0.0111198
0.0113542
0.0120833
0.0122135
0.0115104
0.010651
0.0109635
0.0109375
0.0104167
0.00963542
0.00927083
0.0107552
0.0104167
0.010651
0.0104688
0.0105208
0.0107292
0.0117969
0.0126563
0.0134375
0.0157813
0.0158073
0.016276
0.0165625
0.0172917
0.0165885
0.0166927
0.0165885
0.0188802
0.0179167
0.0183594
0.0178646
0.0164323
0.0157813
0.0153125
0.0157292
0.0157552
0.0152344
0.0166146
0.0159635
0.0146094
0.0159115
0.0165885
0.0163021
0.0163281
0.0148958
0.0141667
0.0139063
0.013724
0.0142708
0.0139063
0.0147135
0.0153125
0.0159635
0.0165365
0.0165885
0.0171875
0.0163021
0.0157031
0.0154427
0.0145833
0.0141927
0.0136979
0.0128385
0.0130469
0.013099
0.0123698
0.011849
0.0107292
0.0104688
0.0102344
0.0096875
0.00864583
0.00820313
0.00929687
0.00903646
0.00958333
0.00971354
0.00914062
0.00786458
0.00763021
0.00789063
0.00692708
0.00601563
0.00692708
0.00731771
0.0078125
0.00697917
0.00786458
0.00791667
0.0075
0.00716146
0.00674479
0.00625
0.00578125
0.00559896
0.00539062
0.00505208
0.00473958
0.00460937
0.00450521
0.00494792
0.00492188
0.00513021
0.00515625
0.00541667
0.00580729
0.00578125
0.00565104
0.005625
0.00575521
0.00596354
0.00591146
0.00619792
0.00643229
0.00645833
0.00651042
0.00619792
0.00580729
0.00583333
0.00661458
0.00710938
0.008125
0.0096875
0.0108073
0.011875
0.0128385
0.01375
0.0125
0.0126823
0.0126563
0.0130469
0.0138021
0.0148437
0.0154948
0.0159375
0.0166406
0.0170573
0.0160677
0.0158854
0.0154687
0.0148698
0.0148698
0.0141927
0.0146875
0.0141927
0.0130208
0.0141406
0.0136458
0.0142188
0.0132031
0.0129687
0.01375
0.0147135
0.0146354
0.0139063
0.0133594
0.0134375
0.0136979
0.0140625
0.0136458
0.0142969
0.0142188
0.0136979
0.0139323
0.013776
0.0135677
0.0136719
0.013776
0.0136198
0.0141667
0.0146615
0.0142969
0.0133333
0.0129687
0.0128125
0.0134115
0.0132292
0.0138021
0.0140104
0.014349
0.0143229
0.0148698
0.0152604
0.015651
0.0161198
0.0166406
0.0171615
0.0171094
0.0168229
0.0164844
0.0152865
0.0151562
0.0146875
0.0133333
0.0132031
0.0126823
0.0135417
0.0134635
0.0138802
0.013776
0.0132031
0.0133333
0.0120833
0.0108073
0.0103906
0.00908854
0.00804688
0.00773437
0.00721354
0.00679687
0.00700521
0.00755208
0.00695313
0.00713542
0.00635417
0.00619792
0.00638021
0.00606771
0.00559896
0.00492188
0.00427083
0.00367187
0.00364583
0.00361979
0.00348958
0.00330729
0.00299479
0.00307292
0.00346354
0.00380208
0.00403646
0.00447917
0.0059375
0.00695313
0.00799479
0.00859375
0.0101823
0.011875
0.0133594
0.0159375
0.016276
0.02
0.0213542
0.0211198
0.0226562
0.0257292
0.0254687
0.0282292
0.0316319
0.0321962
0.032908
0.033125
0.0356337
0.0360851
0.0369618
0.036849
0.0378993
0.0387066
0.038125
0.0390451
0.0391146
0.0399306
0.0407118
0.0404687
0.0394618
0.0403559
0.0402778
0.0403733
0.0401649
0.0407986
0.0408333
0.0400608
0.0390799
0.0382552
0.0382552
0.038099
0.0373958
0.0384028
0.037526
0.036658
0.0364063
0.0369878
0.0371181
0.0365365
0.035842
0.0359201
0.034592
0.0345312
0.0342187
0.0345226
0.033967
0.0332378
0.0333681
0.0337326
0.0323785
0.0321181
0.0321875
0.031849
0.0318056
0.0324479
0.0332812
0.0327865
0.0352257
0.0343663
0.0346528
0.0356076
0.0362587
0.0374826
0.0390799
0.0393924
0.0418924
0.0448872
0.0465538
0.0481858
0.0519618
0.0523003
0.0547743
0.0603212
0.0608854
0.0675781
0.0769444
0.0798438
0.0875694
0.0950347
0.0952517
0.106484
0.114149
0.121753
0.13105
0.13895
0.14072
0.152526
0.164115
0.164714
0.175807
0.184306
0.188733
0.20079
0.21546
0.222804
0.237396
0.250799
0.253872
0.266363
0.275451
0.280174
0.290382
0.297752
0.300781
0.313229
0.320043
0.32046
0.336623
0.340625
0.341345
0.347161
0.352153
0.356597
0.361615
0.367335
0.370495
0.38888
0.409149
0.415816
0.432656
0.452535
0.45566
0.470729
0.477873
0.48013
0.485582
0.491693
0.491597
0.501363
0.510052
0.511328
0.520382
0.541137
0.537266
0.541701
0.544957
0.546424
0.55559
0.562344
0.566536
0.576927
0.588464
0.589288
0.596667
0.604245
0.597023
0.60395
0.615634
0.617413
0.617552
0.62355
0.623307
0.628446
0.635938
0.633915
0.632266
0.635842
0.63888
0.644618
0.652483
0.649922
0.660503
0.671441
0.669774
0.678715
0.68388
0.683837
0.68921
0.703351
0.700616
0.705009
0.70645
0.702483
0.708672
0.712517
0.714488
0.722326
0.727908
0.731233
0.741259
0.742214
0.73895
0.748446
0.741606
0.736875
0.729592
0.723125
0.716163
0.730608
0.742188
0.741667
0.746536
0.747925
0.744644
0.747205
0.748707
0.75678
0.759505
0.76059
0.759939
0.771181
0.774523
0.772352
0.778611
0.774575
0.770677
0.778238
0.788056
0.784731
0.791571
0.795556
0.793142
0.793333
0.793203
0.787144
0.79579
0.801354
0.805009
0.809913
0.810851
0.805816
0.809939
0.806094
0.803854
0.800547
0.801875
0.799141
0.802344
0.799323
0.797196
0.795773
0.791797
0.790234
0.787543
0.781979
0.778533
0.782682
0.785243
0.780981
0.779054
0.782786
0.780521
0.777448
0.775677
0.770321
0.768194
0.774418
0.775712
0.782431
0.7948
0.795477
0.807535
0.813681
0.814905
0.818316
0.813837
0.811944
0.81178
0.809149
0.806962
0.806806
0.804705
0.800903
0.799167
0.798003
0.793854
0.797352
0.788915
0.78862
0.792405
0.786736
0.780868
0.775009
0.774844
0.774444
0.778003
0.776849
0.772578
0.771554
0.770069
0.767865
0.768602
0.771771
0.76579
0.763116
0.759158
0.754175
0.750373
0.738524
0.736415
0.722691
0.713498
0.706302
0.697561
0.687734
0.680686
0.676476
0.68013
0.675859
0.675304
0.669036
0.662075
0.661927
0.660998
0.659201
0.656745
0.657257
0.650243
0.663984
0.661215
0.658194
0.65967
0.668507
0.666372
0.668038
0.671285
0.670608
0.67605
0.669123
0.660373
0.66125
0.653151
0.64895
0.657283
0.662743
0.659201
0.670356
0.682691
0.676832
0.67822
0.675747
0.670694
0.676458
0.682543
0.681189
0.679028
0.679054
0.678229
0.678915
0.67803
0.676589
0.684453
0.699661
0.699097
0.709366
0.71388
0.713116
0.720573
0.727891
0.724123
0.728177
0.731727
0.72296
0.720616
0.719731
0.718689
0.721771
0.716016
0.716328
0.716267
0.716024
0.709766
0.706927
0.709453
0.709201
0.71572
0.714618
0.709097
0.698481
0.685729
0.679306
0.671337
0.667135
0.665451
0.663707
0.663993
0.66099
0.661363
0.659071
0.663142
0.666988
0.666736
0.68283
0.681302
0.691988
0.691597
0.68816
0.718715
0.708976
0.709497
0.737726
0.731927
0.731424
0.727587
0.767248
0.777075
0.777431
0.771632
0.773915
0.790842
0.786128
0.783533
0.788316
0.784991
0.785208
0.78316
0.780573
0.783602
0.780851
0.778134
0.774097
0.771319
0.76796
0.759627
0.755599
0.757422
0.756076
0.755122
0.747118
0.745469
0.744965
0.738811
0.730616
0.721137
0.717387
0.722483
0.722214
0.713976
0.715122
0.711866
0.706198
0.700043
0.702231
0.694497
0.691111
0.69355
0.686641
0.681727
0.677309
0.667483
0.662821
0.658446
0.652153
0.64842
0.644809
0.636137
0.639931
0.636293
0.629705
0.626563
0.624566
0.614922
0.603863
0.612778
0.613377
0.617561
0.616276
0.616771
0.614479
0.608038
0.602179
0.601736
0.598429
0.59625
0.588976
0.585234
0.574444
0.575981
0.571398
0.565903
0.564896
0.559809
0.554991
0.557517
0.552075
0.547431
0.541667
0.539557
0.531328
0.529227
0.52401
0.521181
0.529227
0.521554
0.513264
0.511207
0.499635
0.488793
0.478681
0.473793
0.465417
0.466675
0.46454
0.458533
0.448924
0.435911
0.429549
0.422804
0.413125
0.400095
0.397457
0.391814
0.384609
0.383021
0.385373
0.384332
0.381536
0.382604
0.376597
0.375139
0.369644
0.363941
0.368854
0.36803
0.36671
0.369514
0.369306
0.366797
0.372222
0.376788
0.368542
0.364036
0.361293
0.363533
0.375174
0.380512
0.379609
0.39072
0.406693
0.416693
0.425938
0.438672
0.455
0.461328
0.470304
0.473194
0.484271
0.490286
0.489392
0.502292
0.511033
0.510764
0.508238
0.504045
0.507804
0.511519
0.514783
0.506745
0.512457
0.528785
0.537387
0.542405
0.543733
0.542604
0.540156
0.522752
0.51776
0.509392
0.500885
0.496076
0.492812
0.488351
0.481172
0.472387
0.465087
0.459358
0.452205
0.444366
0.440868
0.433507
0.428273
0.408941
0.396806
0.391259
0.384852
0.375712
0.36967
0.361198
0.356024
0.339019
0.335842
0.326892
0.318663
0.311467
0.307986
0.303186
0.299236
0.291953
0.2925
0.289089
0.288681
0.281892
0.280599
0.272813
0.268064
0.263342
0.254505
0.245026
0.237847
0.231797
0.224592
0.217127
0.20947
0.201589
0.193533
0.184601
0.175616
0.1775
0.165877
0.155573
0.150825
0.143385
0.136076
0.129609
0.122639
0.11921
0.11428
0.10763
0.102795
0.099592
0.0984115
0.0989497
0.0979253
0.0987413
0.0972743
0.0954427
0.0948524
0.0926389
0.0907726
0.0904688
0.0904514
0.0882465
0.103611
0.0996007
0.0952344
0.0949045
0.0920139
0.090816
0.0895833
0.0854774
0.0840191
0.0815972
0.0806944
0.0794184
0.0782031
0.0778385
0.0749566
0.0751042
0.0859115
0.0932031
0.105703
0.121146
0.129896
0.148984
0.168646
0.179349
0.198724
0.229896
0.238932
0.26138
0.280391
0.292187
0.313281
0.338854
0.348021
0.36763
0.387891
0.395417
0.40737
0.419774
0.42572
0.446667
0.455625
0.459184
0.457205
0.4552
0.451562
0.442917
0.431311
0.425903
0.418333
0.406571
0.398811
0.383186
0.362457
0.36066
0.348394
0.339045
0.321806
0.315738
0.300087
0.294227
0.29355
0.283707
0.277405
0.268108
0.254766
0.252465
0.240998
0.228003
0.221606
0.210547
0.203845
0.200017
0.193307
0.184158
0.179262
0.173281
0.165061
0.157153
0.146571
0.138056
0.132995
0.12546
0.116788
0.109661
0.100599
0.0925868
0.0872309
0.0782552
0.0672483
0.0613542
0.052717
0.0449479
0.039566
0.0381337
0.0377257
0.0364063
0.0352344
0.0326302
0.0313281
0.0301823
0.0350608
0.0328038
0.0327778
0.0304514
0.0293142
0.028559
0.0273611
0.0272743
0.0255469
0.0248958
0.0247483
0.0240365
0.0255729
0.0268403
0.032717
0.0387066
0.0411806
0.0488194
0.0557812
0.0599566
0.0716059
0.0813368
0.0843142
0.0941059
0.103759
0.113056
0.119002
0.128481
0.130842
0.141111
0.150781
0.15546
0.163082
0.171693
0.175104
0.181146
0.189505
0.196163
0.205347
0.216875
0.222656
0.234167
0.249375
0.253151
0.259479
0.263498
0.26276
0.263116
0.265573
0.267665
0.272995
0.275851
0.273212
0.275842
0.277587
0.271172
0.270304
0.275104
0.272057
0.276111
0.274019
0.274297
0.274071
0.279505
0.276892
0.280538
0.271832
0.272465
0.268316
0.270156
0.269661
0.271675
0.27434
0.272587
0.272457
0.273863
0.270365
0.270998
0.269401
0.266571
0.261458
0.26105
0.260616
0.250747
0.241076
0.235234
0.22263
0.214071
0.21125
0.200773
0.185703
0.180373
0.17421
0.163108
0.156424
0.148099
0.13849
0.13191
0.120703
0.109818
0.106962
0.0975087
0.0882552
0.0811719
0.0723177
0.0649219
0.0608333
0.0542708
0.0479948
0.0434896
0.0364844
0.0319792
0.0301823
0.026849
0.0240625
0.021875
0.0190885
0.0160677
0.014375
0.0123438
0.00966146
0.00848958
0.00575521
0.00385417
0.00325521
0.0040625
0.00302083
0.00328125
0.0034375
0.00338542
0.00330729
0.00239583
0.0028125
0.00229167
0.00192708
0.00151042
0.00166667
0.00143229
0.00161458
0.00151042
0.00135417
0.00145833
0.00164062
0.00205729
0.00252604
0.00307292
0.00257813
0.00221354
0.00197917
0.00184896
0.00179688
0.00135417
0.0021875
0.00153646
0.00169271
0.00143229
0.000885417
0.00119792
0.00164062
0.00158854
0.00119792
0.00130208
0.00119792
0.000963542
0.00125
0.00166667
0.00130208
0.00216146
0.00313368
0.0024566
0.00270833
0.00289062
0.00296875
0.00298611
0.00369792
0.00376736
0.00365451
0.00384549
0.00398438
0.00408854
0.00594618
0.00631076
0.0128472
0.0198351
0.0232465
0.0300955
0.0363281
0.040599
0.0461285
0.0468056
0.0503472
0.0578299
0.0588976
0.0597222
0.0606337
0.0640885
0.0627344
0.0665712
0.0675608
0.070026
0.0687153
0.0679861
0.0658333
0.0708073
0.0739844
0.0739323
0.0747049
0.0728906
0.0748958
0.0758333
0.0760677
0.0772396
0.0784115
0.0774219
0.0819531
0.0849479
0.0890625
0.0858073
0.0914062
0.0974132
0.0971094
0.0949566
0.0904861
0.0876997
0.0851042
0.0776997
0.0749653
0.0721701
0.0673437
0.0702344
0.0691406
0.0666233
0.0662153
0.0603125
0.0596354
0.0565885
0.0546354
0.0520573
0.0494531
0.0447917
0.041875
0.0417448
0.0405469
0.0370313
0.0380729
0.0378385
0.0335156
0.0338021
0.0342187
0.0311198
0.0291406
0.0283854
0.0282031
0.0260417
0.0260677
0.0238281
0.0248351
0.0219271
0.0190104
0.0197135
0.0163628
0.0132031
0.0121094
0.0104427
0.0102344
0.00997396
0.0105208
0.0102778
0.0100781
0.00940104
0.00940972
0.00929687
0.00955729
0.00981771
0.0107812
0.0101302
0.0113021
0.0120833
0.0142969
0.0163542
0.0165885
0.0182552
0.0188542
0.0200521
0.0192969
0.0185677
0.0189583
0.0160938
0.0163802
0.0151042
0.0164583
0.0172135
0.0172917
0.0173177
0.0166406
0.0152604
0.0138021
0.0107031
0.0126302
0.0201302
0.0301562
0.0364063
0.0463802
0.0590365
0.0627865
0.068125
0.0728125
0.0751302
0.0763802
0.0773958
0.0764844
0.0791406
0.0777865
0.0757812
0.0746615
0.073125
0.0742448
0.070599
0.0715104
0.0714844
0.070651
0.0753906
0.0764844
0.0771875
0.079375
0.0759115
0.073776
0.0682205
0.0648958
0.0633854
0.0565625
0.0552778
0.0489323
0.041224
0.0384115
0.031901
0.0252344
0.0216927
0.0155729
0.0108073
0.00846354
0.00415799
0.00046875
0.00117187
0.00307292
0.00510417
0.00598958
0.00997396
0.0189323
0.0238542
0.0317187
0.037526
0.0391667
0.0396875
0.0402083
0.041224
0.0420312
0.0432031
0.0435938
0.0448958
0.0466146
0.0472656
0.0494531
0.0504167
0.0507292
0.0523438
0.0544271
0.0550521
0.0552344
0.0572656
0.0589323
0.06
0.0611198
0.0628125
0.0617622
0.0591406
0.057526
0.0548437
0.0467969
0.0434115
0.0395573
0.0354948
0.0319531
0.0285156
0.0246094
0.0223698
0.0188281
0.0144271
0.0125
0.00885417
0.00567708
0.0058941
0.00778646
0.0111979
0.0113281
0.0121094
0.013099
0.0135937
0.0145833
0.015026
0.0152604
0.0158854
0.0165625
0.0165625
0.0170313
0.0179948
0.018099
0.0183854
0.0191146
0.0192969
0.0199479
0.0205208
0.0207031
0.0211979
0.0220833
0.0216406
0.0232292
0.0228125
0.0241667
0.0245052
0.0230729
0.0227083
0.0214844
0.0238542
0.0261979
0.0310417
0.0373698
0.0413021
0.0486979
0.0552865
0.0573958
0.0582552
0.058099
0.0592969
0.0614583
0.0623177
0.0620313
0.066901
0.068099
0.0688281
0.0710677
0.0727604
0.071224
0.0738281
0.0764323
0.076224
0.0771354
0.0792188
0.0795052
0.0816146
0.081224
0.0782552
0.0842969
0.0823177
0.083724
0.0830208
0.0846094
0.0855208
0.0855469
0.0890625
0.0893229
0.08625
0.0838281
0.0810417
0.0767882
0.0745052
0.0718576
0.0680556
0.0609201
0.0559722
0.0504601
0.0436892
0.0407812
0.0336979
0.0272743
0.0251563
0.0186111
0.0139323
0.01125
0.00671875
0.00432292
0.00342014
0.0015625
0.00104167
0.00104167
0.00109375
0.00114583
0.00117187
0.00119792
0.000963542
0.000989583
0.000989583
0.000598958
0.000598958
0.000598958
0.000598958
0.000598958
0.000572917
0.000546875
0.000625
0.00106771
0.000755208
0.000729167
0.00078125
0.000729167
0.000885417
0.000833333
0.000859375
0.000911458
0.00109375
0.00109375
0.00111979
0.00111979
0.00109375
0.00104167
0.00109375
0.00109375
0.00109375
0.00109375
0.00104167
0.00104167
0.00117187
0.00122396
0.00122396
0.00114583
0.00140625
0.00122396
0.000885417
0.00109375
0.00104167
0.00101563
0.000807292
0.000911458
0.000703125
0.000729167
0.0009375
0.0009375
0.000911458
0.000833333
0.00153646
0.00692708
0.0101563
0.0176042
0.0244792
0.0275521
0.0332292
0.0364323
0.0376042
0.0394531
0.0418229
0.0427083
0.0446354
0.0498177
0.0533594
0.0639844
0.0754167
0.0804948
0.0891927
0.100417
0.107214
0.120156
0.130807
0.136276
0.148698
0.159896
0.163203
0.173828
0.178672
0.182057
0.183255
0.189141
0.189609
0.195677
0.197031
0.197865
0.200078
0.197682
0.193047
0.189479
0.18862
0.184922
0.178958
0.175182
0.176641
0.176806
0.180234
0.17941
0.17947
0.183403
0.186406
0.183863
0.183073
0.183585
0.179583
0.170052
0.160321
0.158819
0.158021
0.157057
0.157535
0.148125
0.145547
0.141363
0.137535
0.135738
0.127196
0.119566
0.116693
0.111753
0.10612
0.103845
0.0976042
0.0918229
0.0886024
0.080651
0.0746615
0.0720573
0.0667622
0.0627865
0.0609635
0.0609635
0.0610938
0.061276
0.0610938
0.0598958
0.059974
0.0604167
0.06
0.0611719
0.0620052
0.0627344
0.0635938
0.0620052
0.0629427
0.0599479
0.0615104
0.0617708
0.0626302
0.0620573
0.0652083
0.065
0.0665885
0.0682031
0.069809
0.0751562
0.0799219
0.0808073
0.0864063
0.0910938
0.090599
0.0953906
0.100964
0.102682
0.103047
0.104766
0.104635
0.106094
0.106823
0.108385
0.108594
0.111042
0.11112
0.112526
0.114557
0.116042
0.11737
0.119974
0.118594
0.120095
0.121484
0.122552
0.123385
0.124349
0.125703
0.12651
0.127578
0.126797
0.12901
0.129193
0.129141
0.128646
0.130781
0.130469
0.130417
0.131302
0.131719
0.13362
0.134818
0.135026
0.135365
0.135781
0.13612
0.13862
0.139115
0.139401
0.142682
0.145104
0.145599
0.144818
0.144557
0.143437
0.143229
0.14276
0.143906
0.14375
0.144115
0.144635
0.144219
0.14487
0.145026
0.143576
0.143724
0.143932
0.144852
0.14401
0.144175
0.144271
0.143021
0.141823
0.141797
0.141675
0.141875
0.14112
0.141667
0.141042
0.140313
0.139609
0.138411
0.139766
0.139193
0.13875
0.138464
0.137057
0.136953
0.137214
0.13592
0.135243
0.137135
0.135365
0.135755
0.13474
0.133932
0.133281
0.13237
0.130807
0.130234
0.130208
0.129974
0.129974
0.12849
0.131198
0.129271
0.12862
0.12776
0.125755
0.124063
0.123047
0.121302
0.120286
0.118802
0.117474
0.115781
0.114635
0.113958
0.114557
0.118177
0.118672
0.123047
0.124896
0.126094
0.128047
0.126311
0.125503
0.122509
0.117509
0.122266
0.116432
0.114766
0.111849
0.11
0.108073
0.10625
0.105599
0.10474
0.105182
0.10375
0.10276
0.10263
0.103281
0.103724
0.100391
0.0960417
0.0945573
0.0928125
0.0938802
0.0969531
0.097474
0.0995573
0.0998437
0.0998437
0.106198
0.103776
0.103229
0.102422
0.102109
0.101276
0.101719
0.0993229
0.098125
0.0952604
0.094375
0.0934115
0.0925521
0.091901
0.0920312
0.0902344
0.0892969
0.0882292
0.0857813
0.0858854
0.0848437
0.0857813
0.0874219
0.0865885
0.0859896
0.0919531
0.0908333
0.0901302
0.0891406
0.0891927
0.0888802
0.0878385
0.0845052
0.0840625
0.084375
0.0828125
0.0825521
0.0820052
0.0817188
0.0814323
0.0799219
0.0790625
0.0790625
0.07875
0.07875
0.0801042
0.0811719
0.0809375
0.0800521
0.0790885
0.0853385
0.0816406
0.0813021
0.0801562
0.0811979
0.0825955
0.0838542
0.0865365
0.0904688
0.0916927
0.0975
0.10401
0.106693
0.113073
0.120052
0.123229
0.130885
0.136797
0.138125
0.14349
0.150703
0.15349
0.159635
0.166641
0.170182
0.195417
0.197135
0.198776
0.205391
0.211823
0.213438
0.218438
0.226484
0.229583
0.235911
0.241849
0.244245
0.251354
0.256146
0.259089
0.263437
0.268776
0.270365
0.274193
0.278776
0.27901
0.285885
0.291042
0.292891
0.29737
0.375599
0.364852
0.363533
0.365026
0.366675
0.370399
0.375
0.375443
0.379609
0.386146
0.386615
0.39349
0.406771
0.409557
0.416745
0.419818
0.423021
0.429974
0.437708
0.439922
0.447917
0.454401
0.46013
0.470026
0.476823
0.512422
0.514375
0.518672
0.52099
0.537943
0.546068
0.549236
0.558464
0.563585
0.566137
0.573394
0.577778
0.582075
0.588281
0.596536
0.593932
0.599514
0.603602
0.604132
0.610104
0.615764
0.615165
0.617856
0.620469
0.62178
0.637908
0.638342
0.637925
0.636753
0.612075
0.608186
0.606137
0.603984
0.604062
0.600477
0.597639
0.597274
0.597092
0.599514
0.598967
0.601337
0.597717
0.594063
0.593151
0.591936
0.588889
0.588785
0.587457
0.584384
0.589358
0.598264
0.591415
0.593724
0.593455
0.592839
0.592431
0.592977
0.590269
0.594974
0.59625
0.593672
0.590599
0.592109
0.591172
0.59276
0.589193
0.584896
0.584479
0.581016
0.575521
0.57138
0.571927
0.567899
0.567561
0.567873
0.576128
0.572665
0.566806
0.565061
0.56362
0.560842
0.555582
0.556467
0.55329
0.548082
0.546727
0.54566
0.539314
0.533898
0.530807
0.527057
0.522057
0.517734
0.515521
0.509974
0.507474
0.501814
0.494731
0.489679
0.485955
0.492049
0.485512
0.477179
0.472908
0.469028
0.463411
0.460755
0.458307
0.452526
0.450495
0.447448
0.443307
0.440417
0.435365
0.433646
0.425269
0.4223
0.419045
0.415373
0.413498
0.409071
0.404019
0.400347
0.396337
0.393472
0.406797
0.398099
0.393125
0.387292
0.383802
0.37724
0.372891
0.368984
0.367083
0.362578
0.360182
0.356632
0.352361
0.344523
0.341424
0.338559
0.335382
0.33033
0.326267
0.322856
0.318689
0.318125
0.313802
0.311823
0.309167
0.328906
0.31901
0.31401
0.309141
0.301406
0.297682
0.294635
0.290286
0.285495
0.281198
0.277214
0.27151
0.267786
0.266432
0.263021
0.258021
0.254609
0.253776
0.249948
0.245052
0.242396
0.238021
0.234818
0.232396
0.229531
0.257812
0.24526
0.239349
0.235469
0.229661
0.227083
0.221458
0.217526
0.211172
0.208073
0.203151
0.200755
0.196771
0.193073
0.189531
0.188802
0.186302
0.180755
0.177813
0.175964
0.172422
0.17
0.169427
0.167448
0.165417
0.187734
0.175313
0.171693
0.167448
0.161901
0.157292
0.15349
0.150365
0.14638
0.142682
0.139323
0.13599
0.133021
0.129792
0.126016
0.124479
0.121536
0.119375
0.119036
0.116276
0.114896
0.11276
0.111198
0.108958
0.107031
0.13375
0.123811
0.119818
0.115026
0.111276
0.108906
0.106927
0.105547
0.102717
0.0997743
0.0977344
0.0964323
0.0939062
0.0921354
0.0903385
0.0864063
0.0855729
0.0838021
0.0817448
0.0798698
0.0783854
0.0769271
0.0753385
0.0736979
0.0726042
0.0889844
0.0821094
0.0797917
0.076849
0.0748958
0.072474
0.0701823
0.0684375
0.0663542
0.0663802
0.0657031
0.0642188
0.0622135
0.0608333
0.0598958
0.0601302
0.060026
0.0601042
0.0582552
0.0576302
0.0560937
0.054375
0.0534115
0.0525781
0.05125
0.0609115
0.0571094
0.0544792
0.0519792
0.0498698
0.0483073
0.0465625
0.0451042
0.0428385
0.0417187
0.040026
0.039974
0.0396094
0.0386979
0.0386979
0.038099
0.0368229
0.0361458
0.0352344
0.0359635
0.0349479
0.0354167
0.0353906
0.0347917
0.0345052
0.0423177
0.0409635
0.0389323
0.0379427
0.0369271
0.0353125
0.0342708
0.0342187
0.0342969
0.033099
0.0359375
0.0347569
0.0334635
0.0330469
0.0325521
0.0314062
0.030651
0.0306858
0.029375
0.0294792
0.0306597
0.0310764
0.0333941
0.0312066
0.0307812
0.0340625
0.031224
0.0311979
0.0303906
0.0304427
0.0290104
0.028151
0.0275521
0.0265104
0.0270052
0.0261198
0.023776
0.0239323
0.0230729
0.0230208
0.0242448
0.0236979
0.0244792
0.0246094
0.0241667
0.0223698
0.0241927
0.0228125
0.0229427
0.0225
0.0308333
0.0286719
0.0278125
0.0274479
0.0259896
0.0248958
0.0221354
0.0207813
0.018724
0.0154948
0.0143229
0.0135937
0.0123958
0.0119271
0.0115885
0.0111198
0.009375
0.00833333
0.00828125
0.00802083
0.0084375
0.00770833
0.00742187
0.00627604
0.00575521
0.00888021
0.00731771
0.00666667
0.00609375
0.00664062
0.00565104
0.00598958
0.00630208
0.00768229
0.00869792
0.00890625
0.0090625
0.0102865
0.00963542
0.0108073
0.0109375
0.011276
0.011875
0.0135677
0.0145833
0.0140625
0.0148437
0.0148958
0.0141667
0.0139323
0.0169271
0.0161458
0.0154948
0.014401
0.013151
0.0123958
0.0122656
0.0121094
0.0120313
0.0124219
0.0131771
0.0128906
0.0126823
0.0126042
0.012474
0.012526
0.0127344
0.0128125
0.0121354
0.011849
0.0116146
0.0116667
0.0120052
0.0117708
0.013151
0.0151823
0.014375
0.0133854
0.0136198
0.013724
0.01375
0.0135677
0.0134375
0.013151
0.0132292
0.0136458
0.013099
0.0139583
0.0134896
0.0141667
0.0140104
0.0146094
0.0146094
0.0148698
0.0144792
0.0148698
0.0149219
0.014401
0.0146875
0.0140104
0.0144271
0.0130729
0.0127604
0.0121094
0.0119792
0.0123177
0.0123177
0.0119792
0.0107031
0.00950521
0.00869792
0.00690104
0.0059375
0.00453125
0.00325521
0.00325521
0.00315104
0.00302083
0.00320312
0.00322917
0.00328125
0.00348958
0.00335937
0.00364583
0.00348958
0.00385417
0.00320312
0.00268229
0.00273437
0.00299479
0.00309896
0.00239583
0.00205729
0.00208333
0.00320312
0.00283854
0.00270833
0.00195312
0.00177083
0.001875
0.00161458
0.00177083
0.00177083
0.00119792
0.00166667
0.00130208
0.00117187
0.00101563
0.000546875
0.000442708
0.00164062
0.000859375
0.000963542
0.000859375
0.000755208
0.00078125
0.000494792
0.000494792
0.000494792
0.000416667
0.000598958
0.000598958
0.000572917
0.000625
0.000677083
0.000651042
0.000651042
0.000598958
0.000572917
0.000572917
0.000416667
0.000442708
0.000442708
0.000442708
0.000416667
0.000911458
0.00078125
0.000520833
0.000520833
0.000520833
0.000494792
0.000494792
0.00101563
0.000885417
0.00148438
0.00325521
0.00492188
0.00520833
0.00632813
0.00726563
0.00708333
0.00723958
0.00726563
0.0078125
0.00817708
0.0090625
0.00911458
0.00927083
0.00861979
0.00851563
0.00877604
0.00796875
0.00752604
0.00703125
0.00648437
0.00601563
0.00591146
0.005625
0.00559896
0.00528646
0.00513021
0.00536458
0.00476562
0.00479167
0.00453125
0.00476562
0.00466146
0.00486979
0.00546875
0.00578125
0.00643229
0.00682292
0.00690104
0.00752604
0.00778646
0.00804688
0.00877604
0.00867188
0.00846354
0.00828125
0.008125
0.00838542
0.00778646
0.0075
0.00739583
0.00674479
0.00619792
0.00578125
0.00447917
0.00265625
0.00216146
0.0009375
0.00111979
0.00127604
0.00169271
0.00177083
0.00195312
0.0021875
0.00336806
0.00357639
0.00380208
0.0046441
0.0047309
0.00545139
0.00636285
0.00671875
0.00789931
0.00924479
0.00983507
0.0132552
0.0150174
0.0153559
0.0161545
0.0153299
0.0148785
0.0125694
0.0111372
0.0108507
0.0106944
0.0100955
0.00980903
0.0104253
0.0110503
0.0113889
0.0129167
0.0150608
0.0159809
0.0183594
0.0196181
0.0184201
0.0193403
0.0179948
0.0179774
0.0173438
0.0178646
0.0173524
0.0163455
0.0161458
0.0154948
0.0155208
0.0157639
0.015625
0.014809
0.014783
0.0144531
0.0130729
0.0135503
0.0127083
0.0138542
0.0139323
0.0135677
0.0144531
0.0134115
0.0128993
0.0116319
0.0113021
0.0119705
0.0121094
0.0113802
0.0125608
0.0124826
0.0113976
0.0109809
0.0106944
0.013125
0.0127865
0.0127604
0.013099
0.0122222
0.0123177
0.0130729
0.0138281
0.0140017
0.0138976
0.0128559
0.0113455
0.0101215
0.00917535
0.00849826
0.00865451
0.00834201
0.0080816
0.00782118
0.00795139
0.00817708
0.00796875
0.00804688
0.0102865
0.0101042
0.0106771
0.01375
0.0161979
0.0160156
0.0179687
0.0188021
0.0209375
0.023099
0.0243229
0.0246615
0.0260937
0.0261198
0.0258594
0.0260417
0.0282813
0.02875
0.0303385
0.0329948
0.0323698
0.035
0.036276
0.036901
0.0372396
0.0382552
0.0373698
0.0384375
0.0401562
0.0392448
0.0397396
0.0397917
0.0392969
0.040651
0.0405469
0.0404948
0.040625
0.0405729
0.0413542
0.0426562
0.043151
0.0421615
0.0430469
0.0447135
0.0452083
0.0453125
0.0448958
0.043125
0.0441667
0.0438542
0.0439323
0.0445833
0.0441667
0.0446615
0.044401
0.0445573
0.0449479
0.0445573
0.044974
0.0445833
0.0435938
0.0435417
0.0427865
0.0419531
0.041875
0.0411458
0.0420573
0.0415625
0.0415104
0.0434896
0.0430469
0.0428906
0.04625
0.0470312
0.0468229
0.0453385
0.045026
0.0448177
0.046276
0.0448438
0.0435417
0.0426823
0.0431771
0.0423698
0.0414583
0.0422135
0.0436458
0.0436458
0.041849
0.0410937
0.0398177
0.04
0.0402083
0.0427604
0.0419531
0.0420833
0.0423177
0.0429167
0.043099
0.044401
0.0475521
0.0473958
0.0488542
0.0517448
0.0532552
0.0538542
0.0557292
0.0549479
0.0561719
0.0571354
0.0584896
0.0599479
0.0611198
0.0594792
0.0621094
0.062474
0.0622135
0.0632812
0.063776
0.0635156
0.0635417
0.063099
0.0679427
0.0669531
0.0666146
0.0653646
0.0648958
0.0647396
0.0640365
0.0639323
0.0639062
0.0633073
0.0635938
0.06375
0.0633594
0.0628646
0.0634635
0.0629688
0.0635156
0.0634896
0.0632812
0.0635156
0.0636719
0.063151
0.0642969
0.064401
0.0633594
0.0655469
0.0639062
0.0638021
0.0635938
0.0628125
0.061875
0.0617188
0.0622135
0.0614844
0.0611979
0.0604427
0.0607031
0.061224
0.0611458
0.0597917
0.0601302
0.0604688
0.0600521
0.0594271
0.0608073
0.0602604
0.0610677
0.059349
0.0600521
0.0578646
0.0607292
0.0579167
0.056875
0.0561458
0.0557552
0.0546875
0.0544271
0.0545052
0.0549219
0.0552344
0.0547656
0.0547135
0.0551823
0.0538802
0.0533594
0.0527604
0.0523177
0.0521094
0.0515104
0.0505729
0.0496875
0.0495573
0.048724
0.0507292
0.0541406
0.0566927
0.0572917
0.0563281
0.0553125
0.055625
0.0585156
0.0576042
0.0566667
0.054401
0.0528906
0.0510938
0.049401
0.0488281
0.0478385
0.0460677
0.0457292
0.0436198
0.0430208
0.0426823
0.0421875
0.0408854
0.0397396
0.0384115
0.0369792
0.0364583
0.0373438
0.0358854
0.0353646
0.0344271
0.0336198
0.0321094
0.0319792
0.0310677
0.0310677
0.0307292
0.0315885
0.030651
0.0313802
0.0284375
0.0291146
0.0288542
0.0274479
0.026875
0.02625
0.0266146
0.0269271
0.026849
0.02875
0.0272656
0.024974
0.0248958
0.0235417
0.0229687
0.0222656
0.0227083
0.021276
0.0210156
0.0208073
0.0209635
0.0208073
0.0200521
0.0195833
0.0191146
0.0203385
0.0197135
0.020026
0.0205469
0.0195833
0.0192448
0.0182552
0.0188021
0.0177083
0.0164323
0.0170052
0.0157552
0.016849
0.0163281
0.0160938
0.0165625
0.0152865
0.0141927
0.0151562
0.0136198
0.0136198
0.0144792
0.015026
0.016849
0.0184375
0.0180469
0.0205469
0.0192708
0.0192708
0.0170052
0.0166146
0.0136719
0.0125
0.0117708
0.00971354
0.00947917
0.00882812
0.0103125
0.00989583
0.00973958
0.00924479
0.00914062
0.00901042
0.00854167
0.00817708
0.00817708
0.00786458
0.00742187
0.00708333
0.00713542
0.00677083
0.00664062
0.00648437
0.00648437
0.00630208
0.00632813
0.00606771
0.00645833
0.00757812
0.00619792
0.00651042
0.00958333
0.0122135
0.0108594
0.0136458
0.0157552
0.0175781
0.0217969
0.0195312
0.0200781
0.0203646
0.0204167
0.0208594
0.017526
0.0144792
0.0148698
0.0140885
0.0140104
0.0128385
0.0127604
0.0114844
0.0126823
0.0151562
0.0121875
0.012526
0.0124479
0.00981771
0.0103906
0.00710938
0.00588542
0.00552083
0.00325521
0.00244792
0.00231771
0.00208333
0.00197917
0.00205729
0.00213542
0.00195312
0.00190104
0.00307292
0.00325521
0.00322917
0.00390625
0.00315104
0.00338542
0.00434896
0.00304688
0.00278646
0.00286458
0.004375
0.00351563
0.0184375
0.0176042
0.0175
0.0192187
0.0204167
0.0203385
0.0183073
0.0176823
0.0171875
0.0166927
0.0169271
0.0139063
0.0116406
0.0117969
0.0100781
0.0110677
0.0104688
0.00869792
0.00671875
0.00492188
0.00690104
0.00776042
0.00848958
0.00567708
0.00505208
0.0065625
0.00572917
0.00640625
0.00570312
0.00588542
0.00763021
0.00838542
0.00867188
0.0108073
0.0111979
0.0115625
0.0126302
0.0121615
0.0133333
0.0136198
0.0149479
0.0153385
0.0170833
0.016276
0.01625
0.0179167
0.0173698
0.0190885
0.0207813
0.0204167
0.0275
0.0258073
0.0236198
0.023776
0.0225781
0.0220573
0.02125
0.0219531
0.0223437
0.0238021
0.025651
0.0265104
0.0283333
0.0307292
0.0311719
0.0354427
0.0400781
0.0428646
0.0478125
0.0518837
0.0540625
0.0615799
0.0680469
0.0699219
0.079592
0.0921528
0.0925868
0.0997222
0.105122
0.10796
0.113872
0.118828
0.119818
0.131432
0.136285
0.137352
0.146502
0.150226
0.148906
0.156068
0.161415
0.162587
0.16954
0.177951
0.178377
0.183255
0.186554
0.188559
0.196684
0.208429
0.215252
0.222873
0.233403
0.232804
0.243429
0.254184
0.254427
0.263655
0.274115
0.278819
0.29053
0.304826
0.306545
0.317847
0.322986
0.3227
0.327439
0.33322
0.334262
0.345399
0.357891
0.35947
0.367266
0.372856
0.371832
0.381623
0.380738
0.381337
0.390347
0.397899
0.397413
0.406979
0.415651
0.415972
0.422665
0.437266
0.439271
0.446953
0.460703
0.465243
0.478281
0.492214
0.494514
0.513064
0.52428
0.52145
0.536476
0.550616
0.551988
0.566137
0.578264
0.583507
0.593689
0.5998
0.59796
0.601476
0.601892
0.594314
0.593767
0.589844
0.587109
0.589878
0.589792
0.58487
0.581215
0.58901
0.585078
0.598828
0.610625
0.605477
0.619071
0.616875
0.613811
0.630582
0.639384
0.649523
0.658967
0.661788
0.663976
0.681736
0.694601
0.694045
0.706675
0.71967
0.724844
0.739922
0.745738
0.742483
0.75849
0.766476
0.765017
0.777795
0.781545
0.780312
0.79
0.795286
0.791701
0.793038
0.786337
0.778472
0.77513
0.783316
0.782691
0.784436
0.785191
0.785825
0.78197
0.787031
0.784488
0.78987
0.793281
0.793915
0.788264
0.785278
0.779097
0.779253
0.780486
0.772057
0.76046
0.746884
0.738681
0.735191
0.738854
0.751128
0.763611
0.766259
0.760373
0.764531
0.768003
0.767977
0.773863
0.771372
0.764948
0.761233
0.753455
0.748012
0.749722
0.744792
0.737144
0.740608
0.743845
0.738984
0.737465
0.747509
0.745477
0.745061
0.745217
0.744184
0.746059
0.73855
0.739505
0.730156
0.727656
0.730408
0.733689
0.728837
0.720608
0.715295
0.717396
0.718698
0.723064
0.72204
0.725061
0.729575
0.741753
0.742691
0.746398
0.753325
0.748845
0.754288
0.74487
0.73928
0.738698
0.733255
0.732474
0.752587
0.751189
0.744844
0.74217
0.739661
0.738663
0.738273
0.737778
0.736146
0.742049
0.748255
0.748116
0.744748
0.737309
0.737682
0.7352
0.734236
0.729097
0.732344
0.731962
0.725573
0.724991
0.726111
0.722326
0.722118
0.7123
0.709722
0.710885
0.703021
0.699097
0.698038
0.699514
0.692457
0.69803
0.703082
0.698229
0.69178
0.687639
0.681953
0.689123
0.69079
0.684227
0.68
0.679175
0.672648
0.673724
0.673325
0.670816
0.672396
0.679002
0.684514
0.678837
0.676918
0.670582
0.679453
0.680191
0.674809
0.673186
0.666024
0.663212
0.662665
0.656597
0.65105
0.647326
0.657352
0.654983
0.664097
0.668108
0.667396
0.672118
0.670113
0.671571
0.669384
0.663255
0.663993
0.659957
0.659253
0.651545
0.648307
0.650964
0.643142
0.644418
0.647656
0.646719
0.638194
0.639514
0.630486
0.632057
0.634609
0.637604
0.633967
0.636259
0.633073
0.637283
0.646832
0.647335
0.648108
0.654566
0.656788
0.657917
0.670755
0.668568
0.671146
0.671302
0.666068
0.672127
0.678802
0.684531
0.691363
0.684436
0.690078
0.690729
0.693785
0.689505
0.695312
0.699314
0.696788
0.700946
0.695104
0.687023
0.690321
0.68145
0.677804
0.674262
0.667144
0.66941
0.672109
0.672613
0.66342
0.662413
0.669601
0.671128
0.668481
0.671502
0.679922
0.680755
0.681458
0.678594
0.688429
0.68822
0.684878
0.679896
0.686858
0.676858
0.677031
0.676858
0.673264
0.663915
0.660625
0.654566
0.653984
0.645781
0.639957
0.632014
0.627118
0.621649
0.619427
0.619253
0.614688
0.612075
0.602682
0.600703
0.60099
0.605399
0.604375
0.594835
0.590373
0.586398
0.582622
0.57375
0.567144
0.567283
0.570937
0.565486
0.576293
0.578446
0.57651
0.579097
0.580347
0.581024
0.592222
0.608134
0.609045
0.621128
0.614462
0.613307
0.615026
0.617127
0.615017
0.623715
0.620807
0.620799
0.619219
0.619062
0.614887
0.612769
0.606727
0.6025
0.609661
0.612187
0.601042
0.601024
0.596649
0.592066
0.58691
0.574644
0.569288
0.562934
0.555061
0.544939
0.535356
0.530642
0.524896
0.517153
0.51099
0.504627
0.505026
0.508142
0.509844
0.515104
0.520226
0.517691
0.527023
0.524896
0.526181
0.533924
0.539062
0.533229
0.528472
0.52803
0.520295
0.516085
0.506988
0.494392
0.494253
0.489262
0.48434
0.484323
0.482543
0.478646
0.477292
0.48158
0.475825
0.473863
0.475608
0.464757
0.466085
0.463464
0.457144
0.455564
0.452778
0.443733
0.443038
0.436554
0.432569
0.42849
0.423759
0.415573
0.414887
0.419019
0.414835
0.413898
0.409714
0.407622
0.413776
0.40967
0.400373
0.391502
0.385148
0.382335
0.380694
0.371033
0.36276
0.354349
0.345321
0.348151
0.34487
0.34125
0.334184
0.336285
0.333724
0.330929
0.331806
0.334384
0.329097
0.336771
0.338681
0.335391
0.340668
0.341128
0.338186
0.33954
0.334583
0.328889
0.328837
0.325017
0.322856
0.330668
0.337977
0.336102
0.346415
0.349149
0.352595
0.355764
0.357109
0.356745
0.355877
0.35625
0.352639
0.34941
0.339201
0.333047
0.3352
0.329896
0.324314
0.318733
0.319323
0.315608
0.312222
0.309019
0.307023
0.299696
0.287839
0.279158
0.279062
0.276589
0.270408
0.264566
0.253568
0.250217
0.243151
0.238793
0.231693
0.228837
0.226875
0.22059
0.212908
0.213038
0.212847
0.216936
0.226198
0.230495
0.243741
0.252179
0.249974
0.257335
0.262561
0.261424
0.257752
0.253385
0.266337
0.260712
0.257934
0.253767
0.25145
0.245703
0.246189
0.252387
0.253038
0.2552
0.258108
0.261146
0.258698
0.272656
0.278785
0.277309
0.285729
0.290851
0.290911
0.303168
0.307205
0.303854
0.320747
0.330755
0.326953
0.327422
0.329062
0.330469
0.330486
0.330417
0.330486
0.329097
0.326354
0.324349
0.325226
0.327882
0.324835
0.318229
0.320668
0.316128
0.307821
0.306007
0.304748
0.303559
0.296753
0.294071
0.286858
0.283681
0.274661
0.2777
0.272622
0.262977
0.25737
0.250512
0.245929
0.237839
0.226519
0.217222
0.213056
0.221155
0.214627
0.206267
0.200564
0.193889
0.191753
0.210964
0.209757
0.207595
0.203932
0.1973
0.193906
0.195608
0.196771
0.197248
0.191424
0.198655
0.188681
0.184627
0.176623
0.167491
0.163116
0.159497
0.156007
0.146675
0.145399
0.136875
0.131918
0.129323
0.125243
0.119931
0.111337
0.104948
0.0974219
0.0932812
0.0916319
0.0924132
0.0898611
0.0888368
0.0878125
0.082309
0.0952083
0.0900781
0.0875
0.0866406
0.0837153
0.0811198
0.0768576
0.0719358
0.0679253
0.0615799
0.0583854
0.0557552
0.0536458
0.051901
0.0501823
0.0488542
0.0472656
0.0458594
0.0430469
0.0416146
0.0390365
0.0379167
0.0358333
0.0338802
0.0322135
0.0331771
0.0302344
0.0284896
0.026875
0.025651
0.0241146
0.0223958
0.0215365
0.0197656
0.018776
0.0159896
0.014349
0.0136198
0.0132031
0.0130208
0.0122135
0.01125
0.0100781
0.00895833
0.00919271
0.00882812
0.00833333
0.00757812
0.00739583
0.00682292
0.00539062
0.00533854
0.00481771
0.00427083
0.00354167
0.00359375
0.00265625
0.00257813
0.00221354
0.00322917
0.00276042
0.00268229
0.00276042
0.00231771
0.00260417
0.00184896
0.00153646
0.00153646
0.00223958
0.00184896
0.00213542
0.0015625
0.00140625
0.00130208
0.0015625
0.00132813
0.00132813
0.00179688
0.00200521
0.00221354
0.00169271
0.00145833
0.00145833
0.00135417
0.000729167
0.00104167
0.000494792
0.000494792
0.000390625
0.000859375
0.000807292
0.00122396
0.00143229
0.00138021
0.000546875
0.00101563
0.000833333
0.000598958
0.000546875
0.000833333
0.000885417
0.000520833
0.000416667
0.000286458
0.00164062
0.00330729
0.00434896
0.00546875
0.00773437
0.00854167
0.0102344
0.0114583
0.0120573
0.0126302
0.010651
0.010599
0.00924479
0.00731771
0.00692708
0.00546875
0.00455729
0.00385417
0.0071875
0.0135156
0.0170052
0.0234896
0.0278906
0.0292188
0.0319271
0.0339323
0.0345312
0.0365625
0.042474
0.0491146
0.0586458
0.0685677
0.0728125
0.0823437
0.0850521
0.0865885
0.0908073
0.0909896
0.0901302
0.0946875
0.100443
0.0998698
0.100703
0.101406
0.0991927
0.103281
0.103958
0.100755
0.0979687
0.098151
0.0953646
0.0965885
0.0892969
0.089349
0.0858594
0.0865365
0.0875781
0.0869531
0.0847135
0.0822656
0.0824479
0.0803559
0.077526
0.0671962
0.063342
0.06
0.053125
0.0463281
0.0460156
0.0479687
0.049349
0.0497135
0.0508594
0.0514583
0.0525694
0.0523785
0.0560156
0.0579427
0.06
0.0579253
0.0590625
0.0592708
0.0623958
0.0619792
0.0615365
0.0630208
0.0600521
0.0645833
0.0667448
0.063151
0.0664844
0.0634115
0.0617188
0.0603385
0.061849
0.0607031
0.0624219
0.0655208
0.0609635
0.0645312
0.0648177
0.0654253
0.0683073
0.0684549
0.0668924
0.0676215
0.0637587
0.0669878
0.0666406
0.0628993
0.0611285
0.0579774
0.051276
0.0468229
0.0407812
0.0331076
0.0295747
0.0245052
0.0196267
0.0173958
0.0140885
0.0109635
0.012526
0.0126042
0.0128385
0.0105208
0.00815104
0.00580729
0.00502604
0.00552083
0.00575521
0.00635417
0.00614583
0.00617188
0.00635417
0.00734375
0.00770833
0.00828125
0.00825521
0.00817708
0.00846354
0.00864583
0.00945312
0.0103385
0.0116146
0.0114844
0.0118229
0.0165885
0.0246354
0.0271354
0.0366927
0.0484375
0.0538542
0.0669531
0.0789844
0.0851042
0.099401
0.112031
0.120885
0.133437
0.149401
0.161042
0.174141
0.191667
0.198411
0.21638
0.229453
0.237786
0.253906
0.271771
0.280417
0.296875
0.311667
0.314141
0.326536
0.336484
0.333411
0.340269
0.336701
0.331936
0.326823
0.31763
0.315608
0.308273
0.302127
0.304036
0.297561
0.28822
0.279609
0.271797
0.262682
0.254253
0.248663
0.244236
0.242821
0.236788
0.231988
0.227734
0.224253
0.219792
0.217092
0.211024
0.206024
0.204306
0.190807
0.186649
0.179878
0.160686
0.146563
0.139236
0.121719
0.107943
0.100998
0.0877691
0.0748785
0.0679601
0.0575174
0.0438976
0.0374479
0.0278993
0.0212413
0.018316
0.0124306
0.00766493
0.00538194
0.00139757
0
0
0
0
0
0.000885417
0.00239583
0.00286458
0.00341146
0.00377604
0.00328125
0.00242187
0.000494792
0
0
0
0
0
0
0
0
0
0
0
0
0
0
0
0
0
0
0
0
0
0
0
0
0
0
0
0
0
0
0
0
0
0
0
0
0
0
0
0
0
0
0
0
0
0
0
0
0
0
0
0
0
0
0
0
0
0
0
0
0
0
0
0
0
0
0
0
0
0
0
0
0
0
0
0
0
0
0
0
0
0
0
0
0
0
0
0
0
0
0
0
0
0
0
0
0
0
0
0
0
0
0
0
0
0
0
0
0
0
0
0
0
0
0
0
0
0
0
0
0.00296875
0.00643229
0.0136198
0.0222135
0.0256771
0.0325
0.0384115
0.0413021
0.0441927
0.0466406
0.045651
0.0485417
0.0491146
0.0507812
0.0520313
0.0509896
0.0516146
0.0529167
0.0548177
0.0547656
0.0535417
0.0558854
0.0581771
0.0576042
0.0578385
0.058151
0.0591667
0.0607031
0.0620313
0.0641667
0.0660677
0.0685937
0.0756771
0.0840365
0.0872917
0.0990365
0.113854
0.116198
0.12625
0.137031
0.139714
0.146563
0.153255
0.155312
0.160911
0.168906
0.17151
0.174505
0.17901
0.179479
0.182969
0.184036
0.186354
0.190365
0.1925
0.190052
0.193906
0.196094
0.193333
0.192708
0.19526
0.191719
0.194271
0.191771
0.191562
0.188307
0.187214
0.184401
0.180677
0.180521
0.178151
0.178359
0.180391
0.18112
0.184375
0.187786
0.187917
0.189766
0.192578
0.192708
0.195781
0.196693
0.195365
0.196927
0.198073
0.198854
0.20125
0.206979
0.205521
0.205859
0.205443
0.20612
0.207396
0.206641
0.20888
0.212786
0.217812
0.221198
0.227396
0.235599
0.238177
0.246823
0.253437
0.2575
0.263828
0.259505
0.259479
0.260885
0.262526
0.260833
0.257214
0.256953
0.260964
0.260911
0.259974
0.259583
0.260911
0.261224
0.260313
0.261615
0.262109
0.261406
0.263437
0.26401
0.261016
0.261146
0.258359
0.258411
0.262344
0.265234
0.266927
0.273828
0.281042
0.283281
0.28888
0.292292
0.292917
0.302396
0.300182
0.299687
0.300026
0.299479
0.297422
0.295625
0.29026
0.287109
0.285104
0.281745
0.278203
0.275
0.272448
0.271458
0.269896
0.268437
0.264974
0.263698
0.262083
0.260677
0.259792
0.260391
0.261953
0.26625
0.280391
0.279844
0.281693
0.286615
0.285859
0.291406
0.292344
0.291276
0.292031
0.289687
0.287786
0.29276
0.301276
0.302734
0.309054
0.315859
0.318559
0.322986
0.33171
0.335191
0.342292
0.348681
0.351484
0.357509
0.364653
0.387118
0.384262
0.388767
0.387769
0.391319
0.392656
0.391389
0.392049
0.393437
0.392083
0.393568
0.393576
0.392248
0.392899
0.389983
0.388941
0.386536
0.389896
0.3875
0.382908
0.379514
0.377622
0.374358
0.370312
0.367604
0.382101
0.376007
0.373845
0.372648
0.370122
0.366953
0.364288
0.362708
0.359323
0.364479
0.364948
0.364089
0.370495
0.374783
0.374444
0.382656
0.387457
0.386719
0.393299
0.399384
0.402769
0.405399
0.410095
0.412622
0.416736
0.44947
0.441241
0.445694
0.446241
0.445825
0.446398
0.445078
0.446094
0.447266
0.447083
0.447552
0.448385
0.447656
0.448411
0.449557
0.451024
0.447326
0.44605
0.445425
0.442977
0.43928
0.436311
0.434332
0.42941
0.429201
0.472118
0.465434
0.459115
0.454453
0.451085
0.448429
0.445964
0.444896
0.45441
0.450686
0.454957
0.456832
0.453681
0.456597
0.459575
0.45605
0.459201
0.461623
0.458845
0.459965
0.459835
0.459601
0.461345
0.46184
0.461085
0.492274
0.484149
0.479748
0.479401
0.477708
0.472908
0.469236
0.464705
0.46145
0.460434
0.45796
0.450616
0.45145
0.449262
0.447205
0.445538
0.442804
0.440668
0.438819
0.438585
0.437648
0.438377
0.438689
0.436137
0.4377
0.462222
0.450295
0.449384
0.448924
0.446007
0.444028
0.442648
0.434861
0.43171
0.429366
0.424965
0.425095
0.425356
0.421372
0.418403
0.418611
0.414835
0.419653
0.419887
0.416528
0.414653
0.411267
0.408533
0.406762
0.405122
0.451024
0.43849
0.431693
0.42474
0.421406
0.416007
0.410877
0.404991
0.402179
0.398707
0.393889
0.388446
0.384957
0.381519
0.377292
0.373828
0.373186
0.370425
0.36783
0.364132
0.360538
0.356476
0.355304
0.352361
0.348845
0.384774
0.370243
0.366623
0.362205
0.357196
0.353637
0.351293
0.348568
0.341875
0.342135
0.338906
0.333576
0.328967
0.326441
0.324306
0.319818
0.321302
0.318759
0.313681
0.309957
0.303984
0.301276
0.298403
0.295547
0.29204
0.360026
0.340712
0.334922
0.329887
0.323715
0.31947
0.314852
0.311276
0.309002
0.307266
0.303924
0.300773
0.295295
0.292595
0.286267
0.283012
0.277595
0.273837
0.272144
0.267743
0.266493
0.262951
0.259514
0.258707
0.255312
0.298655
0.284722
0.278628
0.272561
0.268628
0.263611
0.255252
0.24908
0.246033
0.240503
0.238516
0.2373
0.233056
0.229115
0.228299
0.22572
0.223351
0.220773
0.218689
0.216814
0.215278
0.210148
0.208038
0.201771
0.19776
0.216806
0.205503
0.198116
0.19283
0.18908
0.183872
0.183273
0.183333
0.17974
0.178177
0.175243
0.172257
0.168941
0.16566
0.163585
0.161927
0.162005
0.161042
0.160443
0.159922
0.158594
0.154661
0.150938
0.149375
0.146936
0.222925
0.203142
0.197856
0.193038
0.18783
0.182283
0.176997
0.173602
0.170269
0.166102
0.163108
0.159566
0.156207
0.15105
0.147847
0.145642
0.141293
0.13809
