0
0.0283333
0.03
0.0505556
0.0672222
0.0738889
0.0855556
0.105556
0.0988889
0.112222
0.122222
0.125556
0.128889
0.125556
0.128333
0.131667
0.133333
0.131667
0.131667
0.136667
0.14
0.143333
0.148333
0.15
0.156667
0.161667
0.166667
0.166667
0.176667
0.166667
0.173333
0.171667
0.17
0.165
0.166667
0.165
0.161667
0.163333
0.163333
0.158333
0.166667
0.166667
0.171667
0.171667
0.168333
0.171667
0.165
0.165
0.163333
0.16
0.158333
0.156667
0.153333
0.15
0.156667
0.158333
0.161667
0.163333
0.17
0.168333
0.168333
0.171667
0.175
0.173333
0.175
0.171667
0.17
0.166667
0.161667
0.155
0.151667
0.153333
0.146667
0.14
0.136667
0.136667
0.131667
0.135
0.135
0.135
0.135
0.141667
0.151667
0.146667
0.146667
0.158333
0.161667
0.173333
0.185
0.196667
0.208333
0.215
0.216667
0.215
0.231667
0.225
0.228333
0.236667
0.24
0.246667
0.246667
0.263333
0.26
0.258333
0.257778
0.261667
0.255556
0.247778
0.238889
0.238889
0.238889
0.223889
0.227222
0.22
0.22
0.215
0.21
0.208333
0.196667
0.193333
0.186667
0.191667
0.196667
0.199444
0.186667
0.186667
0.188333
0.195
0.193333
0.194444
0.195
0.19
0.19
0.191667
0.186667
0.195
0.2
0.198333
0.208333
0.203333
0.205
0.198333
0.21
0.205
0.203333
0.195
0.196667
0.2
0.195
0.183333
0.185
0.19
0.19
0.185
0.185
0.178333
0.178333
0.176667
0.17
0.173333
0.18
0.178333
0.17
0.175
0.171667
0.176667
0.183333
0.168333
0.176667
0.166667
0.163333
0.17
0.158333
0.155
0.156667
0.163333
0.153333
0.165
0.155
0.161667
0.163333
0.168333
0.181667
0.183333
0.168333
0.163333
0.158333
0.16
0.156667
0.161667
0.158333
0.145
0.14
0.141667
0.161667
0.155
0.155
0.155
0.156667
0.158333
0.158333
0.155
0.156667
0.151667
0.153333
0.15
0.151667
0.151667
0.151667
0.156667
0.156667
0.151667
0.151667
0.145
0.15
0.138333
0.135
0.133333
0.133333
0.145
0.141667
0.136667
0.133333
0.138333
0.131667
0.138333
0.138333
0.138333
0.138333
0.133333
0.133333
0.133333
0.133333
0.135
0.133333
0.13
0.126667
0.123333
0.123333
0.12
0.115
0.118333
0.116667
0.116667
0.108333
0.101667
0.105
0.108333
0.115
0.113333
0.111667
0.115
0.108333
0.108333
0.108333
0.108333
0.108333
0.106667
0.101667
0.101667
0.0966667
0.095
0.095
0.095
0.095
0.095
0.095
0.095
0.095
0.095
0.095
0.095
0.095
0.0966667
0.095
0.0933333
0.095
0.095
0.095
0.1
0.105
0.101667
0.11
0.113333
0.115
0.121667
0.126667
0.125
0.123333
0.126667
0.123333
0.121667
0.118333
0.118333
0.125
0.11
0.111667
0.11
0.106667
0.103333
0.101667
0.1
0.1
0.0966667
0.101667
0.095
0.095
0.1
0.105
0.0983333
0.1
0.0983333
0.103333
0.0966667
0.1
0.095
0.0933333
0.0916667
0.0916667
0.0966667
0.0983333
0.103333
0.0916667
0.0916667
0.0916667
0.0916667
0.0883333
0.0766667
0.0833333
0.0833333
0.09
0.0883333
0.0883333
0.085
0.09
0.0883333
0.0833333
0.0833333
0.0833333
0.085
0.075
0.0766667
0.0733333
0.0816667
0.07
0.0683333
0.0733333
0.0766667
0.08
0.0733333
0.0683333
0.0566667
0.0616667
0.065
0.0583333
0.055
0.055
0.0583333
0.0566667
0.0533333
0.055
0.0566667
0.0583333
0.055
0.0516667
0.0516667
0.0533333
0.0483333
0.05
0.0583333
0.0583333
0.055
0.0483333
0.0516667
0.05
0.05
0.0483333
0.045
0.05
0.0483333
0.04
0.04
0.04
0.04
0.04
0.0433333
0.045
0.0433333
0.05
0.05
0.06
0.06
0.065
0.0666667
0.0616667
0.065
0.0683333
0.065
0.0683333
0.0733333
0.065
0.06
0.0683333
0.07
0.0683333
0.075
0.085
0.0833333
0.0883333
0.0966667
0.095
0.118333
0.13
0.126667
0.133333
0.138333
0.146667
0.155
0.171667
0.206667
0.205
0.208333
0.208333
0.213333
0.235
0.248333
0.246667
0.253333
0.255
0.261667
0.265
0.278333
0.288333
0.3
0.31
0.32
0.321667
0.323333
0.32
0.325
0.328333
0.328333
0.341667
0.336667
0.358333
0.361667
0.353333
0.358333
0.36
0.358333
0.358333
0.366667
0.365
0.371667
0.378333
0.378333
0.376667
0.39
0.393333
0.395
0.391667
0.386667
0.393333
0.393333
0.396667
0.403333
0.4
0.396667
0.398333
0.418333
0.415
0.413333
0.408333
0.411667
0.411667
0.413333
0.415
0.42
0.42
0.418333
0.416667
0.413333
0.416667
0.415
0.415
0.415
0.415
0.418333
0.415
0.418333
0.415
0.411667
0.411667
0.413333
0.43
0.42
0.423333
0.42
0.418333
0.42
0.411667
0.421667
0.421667
0.418333
0.418333
0.421667
0.428333
0.431667
0.44
0.436667
0.438333
0.451667
0.451667
0.458333
0.458333
0.46
0.463333
0.466667
0.46
0.481667
0.48
0.476667
0.472778
0.474444
0.476111
0.482778
0.481111
0.484444
0.487778
0.486111
0.486111
0.479444
0.482778
0.481111
0.492778
0.484444
0.482778
0.476111
0.479444
0.477778
0.476111
0.467778
0.474444
0.477778
0.497778
0.491111
0.496111
0.482778
0.482778
0.489444
0.487778
0.481111
0.482778
0.479444
0.474444
0.476111
0.469444
0.451111
0.449444
0.451111
0.449444
0.443333
0.44
0.436667
0.433333
0.451667
0.446667
0.435
0.436667
0.441667
0.435
0.44
0.433333
0.425
0.42
0.43
0.436667
0.43
0.428333
0.431667
0.438333
0.426667
0.425
0.431667
0.435
0.431667
0.435
0.435
0.433333
0.435
0.433333
0.426667
0.435
0.43
0.45
0.446667
0.446667
0.453333
0.455
0.461667
0.456667
0.451667
0.451667
0.451667
0.45
0.45
0.455
0.45
0.448333
0.446667
0.453333
0.451667
0.46
0.455
0.458333
0.456667
0.455
0.451667
0.453333
0.503333
0.495
0.493333
0.498333
0.498333
0.505
0.511667
0.508333
0.51
0.503333
0.496667
0.491667
0.491667
0.486667
0.49
0.481667
0.48
0.478333
0.48
0.463333
0.468333
0.461667
0.461667
0.461667
0.463333
0.481667
0.493333
0.476667
0.483333
0.488333
0.481667
0.491667
0.49
0.495
0.483333
0.493333
0.476667
0.468333
0.475
0.471667
0.463333
0.463333
0.458333
0.448333
0.451667
0.458333
0.448333
0.435
0.43
0.428333
0.443333
0.45
0.436667
0.426667
0.418333
0.411667
0.415
0.398333
0.393333
0.385
0.39
0.381667
0.38
0.388333
0.381667
0.39
0.373333
0.363333
0.37
0.36
0.361667
0.366667
0.356667
0.366667
0.353333
0.386667
0.385
0.388333
0.373333
0.358333
0.355
0.35
0.333333
0.343333
0.346667
0.341667
0.338333
0.34
0.331667
0.335
0.335
0.328333
0.333333
0.33
0.328333
0.316667
0.315
0.32
0.313333
0.321667
0.35
0.331667
0.333333
0.325
0.331667
0.32
0.311667
0.306667
0.293333
0.29
0.28
0.285
0.278333
0.278333
0.251667
0.251667
0.251667
0.26
0.261667
0.248333
0.25
0.235
0.238333
0.235
0.231667
0.278333
0.273333
0.255
0.243333
0.241667
0.23
0.225
0.223333
0.218333
0.22
0.211667
0.21
0.201667
0.201667
0.203333
0.198333
0.193333
0.186667
0.181667
0.181667
0.181667
0.171667
0.168333
0.166667
0.166667
0.17
0.165
0.161667
0.151667
0.143333
0.14
0.14
0.135
0.135
0.14
0.14
0.131667
0.133333
0.131667
0.133333
0.13
0.115
0.118333
0.111667
0.101667
0.105
0.105
0.105
0.103333
0.101667
0.146667
0.116667
0.113333
0.108333
0.115
0.118333
0.106667
0.0983333
0.0983333
0.101667
0.101667
0.0966667
0.105
0.1
0.1
0.0933333
0.105
0.0966667
0.101667
0.09
0.0933333
0.0833333
0.0866667
0.0866667
0.085
0.12
0.116667
0.11
0.106667
0.0933333
0.09
0.0883333
0.085
0.0816667
0.0916667
0.0833333
0.08
0.0833333
0.095
0.0866667
0.0816667
0.085
0.0833333
0.075
0.0733333
0.0716667
0.0766667
0.075
0.0683333
0.0683333
0.0816667
0.0766667
0.075
0.075
0.0733333
0.075
0.07
0.0666667
0.0666667
0.0633333
0.0633333
0.0583333
0.0516667
0.0533333
0.0533333
0.0533333
0.055
0.05
0.0516667
0.0483333
0.0466667
0.05
0.0433333
0.0433333
0.035
0.035
0.0416667
0.0416667
0.0383333
0.0333333
0.035
0.0283333
0.0333333
0.0316667
0.0333333
0.0383333
0.0283333
0.0266667
0.0233333
0.0233333
0.0233333
0.0216667
0.0216667
0.02
0.0266667
0.025
0.0216667
0.0233333
0.0216667
0.02
0.0183333
0.0233333
0.0216667
0.025
0.025
0.0266667
0.025
0.0283333
0.025
0.0216667
0.0233333
0.015
0.02
0.0133333
0.0133333
0.015
0.0133333
0.0133333
0.0216667
0.0166667
0.0166667
0.015
0.0116667
0.00666667
0.00666667
0.005
0.005
0.005
0.005
0.005
0.005
0.005
0.00166667
0.00166667
0.00166667
0.005
0.005
0.00666667
0.005
0.00333333
0.00333333
0.00333333
0.00666667
0.00333333
0.00333333
0.00333333
0.00333333
0.00333333
0.00333333
0.00333333
0.00333333
0.00333333
0.00333333
0.00333333
0.00333333
0.00333333
0
0
0
0
0
0
0
0
0
0
0
0
0
0
0
0.00166667
0.00333333
0
0
0.00333333
0.005
0.00666667
0.00666667
0.00666667
0.00666667
0.00666667
0.00833333
0.00666667
0.00833333
0.00833333
0.00666667
0.005
0
0
0.00333333
0.00166667
0
0
0
0.00166667
0
0
0
0
0.00166667
0.00166667
0.00333333
0.00333333
0.00333333
0.00333333
0.00166667
0.00166667
0.00166667
0.00333333
0.00333333
0.00666667
0
0
0.00833333
0.00666667
0.00666667
0.005
0.00333333
0.00333333
0.00333333
0.005
0.00333333
0.00333333
0.00333333
0.00166667
0.00166667
0.00166667
0.00166667
0.00166667
0.00166667
0.00166667
0.00166667
0.00166667
0.00333333
0.00333333
0.00333333
0.00666667
0.00333333
0.00333333
0.00333333
0.00333333
0.00166667
0.00166667
0.00166667
0.00333333
0.00333333
0.00333333
0.00333333
0.00333333
0.005
0.00333333
0
0
0.00333333
0
0
0
0
0
0
0.00166667
0
0
0
0
0.00166667
0.00166667
0.00166667
0.00166667
0
0
0
0
0
0
0
0
0
0
0
0
0
0
0
0
0
0
0
0
0
0
0
0
0
0
0
0.00166667
0.00333333
0
0
0
0
0
0
0
0
0.00333333
0.00333333
0.00333333
0.00333333
0.00333333
0.00333333
0.00333333
0.00333333
0.005
0
0
0
0
0
0
0
0
0
0
0
0
0
0
0
0
0
0.00166667
0.00166667
0.00166667
0.005
0.00833333
0.00333333
0.00333333
0.005
0.0133333
0.01
0.0133333
0.01
0.00666667
0.00833333
0.00666667
0.005
0.005
0
0.00333333
0.00666667
0.005
0.01
0.01
0.00666667
0.00833333
0.00666667
0.00833333
0.005
0.005
0.00166667
0.005
0.00666667
0.005
0.005
0.00333333
0.005
0.005
0.00833333
0.00833333
0.00666667
0.005
0.00166667
0.00333333
0.00166667
0.00166667
0.00166667
0
0
0
0
0.00333333
0.00666667
0.005
0.00166667
0
0
0
0.005
0.00166667
0.00333333
0
0
0
0
0
0
0
0
0
0
0
0
0
0
0
0
0
0
0
0
0
0
0
0
0
0
0
0
0
0
0
0
0
0
0
0
0
0
0
0
0
0
0
0
0.00166667
0.00166667
0
0
0
0
0
0
0
0
0
0
0
0
0
0
0
0
0
0
0
0
0
0
0
0
0
0
0
0
0
0
0
0
0
0
0
0
0
0
0
0
0
0
0
0
0.00333333
0.00166667
0.00333333
0.00333333
0
0
0
0
0
0
0
0
0
0
0
0
0
0
0
0.00666667
0.005
0.005
0.00666667
0.005
0.00333333
0.005
0.005
0
0.00333333
0.005
0
0
0.00166667
0.00166667
0.00333333
0.00333333
0
0
0
0.00333333
0
0
0
0
0
0
0.00166667
0.00166667
0
0
0
0
0
0
0
0
0
0
0
0
0
0
0
0.00333333
0
0
0
0
0
0
0
0.00166667
0
0.00333333
0.00333333
0.005
0.005
0.00666667
0.00666667
0.0116667
0.015
0.0116667
0.01
0.0216667
0.0216667
0.025
0.0233333
0.025
0.0283333
0.03
0.03
0.03
0.03
0.0216667
0.0233333
0.0283333
0.03
0.0327778
0.03
0.025
0.025
0.025
0.0266667
0.0261111
0.0233333
0.0233333
0.0261111
0.0266667
0.0244444
0.0233333
0.0216667
0.0216667
0.0183333
0.02
0.0183333
0.0166667
0.0166667
0.0166667
0.015
0.015
0.015
0.0133333
0.0133333
0.0133333
0.0133333
0.0133333
0.0116667
0.0116667
0.0133333
0.0133333
0.0133333
0.0133333
0.0116667
0.0133333
0.0133333
0.0133333
0.0116667
0.0116667
0.01
0.01
0.00833333
0.00666667
0.0116667
0.0133333
0.0133333
0.0133333
0.0133333
0.00833333
0.015
0.0116667
0.0116667
0.0183333
0.0233333
0.0316667
0.0266667
0.0233333
0.0383333
0.035
0.0361111
0.0411111
0.0544444
0.0594444
0.0661111
0.0694444
0.0861111
0.085
0.1
0.0894444
0.0977778
0.116667
0.128333
0.143333
0.148333
0.146667
0.183333
0.181667
0.196111
0.208889
0.215
0.228333
0.248333
0.251667
0.243333
0.266667
0.28
0.276667
0.275
0.295
0.285
0.301667
0.31
0.305
0.301667
0.312222
0.31
0.298889
0.308333
0.293333
0.318333
0.323333
0.331667
0.328889
0.326667
0.305
0.315
0.331667
0.336667
0.36
0.396111
0.385
0.38
0.415
0.413333
0.428333
0.43
0.413333
0.421667
0.425
0.415
0.421667
0.436667
0.43
0.423333
0.437778
0.441111
0.476111
0.476111
0.451111
0.478333
0.488333
0.49
0.485556
0.508333
0.491667
0.495
0.496667
0.507222
0.502222
0.545
0.526111
0.532778
0.563333
0.57
0.575
0.601667
0.580556
0.598333
0.616667
0.61
0.623889
0.633333
0.62
0.623333
0.625
0.638333
0.63
0.672222
0.65
0.645
0.638333
0.633333
0.629444
0.634444
0.62
0.644444
0.637222
0.611667
0.635
0.627222
0.62
0.613889
0.606111
0.627222
0.616111
0.635
0.645556
0.655
0.658889
0.638889
0.665
0.652778
0.651111
0.68
0.661667
0.666667
0.661111
0.681111
0.675556
0.703333
0.686667
0.691667
0.715
0.716667
0.733889
0.731667
0.743333
0.741111
0.759444
0.727778
0.728333
0.727222
0.736667
0.731111
0.703333
0.713333
0.705
0.725556
0.723333
0.716667
0.715
0.711667
0.703333
0.696667
0.690556
0.67
0.693333
0.650556
0.678333
0.677222
0.666667
0.671111
0.681667
0.664444
0.68
0.673333
0.683333
0.671667
0.705
0.735
0.711667
0.706667
0.721667
0.725556
0.733333
0.741667
0.721667
0.738333
0.74
0.726667
0.72
0.715
0.713333
0.7
0.695
0.688333
0.681667
0.67
0.666667
0.663889
0.661667
0.656667
0.679444
0.670556
0.670556
0.68
0.69
0.683333
0.695
0.696667
0.69
0.71
0.666667
0.658333
0.646667
0.636667
0.631667
0.631667
0.608333
0.613333
0.601667
0.576667
0.571667
0.591667
0.563333
0.556667
0.523333
0.483333
0.476667
0.508333
0.507222
0.497778
0.528889
0.517222
0.491667
0.51
0.54
0.512222
0.526667
0.528333
0.557778
0.546667
0.538333
0.558333
0.571667
0.563889
0.549444
0.561667
0.541667
0.53
0.547778
0.553889
0.546667
0.597222
0.583333
0.57
0.585
0.578333
0.577222
0.588889
0.57
0.591667
0.621111
0.606111
0.588333
0.58
0.591667
0.57
0.576667
0.586667
0.58
0.633333
0.615
0.618333
0.601667
0.625
0.61
0.607222
0.604444
0.598333
0.601667
0.596667
0.588889
0.622778
0.622778
0.621667
0.611667
0.628333
0.613333
0.651111
0.648889
0.599444
0.630556
0.64
0.625
0.599444
0.576667
0.568333
0.570556
0.57
0.558333
0.556667
0.543333
0.535
0.516667
0.539444
0.521667
0.550556
0.545
0.558333
0.573333
0.57
0.567778
0.553889
0.588889
0.596667
0.626667
0.655556
0.63
0.613889
0.618889
0.655556
0.671111
0.67
0.656667
0.65
0.668333
0.676111
0.681667
0.675
0.66
0.672222
0.643333
0.666667
0.653333
0.645556
0.638333
0.651667
0.657222
0.645
0.637222
0.625556
0.626667
0.616667
0.647778
0.633889
0.625556
0.617222
0.608333
0.6
0.575
0.578333
0.579444
0.569444
0.576667
0.565
0.556667
0.54
0.52
0.558333
0.531667
0.535
0.521667
0.515
0.543333
0.546667
0.508333
0.508333
0.508333
0.51
0.503333
0.476667
0.474444
0.479444
0.463333
0.476667
0.462778
0.453333
0.425
0.455
0.471111
0.446667
0.475
0.488333
0.475
0.49
0.501111
0.466667
0.437778
0.475
0.454444
0.45
0.443333
0.411667
0.431667
0.426667
0.401667
0.415
0.401667
0.394444
0.396111
0.366667
0.368333
0.358333
0.371667
0.366667
0.345
0.372778
0.355
0.348333
0.351667
0.341667
0.345
0.333333
0.316667
0.318333
0.313333
0.298333
0.296111
0.306667
0.282222
0.268333
0.281667
0.276667
0.231667
0.247222
0.216667
0.211667
0.215
0.228333
0.224444
0.217222
0.195556
0.233333
0.233333
0.231667
0.216667
0.242778
0.244444
0.256111
0.261111
0.256111
0.250556
0.252778
0.257778
0.271111
0.26
0.253333
0.258333
0.256667
0.258333
0.271667
0.273333
0.275
0.293333
0.288333
0.31
0.346667
0.333889
0.367778
0.383889
0.389444
0.388889
0.402778
0.388333
0.401667
0.4
0.401667
0.418889
0.412222
0.413333
0.434444
0.441667
0.461667
0.459444
0.448333
0.446667
0.467778
0.485
0.432778
0.443333
0.451667
0.428333
0.406667
0.397778
0.393889
0.39
0.406667
0.388333
0.383333
0.398333
0.381667
0.373333
0.373333
0.362778
0.361111
0.358333
0.352222
0.35
0.329444
0.325556
0.330556
0.31
0.293333
0.288333
0.281667
0.268333
0.273333
0.258333
0.243333
0.222222
0.248333
0.23
0.210556
0.220556
0.228333
0.215
0.233333
0.225
0.215
0.235
0.208333
0.218333
0.214444
0.189444
0.194444
0.173333
0.163333
0.168333
0.166667
0.154444
0.143333
0.137222
0.133333
0.123333
0.113333
0.0966667
0.0916667
0.09
0.0755556
0.0616667
0.065
0.0655556
0.0655556
0.0638889
0.0616667
0.0583333
0.0566667
0.0583333
0.0633333
0.0533333
0.0538889
0.0533333
0.0516667
0.05
0.055
0.0533333
0.05
0.0483333
0.0655556
0.0655556
0.0583333
0.0616667
0.06
0.0533333
0.0583333
0.0566667
0.055
0.05
0.0516667
0.0516667
0.0566667
0.055
0.0566667
0.0516667
0.0666667
0.0766667
0.0933333
0.11
0.12
0.136667
0.156667
0.16
0.186667
0.201667
0.218333
0.245
0.261667
0.268333
0.3
0.336667
0.348333
0.366667
0.378333
0.398333
0.403333
0.418333
0.436667
0.451667
0.456667
0.461667
0.455
0.421667
0.426667
0.402778
0.39
0.393333
0.37
0.375
0.36
0.33
0.325
0.315
0.308333
0.286667
0.276667
0.250556
0.248889
0.247222
0.25
0.240556
0.238333
0.23
0.231667
0.223333
0.23
0.195
0.191111
0.181667
0.195
0.18
0.182778
0.176667
0.173333
0.166667
0.151667
0.136667
0.125
0.126667
0.121667
0.113333
0.105
0.0983333
0.0916667
0.0772222
0.0616667
0.0533333
0.05
0.0388889
0.0488889
0.0405556
0.0355556
0.0394444
0.0333333
0.0383333
0.035
0.03
0.0316667
0.0283333
0.0316667
0.0316667
0.0233333
0.025
0.0205556
0.0183333
0.0166667
0.0233333
0.0183333
0.015
0.015
0.015
0.015
0.0166667
0.0233333
0.0316667
0.035
0.04
0.0533333
0.0588889
0.07
0.0866667
0.085
0.0933333
0.0983333
0.100556
0.111667
0.128333
0.123333
0.121667
0.14
0.14
0.146667
0.15
0.166667
0.17
0.185
0.178333
0.176667
0.201667
0.211667
0.215
0.236667
0.223333
0.226667
0.243333
0.235
0.233333
0.236667
0.236667
0.226667
0.259444
0.242778
0.259444
0.26
0.24
0.246111
0.243333
0.241667
0.251667
0.236667
0.217222
0.223889
0.23
0.23
0.253333
0.236667
0.221667
0.23
0.228333
0.238333
0.216667
0.236667
0.228333
0.205
0.22
0.211667
0.203333
0.22
0.2
0.228333
0.221667
0.22
0.215
0.196111
0.183333
0.191667
0.176667
0.173333
0.183333
0.138333
0.14
0.133333
0.116667
0.115
0.128333
0.126667
0.121667
0.113333
0.106111
0.0983333
0.0933333
0.0816667
0.0783333
0.0583333
0.0405556
0.0372222
0.0316667
0.03
0.0288889
0.0233333
0.03
0.03
0.0283333
0.025
0.0233333
0.02
0.0166667
0.0133333
0.00833333
0.00666667
0.005
0.00333333
0.00333333
0.00333333
0.00666667
0.00166667
0.00166667
0
0.00166667
0.00166667
0.00166667
0.00166667
0.00166667
0.00166667
0.00166667
0.00166667
0.00166667
0.00166667
0.00333333
0.00333333
0.00333333
0.00333333
0.00333333
0.00333333
0.00333333
0.00333333
0.00333333
0.00333333
0.00333333
0.00166667
0
0
0
0
0
0
0.00166667
0.00166667
0.00166667
0.00166667
0.00166667
0.00166667
0.00166667
0.00166667
0.00166667
0.00166667
0.00166667
0.00166667
0.00166667
0.00166667
0.00166667
0.00166667
0.00166667
0.00166667
0.00166667
0.00166667
0.00166667
0
0
0
0
0.00333333
0.0105556
0.00833333
0.0216667
0.0261111
0.0266667
0.0316667
0.035
0.0283333
0.0333333
0.04
0.03
0.0416667
0.0366667
0.0433333
0.0316667
0.04
0.035
0.0383333
0.04
0.0388889
0.0438889
0.045
0.0383333
0.04
0.05
0.0533333
0.05
0.0583333
0.0433333
0.06
0.0583333
0.06
0.0483333
0.055
0.0516667
0.0533333
0.07
0.0633333
0.0833333
0.0688889
0.065
0.0633333
0.0466667
0.0566667
0.0544444
0.055
0.055
0.045
0.0466667
0.04
0.0366667
0.0466667
0.0416667
0.04
0.0233333
0.035
0.0233333
0.03
0.0166667
0.015
0.0105556
0.0216667
0.015
0.0183333
0.0233333
0.02
0.0216667
0.0216667
0.0166667
0.0116667
0.0116667
0.0116667
0.0116667
0.015
0.01
0
0
0.005
0.0116667
0.0116667
0.00666667
0.005
0.00222222
0.00333333
0.01
0.00833333
0.005
0.00833333
0.01
0.005
0.00666667
0.00666667
0.01
0.0116667
0.0133333
0.0133333
0.0116667
0.015
0.0166667
0.0133333
0.0183333
0.01
0.00166667
0
0.00333333
0
0
0.00333333
0.005
0.005
0.015
0.0133333
0.0194444
0.005
0.00333333
0.00333333
0.015
0.0266667
0.0316667
0.04
0.0633333
0.0733333
0.0783333
0.0766667
0.0783333
0.085
0.09
0.0816667
0.075
0.0733333
0.0683333
0.0733333
0.0733333
0.0733333
0.0633333
0.055
0.06
0.0583333
0.0633333
0.065
0.06
0.0633333
0.0616667
0.0566667
0.065
0.07
0.075
0.055
0.0483333
0.0466667
0.0316667
0.03
0.025
0.0188889
0.0183333
0.0116667
0.00555556
0.00333333
0.000555556
0
0
0.00333333
0.005
0.005
0.00666667
0.015
0.0166667
0.0266667
0.04
0.0383333
0.0366667
0.0383333
0.035
0.04
0.0433333
0.0433333
0.05
0.0516667
0.0516667
0.0516667
0.055
0.0583333
0.06
0.06
0.0583333
0.055
0.0633333
0.0633333
0.0583333
0.0566667
0.0533333
0.045
0.0416667
0.0366667
0.035
0.0466667
0.045
0.04
0.0366667
0.03
0.0283333
0.0166667
0.0116667
0.01
0.00666667
0.00666667
0.00333333
0.00166667
0
0
0
0
0.00333333
0
0.00333333
0.00333333
0
0
0.005
0.005
0.00333333
0.005
0.005
0.005
0.005
0.00666667
0.00833333
0.0116667
0.0116667
0.0133333
0.015
0.015
0.0166667
0.02
0.0233333
0.0233333
0.0233333
0.02
0.0244444
0.0233333
0.015
0.02
0.025
0.0366667
0.04
0.0383333
0.05
0.0516667
0.05
0.0566667
0.0516667
0.045
0.0483333
0.0483333
0.0516667
0.045
0.0616667
0.055
0.0566667
0.0566667
0.0666667
0.0583333
0.05
0.0583333
0.055
0.0566667
0.065
0.06
0.0766667
0.0616667
0.0716667
0.06
0.0666667
0.055
0.0583333
0.06
0.0711111
0.065
0.0633333
0.075
0.0766667
0.0711111
0.0683333
0.0627778
0.0383333
0.0466667
0.04
0.0416667
0.035
0.03
0.0233333
0.0172222
0.01
0.005
0.005
0.00277778
0.00333333
0
0.000555556
0
0
0
0
0
0
0
0
0
0
0
0
0
0
0
0
0
0
0
0
0
0
0
0
0
0
0
0
0
0
0
0
0
0
0
0
0
0
0
0
0
0
0
0
0
0
0
0
0
0
0
0
0
0
0
0
0
0
0.00333333
0.005
0.0133333
0.02
0.0233333
0.03
0.0333333
0.0366667
0.0366667
0.0366667
0.0383333
0.0383333
0.0416667
0.0483333
0.055
0.0666667
0.0733333
0.075
0.085
0.095
0.111667
0.118333
0.118333
0.145
0.146667
0.146667
0.168333
0.17
0.18
0.181667
0.178333
0.186667
0.186667
0.188889
0.183333
0.161667
0.165
0.16
0.15
0.15
0.15
0.158333
0.153333
0.156667
0.165
0.146667
0.161667
0.16
0.171667
0.156667
0.15
0.148333
0.153333
0.148889
0.15
0.123333
0.131667
0.14
0.144444
0.133333
0.123333
0.118333
0.116667
0.117778
0.11
0.107778
0.101111
0.100556
0.0916667
0.085
0.0833333
0.0733333
0.0666667
0.075
0.0588889
0.0583333
0.0566667
0.0533333
0.0538889
0.0516667
0.0533333
0.0516667
0.0533333
0.055
0.0533333
0.0466667
0.05
0.055
0.0516667
0.05
0.055
0.0516667
0.0583333
0.0533333
0.0466667
0.0516667
0.0483333
0.0433333
0.05
0.0483333
0.055
0.05
0.05
0.0483333
0.0633333
0.0583333
0.0616667
0.07
0.0783333
0.0816667
0.085
0.0866667
0.095
0.108333
0.1
0.09
0.0866667
0.0883333
0.0883333
0.0966667
0.1
0.0933333
0.101667
0.108333
0.106667
0.106667
0.106667
0.1
0.103333
0.101667
0.101667
0.111667
0.105
0.108333
0.113333
0.116667
0.121667
0.115
0.106667
0.1
0.108333
0.116667
0.11
0.117778
0.116667
0.116667
0.116667
0.116667
0.131667
0.121667
0.131111
0.13
0.132778
0.13
0.13
0.131667
0.13
0.135
0.13
0.128333
0.118333
0.126667
0.123333
0.126667
0.133333
0.138333
0.128333
0.141667
0.14
0.145
0.133333
0.13
0.123333
0.133333
0.131667
0.126667
0.128333
0.13
0.133333
0.138333
0.131667
0.126667
0.136667
0.131667
0.128333
0.125
0.128333
0.135
0.13
0.129444
0.123333
0.121667
0.118333
0.121667
0.13
0.135
0.138333
0.133333
0.135
0.135
0.135
0.133333
0.131667
0.131667
0.13
0.128333
0.126667
0.13
0.129444
0.126667
0.135556
0.133889
0.138333
0.13
0.123333
0.115
0.116667
0.121667
0.12
0.116667
0.115
0.118333
0.11
0.113333
0.111667
0.116667
0.116667
0.123333
0.126667
0.126667
0.13
0.126667
0.125
0.121667
0.108333
0.111111
0.1
0.0983333
0.0933333
0.0883333
0.085
0.085
0.0866667
0.09
0.0883333
0.0933333
0.0966667
0.09
0.085
0.0816667
0.08
0.085
0.09
0.0916667
0.0816667
0.085
0.085
0.0816667
0.0866667
0.0833333
0.0933333
0.0966667
0.103333
0.0916667
0.0883333
0.0866667
0.09
0.09
0.0816667
0.085
0.085
0.09
0.0816667
0.0833333
0.0816667
0.0766667
0.075
0.0766667
0.0783333
0.0783333
0.0766667
0.0766667
0.075
0.0716667
0.0783333
0.0866667
0.0866667
0.0833333
0.0866667
0.0783333
0.0766667
0.0783333
0.0783333
0.0766667
0.0783333
0.0766667
0.0683333
0.0716667
0.0733333
0.0716667
0.075
0.075
0.0716667
0.0666667
0.065
0.07
0.07
0.0683333
0.07
0.0666667
0.065
0.07
0.0666667
0.0566667
0.06
0.065
0.065
0.07
0.0783333
0.0733333
0.085
0.0966667
0.0916667
0.101667
0.108333
0.11
0.12
0.128333
0.13
0.138333
0.141667
0.151667
0.155
0.163333
0.165
0.178333
0.181667
0.186667
0.188333
0.196667
0.203333
0.211667
0.211667
0.218333
0.225
0.231667
0.233333
0.246667
0.25
0.255
0.268333
0.276667
0.278333
0.286667
0.291667
0.29
0.293333
0.298333
0.301667
0.316667
0.373333
0.368333
0.37
0.36
0.358333
0.353333
0.366667
0.363333
0.371667
0.381667
0.376667
0.378333
0.391667
0.398333
0.401667
0.401667
0.388333
0.403333
0.415
0.421667
0.43
0.44
0.453333
0.455
0.451667
0.476667
0.486667
0.498333
0.493333
0.506667
0.528333
0.528333
0.541111
0.553333
0.551667
0.563333
0.566667
0.571667
0.576667
0.598333
0.598333
0.604444
0.604444
0.596111
0.601111
0.616111
0.605
0.613333
0.606667
0.596667
0.606111
0.604444
0.596667
0.585
0.573333
0.573333
0.575
0.556667
0.565
0.546667
0.545
0.56
0.548333
0.55
0.551667
0.57
0.56
0.555
0.56
0.553333
0.548333
0.538333
0.536667
0.533333
0.55
0.546667
0.548333
0.546667
0.543333
0.551667
0.556667
0.541667
0.545
0.545
0.556667
0.546667
0.558333
0.573333
0.575
0.571667
0.58
0.571667
0.573333
0.58
0.565
0.558333
0.556667
0.553333
0.553333
0.548333
0.56
0.545
0.545
0.541667
0.536667
0.535
0.526667
0.543333
0.538333
0.538333
0.536667
0.533333
0.523333
0.528333
0.52
0.508333
0.508333
0.501667
0.501667
0.49
0.483333
0.473333
0.473333
0.455
0.473333
0.466667
0.47
0.458333
0.455
0.458333
0.44
0.44
0.436667
0.43
0.423333
0.415
0.423333
0.408333
0.401667
0.386667
0.371667
0.373333
0.363333
0.365
0.373333
0.36
0.365
0.358333
0.361667
0.343333
0.355
0.355
0.348333
0.36
0.346667
0.355
0.343333
0.335
0.33
0.325
0.321667
0.311667
0.313333
0.311667
0.306667
0.315
0.308333
0.301667
0.3
0.303333
0.301667
0.296667
0.295
0.29
0.295
0.311667
0.32
0.31
0.29
0.296667
0.292778
0.272778
0.263333
0.258333
0.251667
0.238333
0.243333
0.241667
0.233333
0.238333
0.235
0.236667
0.248333
0.24
0.24
0.238333
0.238333
0.24
0.236667
0.233333
0.236667
0.223333
0.231667
0.226667
0.231667
0.223333
0.218333
0.215
0.226667
0.23
0.228333
0.215
0.206667
0.205
0.203333
0.196667
0.198333
0.196667
0.188333
0.193333
0.176667
0.17
0.175
0.18
0.178333
0.188333
0.185
0.173333
0.175
0.178333
0.175
0.183333
0.188333
0.186667
0.183333
0.175
0.161667
0.155
0.156667
0.153333
0.153333
0.151667
0.151667
0.143333
0.145
0.148333
0.138333
0.138333
0.125
0.131667
0.168333
0.151667
0.141667
0.133333
0.135
0.12
0.118333
0.113333
0.12
0.115
0.113333
0.113333
0.108333
0.108333
0.111667
0.105
0.105
0.1
0.1
0.0966667
0.0916667
0.0933333
0.095
0.095
0.09
0.111667
0.095
0.0916667
0.0916667
0.09
0.09
0.0883333
0.0866667
0.0866667
0.0866667
0.0833333
0.0816667
0.0783333
0.0816667
0.0783333
0.08
0.0783333
0.0766667
0.08
0.0816667
0.08
0.0833333
0.0816667
0.0816667
0.0833333
0.113333
0.103333
0.108333
0.106667
0.0983333
0.0966667
0.0916667
0.0883333
0.09
0.0816667
0.0733333
0.0716667
0.065
0.0683333
0.0666667
0.0616667
0.0633333
0.0633333
0.0633333
0.0633333
0.06
0.0566667
0.0566667
0.05
0.0533333
0.05
0.045
0.045
0.0433333
0.04
0.0316667
0.0283333
0.0283333
0.0266667
0.0266667
0.0266667
0.0266667
0.0283333
0.0266667
0.0283333
0.0283333
0.025
0.025
0.025
0.025
0.0283333
0.0283333
0.0216667
0.0166667
0.0166667
0.02
0.025
0.0233333
0.0266667
0.02
0.0233333
0.0183333
0.0183333
0.0166667
0.015
0.0183333
0.01
0.02
0.0166667
0.0116667
0.015
0.01
0.00833333
0.0133333
0.0133333
0.01
0.0133333
0.01
0.0166667
0.0133333
0.0216667
0.02
0.0166667
0.0183333
0.0166667
0.015
0.0166667
0.00833333
0.00833333
0.005
0.005
0.00833333
0.0116667
0.0116667
0.00666667
0.005
0.005
0.005
0.005
0.00666667
0.00833333
0.0116667
0.00833333
0.005
0.005
0.005
0.00333333
0.00666667
0.005
0.00333333
0.00333333
0.00333333
0.00833333
0.00666667
0.00833333
0.01
0.00166667
0.00833333
0.00166667
0.005
0.00166667
0.00666667
0.00166667
0.00166667
0.00166667
0.00166667
0.00666667
0.005
0.00833333
0.005
0.0166667
0.0133333
0.00666667
0.00833333
0.00833333
0.01
0.00833333
0.0133333
0.0116667
0.0116667
0.0133333
0.0116667
0.01
0.00666667
0.00666667
0.005
0.00833333
0.00833333
0.01
0.00666667
0.00833333
0.005
0.00833333
0.00833333
0.00833333
0.0166667
0.0133333
0.0133333
0.0116667
0.01
0.01
0.01
0.01
0.00666667
0.0116667
0.00833333
0.00666667
0.0116667
0.005
0.005
0.005
0.005
0.00833333
0.00833333
0.005
0.005
0.005
0.00666667
0.00333333
0.00333333
0.01
0.00666667
0.00666667
0.00666667
0.00166667
0.00333333
0.00333333
0
0
0
0
0
0
0
0
0
0
0
0
0
0
0
0
0
0
0
0
0
0
0
0
0
0
0
0
0
0
0
0
0
0
0
0
0
0
0
0
0
0
0
0
0
0
0
0
0
0
0
0
0
0
0
0
0
0
0
0
0
0
0
0
0
0
0
0
0.00166667
0
0
0
0
0
0
0
0
0
0
0
0
0
0
0
0
0
0
0
0
0
0
0
0
0.00166667
0
0
0
0
0
0
0
0
0
0
0
0
0
0
0
0
0
0
0
0
0
0
0.00166667
0
0
0
0
0
0
0
0
0
0
0.00333333
0.00333333
0.00333333
0.00166667
0.00166667
0.00166667
0
0
0
0
0
0
0
0
0
0
0
0
0
0.00333333
0.00166667
0.00166667
0.00333333
0.00333333
0.00333333
0.00166667
0.00166667
0.00333333
0.00333333
0.00166667
0.00166667
0.00166667
0.00166667
0.00166667
0.00166667
0.00333333
0.00166667
0
0.00166667
0.000555556
0
0.00333333
0.00333333
0.005
0.0133333
0.0133333
0.015
0.0116667
0.015
0.0116667
0.00833333
0.00833333
0.005
0.01
0.01
0.01
0.00833333
0.00833333
0.01
0.0111111
0.01
0.00833333
0.00833333
0.00666667
0.00777778
0.00777778
0.00666667
0.00833333
0.00666667
0.00666667
0.00666667
0.00666667
0.005
0.005
0.00333333
0.00333333
0.00333333
0.00333333
0.00333333
0.00333333
0.00333333
0.00333333
0
0
0
0.00166667
0.00333333
0
0
0
0
0
0
0
0
0
0
0
0
0
0
0
0
0.00333333
0
0
0
0
0.00166667
0.00333333
0.00166667
0.00166667
0
0
0
0.00166667
0.00333333
0.005
0.00666667
0.00833333
0.00666667
0.00666667
0
0.00833333
0.0133333
0.00833333
0.01
0.01
0.0133333
0.015
0.0116667
0.0116667
0.015
0.0166667
0.0116667
0.015
0.0166667
0.0216667
0.0216667
0.0116667
0.0166667
0.0116667
0.0183333
0.0183333
0.0233333
0.0183333
0.025
0.02
0.0183333
0.02
0.015
0.0216667
0.0116667
0.0133333
0.0183333
0.0166667
0.0233333
0.02
0.0216667
0.0233333
0.0216667
0.02
0.02
0.0183333
0.0183333
0.0183333
0.0183333
0.0183333
0.0183333
0.0183333
0.0183333
0.0183333
0.0183333
0.0166667
0.0166667
0.0166667
0.0166667
0.0166667
0.0166667
0.0166667
0.015
0.015
0.015
0.015
0.015
0.015
0.015
0.02
0.015
0.015
0.0166667
0.015
0.015
0.0183333
0.015
0.015
0.02
0.0216667
0.0183333
0.0233333
0.02
0.0266667
0.025
0.02
0.0183333
0.0233333
0.025
0.0283333
0.0233333
0.0266667
0.0266667
0.0316667
0.0433333
0.0416667
0.0433333
0.04
0.04
0.04
0.0433333
0.045
0.0483333
0.0533333
0.0533333
0.0533333
0.0516667
0.05
0.05
0.05
0.05
0.05
0.05
0.05
0.05
0.05
0.05
0.05
0.05
0.05
0.0516667
0.0533333
0.0533333
0.0533333
0.0533333
0.0533333
0.0533333
0.055
0.0516667
0.0533333
0.0533333
0.055
0.0516667
0.0516667
0.045
0.0483333
0.0483333
0.0466667
0.0416667
0.0416667
0.0416667
0.0416667
0.0383333
0.0383333
0.0383333
0.0383333
0.0383333
0.04
0.035
0.04
0.04
0.04
0.04
0.0383333
0.0383333
0.0383333
0.035
0.0466667
0.04
0.0383333
0.0383333
0.0383333
0.035
0.035
0.035
0.0383333
0.04
0.0383333
0.035
0.035
0.0366667
0.0333333
0.0333333
0.0333333
0.03
0.03
0.0266667
0.0266667
0.025
0.025
0.0266667
0.025
0.03
0.025
0.0283333
0.0316667
0.035
0.03
0.025
0.0316667
0.0316667
0.0316667
0.035
0.0316667
0.03
0.03
0.0266667
0.0266667
0.0266667
0.0266667
0.025
0.025
0.0283333
0.025
0.03
0.0316667
0.0316667
0.025
0.0266667
0.0266667
0.03
0.0266667
0.0266667
0.0233333
0.0216667
0.0216667
0.0216667
0.0216667
0.0216667
0.0216667
0.0216667
0.0216667
0.02
0.02
0.02
0.02
0.02
0.02
0.02
0.02
0.02
0.02
0.02
0.02
0.02
0.02
0.02
0.02
0.02
0.02
0.02
0.02
0.02
0.02
0.02
0.02
0.02
0.0183333
0.0183333
0.0183333
0.0183333
0.0183333
0.0183333
0.0183333
0.0183333
0.0166667
0.0166667
0.015
0.015
0.0133333
0.0133333
0.0133333
0.0133333
0.0133333
0.0133333
0.0133333
0.0133333
0.0116667
0.0116667
0.0116667
0.0116667
0.0116667
0.0116667
0.0116667
0.01
0.01
0.01
0.01
0.01
0.01
0.01
0.01
0.01
0.01
0.01
0.01
0.01
0.01
0.01
0.01
0.01
0.01
0.01
0.01
0.01
0.00666667
0.00666667
0.00666667
0.00666667
0.00666667
0.00666667
0.00666667
0.00666667
0.00666667
0.00666667
0.005
0.005
0.01
0.00833333
0.0133333
0.0183333
0.0133333
0.02
0.0133333
0.0183333
0.01
0.0133333
0.015
0.0116667
0.01
0.00666667
0.00666667
0.00833333
0.00666667
0.00666667
0.01
0.00666667
0.00666667
0.01
0.01
0.00666667
0.00666667
0.005
0.00333333
0.00333333
0.00333333
0.00333333
0.00333333
0.00333333
0.00333333
0.00333333
0.00333333
0.00333333
0.005
0.005
0.005
0.005
0.005
0.00333333
0.00333333
0.00166667
0.00166667
0.00166667
0.00166667
0.00166667
0.00166667
0.00166667
0.02
0.02
0.02
0.02
0.02
0.02
0.015
0.0116667
0.0116667
0.00833333
0.005
0.005
0.00833333
0.005
0.005
0.005
0.005
0.005
0.005
0.005
0.005
0.005
0.005
0.005
0.005
0.00833333
0.00833333
0.00833333
0.00833333
0.00833333
0.0116667
0.0116667
0.00833333
0.00833333
0.00833333
0.00833333
0.00833333
0.00833333
0.00833333
0.00833333
0.00833333
0.0116667
0.0116667
0.0116667
0.00833333
0.0116667
0.0116667
0.0166667
0.015
0.015
0.0133333
0.015
0.0133333
0.0133333
0.0133333
0.0133333
0.0133333
0.0116667
0.0116667
0.0133333
0.015
0.015
0.015
0.015
0.0166667
0.0183333
0.0183333
0.0133333
0.015
0.0166667
0.0166667
0.0183333
0.0166667
0.02
0.0233333
0.025
0.0233333
0.03
0.045
0.0372222
0.0438889
0.0555556
0.0588889
0.0705556
0.0638889
0.0738889
0.0766667
0.0783333
0.0733333
0.08
0.0933333
0.0966667
0.0966667
0.0966667
0.108333
0.11
0.113333
0.11
0.126667
0.146667
0.146667
0.165
0.153333
0.156667
0.162222
0.169444
0.181667
0.189444
0.194444
0.192778
0.196111
0.188333
0.193333
0.211667
0.23
0.231667
0.223333
0.233333
0.245
0.253333
0.248333
0.26
0.262778
0.271111
0.27
0.286667
0.285
0.286667
0.278333
0.295
0.293333
0.32
0.32
0.328333
0.336667
0.343333
0.341667
0.342778
0.351667
0.343333
0.37
0.363333
0.363333
0.383333
0.386667
0.4
0.426667
0.445
0.441667
0.466667
0.485
0.479444
0.468333
0.47
0.481667
0.491667
0.466667
0.465
0.461667
0.448333
0.441667
0.446667
0.438333
0.44
0.396667
0.421667
0.41
0.423333
0.42
0.405
0.448333
0.447222
0.438333
0.456667
0.460556
0.467222
0.478889
0.503333
0.490556
0.511667
0.54
0.556667
0.582222
0.591667
0.596667
0.655
0.686667
0.668889
0.69
0.693333
0.703333
0.733333
0.735556
0.725
0.742778
0.738333
0.703333
0.713333
0.661111
0.691667
0.687222
0.685
0.653333
0.675556
0.677222
0.650556
0.661667
0.673333
0.658333
0.68
0.707778
0.678333
0.703333
0.676667
0.681667
0.701667
0.67
0.663333
0.683333
0.651667
0.661667
0.647222
0.658333
0.646667
0.673333
0.689444
0.69
0.686667
0.69
0.689444
0.686667
0.687778
0.672222
0.679444
0.652778
0.65
0.643333
0.653333
0.646111
0.631667
0.636667
0.635
0.656667
0.648333
0.635
0.695
0.686667
0.661667
0.676667
0.663333
0.668333
0.675
0.675
0.685556
0.693333
0.685
0.669444
0.668333
0.650556
0.648333
0.638333
0.631111
0.646667
0.645
0.656667
0.646667
0.665
0.685556
0.677222
0.710556
0.712222
0.7
0.699444
0.711667
0.679444
0.683333
0.712778
0.685556
0.685556
0.681667
0.673333
0.688333
0.68
0.686667
0.675
0.692778
0.692222
0.728889
0.708333
0.706667
0.698333
0.676667
0.693333
0.676667
0.680556
0.680556
0.675
0.67
0.656667
0.652778
0.646667
0.649444
0.656667
0.639444
0.606667
0.646667
0.626667
0.63
0.618333
0.611667
0.625
0.595
0.588333
0.59
0.627222
0.621667
0.634444
0.626667
0.622778
0.604444
0.605
0.626667
0.603333
0.605556
0.59
0.61
0.593333
0.63
0.628333
0.618333
0.621111
0.613333
0.61
0.598333
0.586667
0.571667
0.598333
0.585
0.563333
0.57
0.588333
0.57
0.596667
0.591667
0.583333
0.578333
0.563889
0.566667
0.555
0.566667
0.541667
0.577778
0.543333
0.52
0.566667
0.56
0.554444
0.556111
0.533889
0.535
0.538333
0.531667
0.546667
0.57
0.556667
0.564444
0.595
0.581667
0.598333
0.610556
0.583333
0.613333
0.59
0.575
0.591667
0.581667
0.593333
0.597222
0.598333
0.6
0.601667
0.605
0.6
0.629444
0.621667
0.617778
0.644444
0.628333
0.634444
0.643333
0.638333
0.64
0.643333
0.638333
0.626667
0.631667
0.636667
0.616667
0.631667
0.616667
0.627778
0.613889
0.613889
0.590556
0.595
0.605
0.607778
0.601667
0.603889
0.600556
0.609444
0.607222
0.618889
0.636111
0.632222
0.615556
0.618333
0.596667
0.577222
0.576667
0.6
0.591667
0.592222
0.57
0.576667
0.572778
0.563333
0.556667
0.542778
0.525556
0.522222
0.52
0.503333
0.488333
0.503333
0.506667
0.502778
0.512222
0.496667
0.48
0.513889
0.495
0.476111
0.477778
0.46
0.47
0.450556
0.478333
0.488333
0.465
0.481667
0.485556
0.477222
0.482778
0.494444
0.469444
0.475
0.485
0.465
0.476667
0.484444
0.468333
0.478333
0.492778
0.513333
0.5
0.488333
0.49
0.505
0.495
0.48
0.503333
0.496667
0.511667
0.48
0.483333
0.498333
0.490556
0.501667
0.486111
0.473333
0.478333
0.466667
0.448333
0.433333
0.413333
0.376667
0.386667
0.36
0.401667
0.386667
0.398333
0.371111
0.388889
0.386667
0.385
0.406667
0.391667
0.405
0.381667
0.4
0.421667
0.398333
0.427222
0.413333
0.43
0.415
0.416667
0.423333
0.431667
0.433333
0.441667
0.456111
0.413889
0.449444
0.41
0.398333
0.404444
0.387778
0.401667
0.369444
0.355556
0.361667
0.353333
0.341667
0.359444
0.344444
0.323889
0.317222
0.316667
0.318333
0.313333
0.315
0.321667
0.299444
0.3
0.302778
0.278333
0.273333
0.304444
0.285
0.281667
0.291111
0.283889
0.26
0.265
0.246667
0.247222
0.237222
0.24
0.23
0.201111
0.199444
0.172778
0.189444
0.19
0.198333
0.21
0.198333
0.206667
0.202778
0.241667
0.235
0.243889
0.23
0.226667
0.238333
0.263333
0.231111
0.24
0.247778
0.241667
0.253333
0.27
0.264444
0.255556
0.276667
0.263333
0.291667
0.275
0.297778
0.294444
0.29
0.291667
0.306667
0.285
0.258333
0.278333
0.278333
0.255
0.266667
0.27
0.251667
0.231667
0.220556
0.217778
0.221667
0.2
0.193333
0.202778
0.195
0.191667
0.178889
0.17
0.160556
0.152778
0.15
0.151111
0.158333
0.148333
0.141111
0.139444
0.154444
0.132778
0.136111
0.162222
0.165
0.185
0.183333
0.201667
0.193333
0.196667
0.186667
0.185
0.185
0.213333
0.2
0.197778
0.19
0.188333
0.186667
0.2
0.181667
0.185
0.203333
0.183333
0.211667
0.196667
0.221667
0.234444
0.243333
0.228889
0.238889
0.252222
0.255556
0.265
0.258333
0.268333
0.273333
0.265
0.256667
0.258333
0.238333
0.266667
0.266667
0.271667
0.226667
0.25
0.216667
0.271667
0.253333
0.238889
0.23
0.247778
0.231667
0.231667
0.238889
0.244444
0.235
0.215
0.213333
0.217222
0.196667
0.196667
0.206667
0.191111
0.191111
0.195
0.168333
0.163333
0.162222
0.142778
0.130556
0.128333
0.15
0.125
0.132778
0.128889
0.11
0.105
0.126667
0.132222
0.135
0.141667
0.137222
0.122222
0.128889
0.103333
0.129444
0.115
0.118333
0.132778
0.11
0.106111
0.0822222
0.0994444
0.0916667
0.0916667
0.0783333
0.0683333
0.055
0.07
0.06
0.0594444
0.0455556
0.0366667
0.0333333
0.035
0.025
0.025
0.025
0.0266667
0.0238889
0.0283333
0.03
0.0211111
0.0194444
0.0227778
0.0244444
0.0244444
0.02
0.015
0.0133333
0.0133333
0.01
0.005
0.005
0.00833333
0.00833333
0.00833333
0.005
0.005
0.005
0.005
0.00333333
0.00333333
0.00333333
0.00333333
0.00333333
0.00333333
0.00333333
0.005
0.005
0.005
0.005
0.00166667
0.00166667
0.00166667
0.00166667
0.00166667
0.00166667
0.00166667
0
0
0
0
0
0
0
0
0
0
0
0
0
0
0
0
0
0
0
0
0
0
0
0.00166667
0.00166667
0.00166667
0.00166667
0
0
0
0
0
0
0
0
0
0
0
0
0
0
0
0
0
0
0
0
0
0
0
0
0
0
0
0
0
0
0
0
0
0
0
0
0
0
0
0
0
0
0
0
0.00333333
0
0.00666667
0.00666667
0.00666667
0.00666667
0.0133333
0.0116667
0.00666667
0.00833333
0.00666667
0.00666667
0
0.00333333
0.00333333
0.01
0.0166667
0.0183333
0.0183333
0.0183333
0.0183333
0.0216667
0.0216667
0.0233333
0.025
0.0233333
0.0366667
0.0416667
0.0516667
0.0633333
0.06
0.0683333
0.0716667
0.07
0.0733333
0.0766667
0.0916667
0.09
0.0983333
0.101667
0.11
0.106667
0.0955556
0.0883333
0.0733333
0.0766667
0.0783333
0.08
0.07
0.0666667
0.0583333
0.0633333
0.0666667
0.0666667
0.0766667
0.0733333
0.075
0.0633333
0.0538889
0.0516667
0.0466667
0.0483333
0.0416667
0.04
0.0333333
0.0383333
0.0316667
0.0366667
0.035
0.0216667
0.0416667
0.0433333
0.0433333
0.0416667
0.04
0.0516667
0.04
0.04
0.0316667
0.0216667
0.0466667
0.0516667
0.0316667
0.0516667
0.0633333
0.0466667
0.0466667
0.0566667
0.05
0.055
0.0533333
0.035
0.0466667
0.0366667
0.0377778
0.0433333
0.045
0.02
0.0283333
0.0216667
0.0266667
0.04
0.0344444
0.04
0.0333333
0.0327778
0.0383333
0.0233333
0.0327778
0.02
0.0155556
0.0283333
0.0205556
0.015
0.00333333
0.00333333
0.005
0.00833333
0.00666667
0.00166667
0.005
0.00333333
0.00166667
0
0.00333333
0
0
0
0
0
0
0
0
0
0
0
0
0.00333333
0.00333333
0.005
0.005
0.00333333
0.00833333
0.00666667
0.015
0.0183333
0.025
0.0433333
0.0466667
0.05
0.075
0.085
0.108333
0.118333
0.115
0.136667
0.155
0.158333
0.183333
0.205
0.21
0.235
0.26
0.266667
0.273333
0.288333
0.315
0.316667
0.335
0.33
0.351667
0.335
0.336111
0.333333
0.341667
0.323333
0.325
0.316667
0.293333
0.29
0.288333
0.295
0.288333
0.278333
0.288333
0.285
0.27
0.27
0.255556
0.257222
0.256667
0.26
0.241667
0.24
0.231667
0.218333
0.211667
0.208333
0.198333
0.19
0.181667
0.161667
0.155
0.145
0.123333
0.121667
0.105
0.0833333
0.075
0.065
0.055
0.055
0.0455556
0.0338889
0.0316667
0.0205556
0.0116667
0.01
0.00666667
0.00388889
0.00166667
0
0
0
0
0
0
0
0.00333333
0.00333333
0.005
0.00333333
0
0
0
0
0
0
0
0
0
0
0
0
0
0
0
0
0
0
0
0
0
0
0
0
0
0
0
0
0
0
0
0
0
0
0
0
0
0
0
0
0
0
0
0
0
0
0
0
0
0
0
0
0
0
0
0
0
0
0
0
0
0
0
0
0
0
0
0
0
0
0
0
0
0
0
0
0
0
0
0
0
0
0
0
0
0
0
0
0
0
0
0
0
0
0
0
0
0
0
0
0
0
0
0
0
0
0
0
0
0
0
0
0
0
0
0
0
0
0
0
0
0
0
0
0.005
0.015
0.0233333
0.03
0.0366667
0.04
0.0466667
0.05
0.045
0.0483333
0.0466667
0.0433333
0.0483333
0.0516667
0.035
0.0533333
0.05
0.045
0.0433333
0.05
0.0516667
0.0533333
0.0616667
0.0633333
0.06
0.0616667
0.0583333
0.0633333
0.065
0.0683333
0.0666667
0.075
0.0866667
0.0916667
0.095
0.108333
0.111667
0.108333
0.131667
0.131667
0.133333
0.148333
0.131667
0.141667
0.141667
0.131667
0.133333
0.148333
0.151667
0.151667
0.146667
0.15
0.145
0.151667
0.156667
0.158333
0.171667
0.165
0.165
0.161667
0.161667
0.173333
0.168333
0.161667
0.168333
0.16
0.163333
0.143333
0.151667
0.158333
0.155
0.165
0.153333
0.145
0.153333
0.156667
0.163333
0.161667
0.166667
0.156667
0.156667
0.151667
0.17
0.165
0.17
0.175
0.171667
0.173333
0.166667
0.156667
0.156667
0.155
0.156667
0.156667
0.153333
0.163333
0.17
0.178333
0.185
0.185
0.206667
0.196667
0.205
0.206667
0.201667
0.19
0.196667
0.198333
0.191667
0.186667
0.195
0.186667
0.186667
0.195
0.183333
0.188333
0.193333
0.19
0.175
0.193333
0.201667
0.2
0.19
0.186667
0.195
0.196667
0.198333
0.19
0.193333
0.213333
0.208333
0.215
0.225
0.226667
0.231667
0.23
0.253333
0.251667
0.233333
0.256667
0.251667
0.245
0.238333
0.236667
0.228333
0.233333
0.235
0.226667
0.225
0.235
0.235
0.238333
0.228333
0.238333
0.24
0.228333
0.223333
0.221667
0.205
0.231667
0.216667
0.228333
0.22
0.213333
0.23
0.236667
0.241667
0.253333
0.246667
0.238333
0.23
0.226667
0.23
0.238333
0.236667
0.245
0.25
0.243333
0.263333
0.26
0.265
0.275
0.281667
0.28
0.288333
0.308333
0.346667
0.35
0.345
0.348333
0.338333
0.343333
0.345
0.338333
0.336667
0.338333
0.336667
0.345
0.34
0.345
0.351667
0.34
0.345
0.348333
0.34
0.341667
0.341667
0.323333
0.321667
0.321667
0.325
0.361667
0.355
0.346667
0.34
0.336667
0.326667
0.315
0.325
0.318333
0.33
0.333333
0.333333
0.346667
0.341667
0.345
0.335
0.356667
0.348333
0.356667
0.366667
0.376667
0.403333
0.406667
0.41
0.42
0.443333
0.42
0.423333
0.426667
0.421667
0.426667
0.413333
0.418333
0.43
0.42
0.426667
0.426667
0.425
0.426667
0.426667
0.435
0.435
0.431667
0.436667
0.443333
0.435
0.438333
0.431667
0.425
0.421667
0.453333
0.468889
0.428889
0.440556
0.438333
0.426667
0.433333
0.428333
0.45
0.438889
0.445556
0.453889
0.453889
0.457222
0.470556
0.463889
0.465556
0.478889
0.480556
0.468889
0.468889
0.472222
0.472222
0.473889
0.478889
0.5
0.491667
0.481667
0.471667
0.476667
0.483333
0.478333
0.483333
0.475
0.47
0.471667
0.468333
0.46
0.446667
0.451667
0.446667
0.436667
0.428333
0.43
0.423333
0.413333
0.423333
0.425
0.415
0.43
0.444444
0.445
0.446667
0.44
0.445
0.445
0.451667
0.451667
0.453333
0.465
0.466667
0.461667
0.448333
0.458333
0.475
0.461667
0.458333
0.475
0.451667
0.445
0.451667
0.443333
0.441667
0.438333
0.445
0.483333
0.465
0.458333
0.446667
0.441667
0.438333
0.431667
0.42
0.423333
0.41
0.408333
0.393333
0.375
0.376667
0.376667
0.376667
0.361667
0.366667
0.365
0.338333
0.335
0.336667
0.321667
0.33
0.325
0.345
0.336667
0.338333
0.34
0.321667
0.313333
0.318333
0.311667
0.306667
0.308333
0.313333
0.316667
0.305
0.305
0.305
0.303333
0.313333
0.313333
0.305
0.288333
0.273333
0.273333
0.27
0.266667
0.263333
0.368333
0.335
0.341667
0.333333
0.326667
0.318333
0.306667
0.291667
0.288333
0.288333
0.288333
0.288333
0.283333
0.281667
0.255
0.245
0.243333
0.236667
0.236667
0.24
0.243333
0.226667
0.223333
0.216667
0.22
0.256111
0.264444
0.264444
0.256667
0.241667
0.245
0.241667
0.235
0.23
0.223333
0.221667
0.235
0.22
0.226667
0.213333
0.215
0.208333
0.208333
0.191667
0.183333
0.181667
0.181667
0.181667
0.181667
0.176667
0.203333
0.195
0.193333
0.186667
0.186667
0.183333
0.171667
0.183333
0.176667
0.173333
0.176667
0.166667
0.168333
0.16
0.156667
0.155
0.146667
0.148333
0.15
0.141667
0.14
0.136667
0.135
0.138333
0.135
0.211667
0.191667
0.186667
0.18
0.168333
0.161667
0.168333
0.16
0.151667
0.148333
0.145
0.148333
0.138333
0.128333
0.128333
0.126667
0.125
0.121667
