0.000138889
0.0463889
0.0501389
0.0655556
0.0776389
0.0818056
0.0959722
0.108889
0.112222
0.121389
0.129722
0.132639
0.133472
0.136806
0.140556
0.141389
0.143056
0.145139
0.149722
0.155139
0.153889
0.153889
0.153889
0.155139
0.155972
0.158472
0.160556
0.162222
0.165139
0.167639
0.173472
0.175556
0.173889
0.173889
0.173472
0.174306
0.171806
0.170972
0.168056
0.169722
0.169306
0.168472
0.169306
0.164306
0.165556
0.163889
0.165139
0.164722
0.166806
0.165972
0.165972
0.165556
0.165139
0.168472
0.170972
0.175972
0.176806
0.180972
0.183056
0.183472
0.186806
0.187639
0.188889
0.188889
0.185556
0.181389
0.178889
0.175139
0.175972
0.175556
0.168056
0.166389
0.167222
0.166389
0.163056
0.160139
0.160139
0.159722
0.159722
0.159306
0.160139
0.164722
0.168472
0.167639
0.175139
0.177639
0.181806
0.191389
0.201806
0.206389
0.217222
0.226806
0.228472
0.235139
0.259306
0.258472
0.259722
0.263889
0.264306
0.270139
0.270556
0.272222
0.275556
0.279306
0.278889
0.268056
0.264722
0.257639
0.252639
0.252639
0.251806
0.246389
0.251667
0.247639
0.250972
0.246806
0.24125
0.237639
0.229306
0.228889
0.230556
0.233889
0.236806
0.233472
0.237083
0.232083
0.233056
0.233056
0.230139
0.231806
0.238333
0.233333
0.234167
0.237917
0.238889
0.241389
0.240972
0.241389
0.242639
0.237639
0.236806
0.235139
0.23125
0.2325
0.230556
0.225139
0.223472
0.223056
0.217222
0.217639
0.217639
0.213889
0.215972
0.219722
0.214722
0.210972
0.210139
0.208889
0.205972
0.202222
0.206389
0.203472
0.202222
0.201806
0.200139
0.195556
0.197222
0.198472
0.195972
0.194722
0.194722
0.186389
0.185139
0.183056
0.185972
0.183889
0.183472
0.181389
0.181389
0.179722
0.176389
0.179722
0.180556
0.178889
0.175972
0.173056
0.171389
0.168889
0.168472
0.170972
0.168889
0.165972
0.165556
0.165556
0.168889
0.166389
0.166806
0.162639
0.163889
0.163472
0.163889
0.162222
0.160556
0.157639
0.158472
0.155139
0.153889
0.152639
0.151806
0.150139
0.147222
0.147639
0.150556
0.150139
0.148056
0.146806
0.145556
0.143889
0.141806
0.145972
0.140972
0.137639
0.138889
0.135139
0.135972
0.137222
0.135139
0.134306
0.131806
0.131806
0.128889
0.130556
0.129306
0.129722
0.131389
0.127222
0.126389
0.123472
0.121389
0.121806
0.117222
0.110139
0.111806
0.110139
0.110972
0.107222
0.109306
0.109722
0.107222
0.105972
0.106389
0.106806
0.101389
0.100972
0.102639
0.0997222
0.0993056
0.0968056
0.0959722
0.0938889
0.0934722
0.0913889
0.0893056
0.0859722
0.0851389
0.0880556
0.0905556
0.0905556
0.0884722
0.103472
0.0972222
0.0959722
0.0943056
0.0947222
0.0938889
0.0918056
0.0868056
0.0884722
0.0893056
0.0938889
0.0955556
0.0976389
0.103472
0.104722
0.106389
0.105972
0.106389
0.107639
0.108056
0.108056
0.105972
0.101806
0.103056
0.103889
0.108472
0.105556
0.100139
0.0984722
0.101806
0.0976389
0.0955556
0.0968056
0.0943056
0.0897222
0.0897222
0.0888889
0.0859722
0.0872222
0.0872222
0.0872222
0.0880556
0.0838889
0.0938889
0.0922222
0.0855556
0.0834722
0.0793056
0.0797222
0.0772222
0.0893056
0.0830556
0.0797222
0.0788889
0.0772222
0.0751389
0.0722222
0.0701389
0.0701389
0.0709722
0.0701389
0.0659722
0.0663889
0.0659722
0.0672222
0.0668056
0.0659722
0.0647222
0.0638889
0.0663889
0.0693056
0.0659722
0.0655556
0.0638889
0.0647222
0.0697222
0.0705556
0.0693056
0.0668056
0.0651389
0.0663889
0.0651389
0.0601389
0.0605556
0.0597222
0.0597222
0.0613889
0.0597222
0.0588889
0.0584722
0.0584722
0.0576389
0.0584722
0.0597222
0.0576389
0.0580556
0.0584722
0.0580556
0.0559722
0.0584722
0.0555556
0.0534722
0.0518056
0.0543056
0.0534722
0.0513889
0.0501389
0.0505556
0.0518056
0.0488889
0.0480556
0.0501389
0.0497222
0.0505556
0.0501389
0.0505556
0.0518056
0.0480556
0.0509722
0.0526389
0.0543056
0.0576389
0.0605556
0.0605556
0.0622222
0.0701389
0.0693056
0.0693056
0.0655556
0.0676389
0.0672222
0.0643056
0.0651389
0.0676389
0.0747222
0.0759722
0.0822222
0.0884722
0.0913889
0.0984722
0.107639
0.112222
0.124306
0.132639
0.139306
0.153056
0.156806
0.161389
0.168472
0.180139
0.192222
0.197222
0.201806
0.206806
0.216806
0.227639
0.232222
0.241389
0.247222
0.252639
0.262639
0.273472
0.276389
0.281806
0.290972
0.295556
0.305972
0.307639
0.309306
0.316806
0.326806
0.328056
0.338056
0.335139
0.342222
0.358889
0.363056
0.360972
0.372639
0.376389
0.375972
0.380972
0.380556
0.379306
0.380556
0.383889
0.386806
0.385139
0.389722
0.389722
0.395139
0.396806
0.395556
0.399722
0.400556
0.398889
0.398889
0.402222
0.398056
0.408472
0.410556
0.406806
0.409306
0.405972
0.408472
0.408056
0.407639
0.405139
0.405556
0.407222
0.410139
0.408056
0.408472
0.407639
0.406389
0.401389
0.401806
0.400972
0.402639
0.401806
0.400556
0.396389
0.394306
0.392639
0.389306
0.403889
0.400139
0.395556
0.390972
0.390972
0.393472
0.387639
0.393472
0.395556
0.395972
0.400139
0.406389
0.409722
0.415139
0.420139
0.423472
0.426389
0.428889
0.429722
0.431806
0.428472
0.426806
0.428472
0.429306
0.432222
0.450972
0.449722
0.448472
0.447222
0.448472
0.449722
0.452639
0.455139
0.452222
0.449722
0.450972
0.453472
0.451806
0.450556
0.445972
0.450556
0.452222
0.451806
0.453889
0.455139
0.449722
0.450972
0.453056
0.450556
0.448472
0.468056
0.460139
0.463472
0.467222
0.458472
0.457222
0.461806
0.460139
0.454722
0.448472
0.449722
0.449722
0.444306
0.442639
0.442222
0.440972
0.438472
0.438889
0.442639
0.437222
0.440139
0.444722
0.439306
0.442222
0.448472
0.456389
0.452222
0.454722
0.453889
0.450139
0.452222
0.450972
0.447639
0.443889
0.445556
0.443056
0.437222
0.437222
0.438056
0.435139
0.435139
0.432639
0.436667
0.4375
0.440833
0.439583
0.44
0.439306
0.440139
0.436389
0.447222
0.447639
0.447639
0.444722
0.443472
0.436389
0.438056
0.434722
0.430972
0.430972
0.430972
0.428472
0.433889
0.435556
0.433056
0.430556
0.428472
0.430556
0.431389
0.432639
0.428889
0.431389
0.433889
0.430556
0.429306
0.459722
0.458056
0.455556
0.453889
0.449722
0.447222
0.442639
0.444722
0.439722
0.443889
0.438056
0.439722
0.434722
0.431806
0.429306
0.430972
0.428056
0.430139
0.426389
0.427639
0.423472
0.427222
0.420556
0.416389
0.412222
0.436389
0.420972
0.416806
0.418472
0.408889
0.416389
0.411389
0.412222
0.405556
0.407639
0.401806
0.395556
0.393056
0.391806
0.395972
0.391389
0.388889
0.385556
0.383889
0.383889
0.380139
0.375139
0.377639
0.375139
0.373472
0.388889
0.375972
0.376389
0.367639
0.363056
0.360556
0.358056
0.351806
0.346389
0.340972
0.340972
0.335556
0.331389
0.331389
0.325556
0.321389
0.317639
0.317639
0.315139
0.316806
0.313889
0.303056
0.301389
0.298472
0.300556
0.332222
0.317222
0.311389
0.308472
0.301806
0.298889
0.294306
0.288889
0.288472
0.283889
0.275972
0.273889
0.273889
0.271389
0.268889
0.266389
0.267222
0.266389
0.270556
0.268056
0.259722
0.260139
0.255972
0.257639
0.249722
0.294306
0.285139
0.280139
0.270556
0.263472
0.257222
0.251806
0.249306
0.249306
0.242639
0.245972
0.234306
0.229722
0.227639
0.222639
0.215139
0.213056
0.209722
0.205972
0.201806
0.198472
0.199306
0.195556
0.195139
0.191806
0.217639
0.208889
0.205139
0.201389
0.196389
0.193056
0.185556
0.185139
0.183889
0.173889
0.174722
0.173889
0.170556
0.167222
0.164722
0.158889
0.156389
0.153889
0.152639
0.149306
0.141389
0.140556
0.139306
0.135139
0.131806
0.181389
0.173056
0.166389
0.160972
0.155556
0.149722
0.147639
0.140556
0.139306
0.136806
0.130972
0.128889
0.128472
0.125556
0.125139
0.122639
0.118056
0.114722
0.110139
0.107222
0.101389
0.100556
0.100556
0.100139
0.0968056
0.117639
0.114722
0.112222
0.105556
0.104306
0.0988889
0.0934722
0.0947222
0.0947222
0.0955556
0.0943056
0.0976389
0.0918056
0.0913889
0.0880556
0.0888889
0.0888889
0.0884722
0.0909722
0.0905556
0.0888889
0.0876389
0.0880556
0.0855556
0.0868056
0.120556
0.104306
0.100139
0.0951389
0.0909722
0.0922222
0.0880556
0.0851389
0.0872222
0.0872222
0.0884722
0.0884722
0.0855556
0.0838889
0.0784722
0.0755556
0.0755556
0.0722222
0.0722222
0.0709722
0.0688889
0.0688889
0.0663889
0.0672222
0.0676389
0.0847222
0.0755556
0.0788889
0.0755556
0.0718056
0.0684722
0.0622222
0.0609722
0.0593056
0.0597222
0.0534722
0.0526389
0.0484722
0.0455556
0.0447222
0.0430556
0.0409722
0.0459722
0.0426389
0.0380556
0.0368056
0.0347222
0.0355556
0.0347222
0.0351389
0.0397222
0.0368056
0.0355556
0.0343056
0.0313889
0.0305556
0.0301389
0.0313889
0.0309722
0.0301389
0.0326389
0.0293056
0.0284722
0.0284722
0.0297222
0.0268056
0.0276389
0.0259722
0.0263889
0.0255556
0.0247222
0.0234722
0.0243056
0.0218056
0.0213889
0.0193056
0.0184722
0.0209722
0.0218056
0.0230556
0.0213889
0.0218056
0.0163889
0.0159722
0.0180556
0.0226389
0.0201389
0.0209722
0.0205556
0.0168056
0.0138889
0.0138889
0.0151389
0.0126389
0.0126389
0.0134722
0.0101389
0.0105556
0.00763889
0.00722222
0.00680556
0.00680556
0.00722222
0.00847222
0.00722222
0.00638889
0.00597222
0.00513889
0.00513889
0.00597222
0.0113889
0.0101389
0.0101389
0.00972222
0.00847222
0.00722222
0.00472222
0.00430556
0.00430556
0.00347222
0.00888889
0.0122222
0.0118056
0.0126389
0.0109722
0.0105556
0.0122222
0.0122222
0.0122222
0.0130556
0.0138889
0.0126389
0.0130556
0.0122222
0.0122222
0.0176389
0.0155556
0.0147222
0.0168056
0.0176389
0.0163889
0.0180556
0.0155556
0.0130556
0.0130556
0.0147222
0.0143056
0.0134722
0.0138889
0.0122222
0.0118056
0.0122222
0.0113889
0.0118056
0.0109722
0.00888889
0.0109722
0.0113889
0.00722222
0.00805556
0.0197222
0.0163889
0.0109722
0.0155556
0.0147222
0.0147222
0.0147222
0.0126389
0.0138889
0.0163889
0.0159722
0.0138889
0.0134722
0.0101389
0.0105556
0.0118056
0.0105556
0.00930556
0.00972222
0.00972222
0.00847222
0.00972222
0.00722222
0.00805556
0.0118056
0.0151389
0.0155556
0.0143056
0.0130556
0.0138889
0.0130556
0.0193056
0.0176389
0.0168056
0.0130556
0.0134722
0.0105556
0.0118056
0.00930556
0.00888889
0.0105556
0.00888889
0.00972222
0.00930556
0.00847222
0.00680556
0.00722222
0.00847222
0.00722222
0.00722222
0.00680556
0.00555556
0.00597222
0.00597222
0.00430556
0.00513889
0.00805556
0.00680556
0.00888889
0.00722222
0.00722222
0.00555556
0.00680556
0.00763889
0.00888889
0.00888889
0.00888889
0.00972222
0.0105556
0.00847222
0.00597222
0.00888889
0.00847222
0.00680556
0.00722222
0.00513889
0.00763889
0.00555556
0.00513889
0.00472222
0.00638889
0.00888889
0.00513889
0.00472222
0.00597222
0.00472222
0.00472222
0.00597222
0.00555556
0.00555556
0.00472222
0.00347222
0.00305556
0.00347222
0.00180556
0.00180556
0.00180556
0.00138889
0.000972222
0.000138889
0.00138889
0.00138889
0.00180556
0.00222222
0.00263889
0.00138889
0.00305556
0.00388889
0.00430556
0.00430556
0.00638889
0.00555556
0.00597222
0.00763889
0.00805556
0.00638889
0.00805556
0.00847222
0.00972222
0.00847222
0.00805556
0.00847222
0.00763889
0.00888889
0.00805556
0.00763889
0.00722222
0.00680556
0.00805556
0.00805556
0.00888889
0.0101389
0.00888889
0.00930556
0.00930556
0.00972222
0.00888889
0.0101389
0.00930556
0.0109722
0.00972222
0.00972222
0.0101389
0.00805556
0.00763889
0.00930556
0.0118056
0.0105556
0.0113889
0.0109722
0.0101389
0.0138889
0.0151389
0.0180556
0.0168056
0.0138889
0.0147222
0.0130556
0.0147222
0.0143056
0.0130556
0.0109722
0.0105556
0.0105556
0.0122222
0.0109722
0.0101389
0.0101389
0.0109722
0.00888889
0.0113889
0.0118056
0.00930556
0.00847222
0.00888889
0.00972222
0.0101389
0.00888889
0.00888889
0.0105556
0.0122222
0.0130556
0.0138889
0.0113889
0.0122222
0.0134722
0.00763889
0.0101389
0.0138889
0.00847222
0.00805556
0.00847222
0.00722222
0.00805556
0.00930556
0.00680556
0.00638889
0.00472222
0.00597222
0.00430556
0.00388889
0.00388889
0.00638889
0.00680556
0.00722222
0.00763889
0.00763889
0.00763889
0.00555556
0.00472222
0.00472222
0.00472222
0.00597222
0.00430556
0.00555556
0.00430556
0.00555556
0.00555556
0.00472222
0.00305556
0.00472222
0.00430556
0.00347222
0.00347222
0.00388889
0.00305556
0.00347222
0.00347222
0.00388889
0.00388889
0.00388889
0.00347222
0.00347222
0.00347222
0.00347222
0.00347222
0.00305556
0.00347222
0.00347222
0.00388889
0.00388889
0.00430556
0.00472222
0.00388889
0.00430556
0.00430556
0.00305556
0.00305556
0.00138889
0.00305556
0.00138889
0.00138889
0.00263889
0.000972222
0.00472222
0.00555556
0.00347222
0.00347222
0.00472222
0.00222222
0.00430556
0.00388889
0.00555556
0.00805556
0.00930556
0.0113889
0.00972222
0.00888889
0.00763889
0.00638889
0.00638889
0.0105556
0.00888889
0.00430556
0.00597222
0.00805556
0.00638889
0.00513889
0.00555556
0.00597222
0.00555556
0.00638889
0.00763889
0.00680556
0.00680556
0.00680556
0.00597222
0.00638889
0.00680556
0.00805556
0.00847222
0.00680556
0.00680556
0.00763889
0.00930556
0.00513889
0.00763889
0.00930556
0.00680556
0.00847222
0.00805556
0.00805556
0.00763889
0.00847222
0.0101389
0.00722222
0.00888889
0.0101389
0.00888889
0.00847222
0.00888889
0.00930556
0.00805556
0.0105556
0.0126389
0.0126389
0.0134722
0.0118056
0.0118056
0.0134722
0.0118056
0.0113889
0.0105556
0.0134722
0.0113889
0.00888889
0.00805556
0.00763889
0.00638889
0.00763889
0.00805556
0.00847222
0.00555556
0.00472222
0.00472222
0.00555556
0.00555556
0.00513889
0.00430556
0.00430556
0.00347222
0.00472222
0.00513889
0.00388889
0.00388889
0.00305556
0.00305556
0.00347222
0.00347222
0.00347222
0.00305556
0.00305556
0.00222222
0.00263889
0.00180556
0.00222222
0.00180556
0.000138889
0.00180556
0.00180556
0.00263889
0.00263889
0.00388889
0.00388889
0.00430556
0.00430556
0.00555556
0.00555556
0.00888889
0.00930556
0.0105556
0.00930556
0.0109722
0.0130556
0.0151389
0.0155556
0.0163889
0.0205556
0.0222222
0.0268056
0.0293056
0.0305556
0.0301389
0.0284722
0.0297222
0.0288889
0.0322222
0.0320833
0.0326389
0.0334722
0.0318056
0.0355556
0.0338889
0.0338889
0.0351389
0.0334722
0.0343056
0.0338889
0.0318056
0.0326389
0.0343056
0.0338889
0.0344444
0.0309722
0.0304167
0.0283333
0.0293056
0.0280556
0.0276389
0.0288889
0.0297222
0.0284722
0.0263889
0.0263889
0.0251389
0.0259722
0.0218056
0.0218056
0.0226389
0.0230556
0.0251389
0.0255556
0.0234722
0.0230556
0.0243056
0.0218056
0.0222222
0.0213889
0.0205556
0.0222222
0.0234722
0.0226389
0.0218056
0.0234722
0.0226389
0.0243056
0.0238889
0.0251389
0.0243056
0.0259722
0.0255556
0.0268056
0.0313889
0.0313889
0.0318056
0.0355556
0.0393056
0.0368056
0.0451389
0.0480556
0.0468056
0.0484722
0.0513889
0.0534722
0.06375
0.0709722
0.0826389
0.0963889
0.0972222
0.102222
0.109306
0.122222
0.115139
0.126667
0.138056
0.141667
0.152222
0.169722
0.168611
0.186667
0.199306
0.198472
0.220556
0.228333
0.230556
0.250278
0.261667
0.265417
0.26625
0.278472
0.277222
0.292222
0.295556
0.297639
0.308889
0.315139
0.310972
0.320139
0.317639
0.319306
0.317639
0.335972
0.328889
0.343056
0.341806
0.348056
0.364722
0.373472
0.380417
0.387222
0.398472
0.401389
0.410972
0.415139
0.420972
0.433472
0.451944
0.442222
0.443472
0.453889
0.454722
0.466944
0.475556
0.468611
0.489444
0.496528
0.506111
0.512361
0.511944
0.508333
0.513611
0.525833
0.525694
0.536528
0.536944
0.542778
0.545278
0.550278
0.540278
0.555278
0.552778
0.559861
0.564444
0.573056
0.572222
0.579028
0.596389
0.593472
0.606944
0.611528
0.605278
0.610556
0.643056
0.636667
0.639306
0.6575
0.648889
0.640139
0.651389
0.644306
0.652778
0.666389
0.660556
0.672639
0.667222
0.659722
0.675972
0.661667
0.646389
0.634167
0.635417
0.628611
0.64625
0.652639
0.650278
0.655556
0.654306
0.647361
0.658056
0.661389
0.672222
0.680556
0.669583
0.674444
0.695139
0.706389
0.712639
0.708611
0.703333
0.708889
0.713611
0.717361
0.724722
0.725833
0.736944
0.732639
0.732639
0.741528
0.741528
0.742083
0.760278
0.756806
0.757222
0.770278
0.759722
0.758056
0.757639
0.762083
0.765139
0.770694
0.765833
0.768472
0.762639
0.758056
0.750139
0.753889
0.749722
0.742222
0.741389
0.738889
0.735972
0.728472
0.726389
0.719722
0.723472
0.717222
0.718889
0.709861
0.704028
0.708333
0.714167
0.705139
0.714583
0.716806
0.713333
0.740833
0.752639
0.757222
0.751111
0.763889
0.760417
0.762639
0.748889
0.743889
0.738472
0.739722
0.731806
0.732639
0.734306
0.727222
0.728889
0.719583
0.709722
0.716389
0.707639
0.697222
0.689722
0.688472
0.680972
0.690972
0.688194
0.689861
0.709306
0.704306
0.700139
0.708889
0.708889
0.697222
0.693472
0.695694
0.685972
0.684306
0.678056
0.670556
0.655833
0.645139
0.640139
0.635556
0.616389
0.599306
0.590556
0.597083
0.586667
0.586389
0.580556
0.577639
0.575417
0.578056
0.575556
0.572639
0.566806
0.564306
0.56625
0.563472
0.560278
0.571389
0.577083
0.576389
0.581667
0.590139
0.598056
0.608056
0.599306
0.595139
0.595972
0.607222
0.600556
0.609722
0.605556
0.605556
0.61
0.617917
0.605556
0.598056
0.603472
0.603472
0.601806
0.600972
0.60875
0.622222
0.609722
0.608472
0.613472
0.616389
0.610972
0.618056
0.634028
0.633056
0.655139
0.650139
0.662639
0.67625
0.672222
0.680556
0.683472
0.683472
0.682222
0.669306
0.670972
0.676806
0.682222
0.673889
0.673472
0.682222
0.665556
0.665972
0.663889
0.671806
0.657917
0.673056
0.648472
0.660972
0.643056
0.625139
0.624583
0.620972
0.612639
0.611389
0.620972
0.606806
0.599861
0.600139
0.598472
0.591944
0.604306
0.605139
0.613889
0.608472
0.616806
0.623889
0.621389
0.638889
0.630556
0.652222
0.655139
0.652222
0.642222
0.648889
0.691389
0.698472
0.693889
0.691806
0.688194
0.714306
0.713889
0.721111
0.715556
0.706806
0.718056
0.713889
0.7125
0.713889
0.703472
0.688056
0.692222
0.684722
0.683333
0.671389
0.682222
0.667639
0.658333
0.672639
0.675556
0.670972
0.667639
0.662639
0.650139
0.632639
0.629306
0.629722
0.625139
0.616389
0.628472
0.616944
0.612222
0.616111
0.608194
0.594722
0.589306
0.596806
0.587222
0.582639
0.573889
0.565556
0.564722
0.558333
0.550139
0.552639
0.549306
0.541667
0.545
0.535833
0.535972
0.524306
0.527639
0.511667
0.502222
0.509722
0.523472
0.530972
0.528472
0.529306
0.525139
0.511528
0.501667
0.503889
0.514722
0.509306
0.505417
0.4975
0.489861
0.482917
0.491389
0.485
0.477778
0.474583
0.464306
0.469028
0.471806
0.459861
0.465
0.461806
0.447639
0.443472
0.431528
0.431111
0.448472
0.44
0.420833
0.425556
0.41375
0.405139
0.387639
0.375694
0.378472
0.373194
0.367222
0.370972
0.356389
0.337222
0.327639
0.327639
0.322639
0.321111
0.307639
0.312639
0.317222
0.323889
0.316667
0.321389
0.324722
0.319028
0.317361
0.32
0.318472
0.312778
0.31375
0.312778
0.305694
0.309028
0.306389
0.305
0.317361
0.322778
0.321111
0.324028
0.319028
0.324028
0.332639
0.331528
0.336944
0.356528
0.372361
0.388611
0.394861
0.401944
0.416389
0.422361
0.4475
0.433472
0.442083
0.458056
0.461944
0.481806
0.485972
0.47375
0.481806
0.474583
0.480278
0.482639
0.483333
0.47875
0.489444
0.501389
0.505972
0.503889
0.499167
0.499306
0.497222
0.480972
0.481944
0.469167
0.453889
0.453472
0.447639
0.43625
0.418889
0.412222
0.405278
0.399306
0.400139
0.404722
0.391667
0.388472
0.363056
0.363472
0.347639
0.347639
0.338472
0.345972
0.328611
0.323472
0.328056
0.320139
0.310139
0.304722
0.285278
0.282222
0.280556
0.278056
0.270556
0.266944
0.276806
0.267361
0.267639
0.255139
0.256806
0.249583
0.242639
0.235556
0.225972
0.222222
0.209722
0.199722
0.199722
0.19
0.187917
0.176806
0.171389
0.170556
0.161389
0.160417
0.148472
0.14125
0.133056
0.130278
0.118889
0.118056
0.106806
0.0988889
0.0973611
0.0938889
0.0880556
0.0859722
0.0818056
0.0788889
0.0747222
0.0747222
0.0743056
0.0726389
0.0713889
0.0713889
0.0709722
0.0747222
0.0726389
0.0726389
0.0843056
0.0823611
0.0806944
0.0797222
0.0776389
0.0790278
0.0769444
0.0765278
0.0715278
0.0705556
0.0705556
0.0688889
0.0705556
0.0684722
0.0647222
0.0663889
0.0813889
0.0884722
0.105139
0.118056
0.132222
0.154722
0.171806
0.181806
0.198472
0.224722
0.240556
0.255972
0.279722
0.290556
0.309306
0.337222
0.346389
0.367222
0.386806
0.397639
0.409722
0.428056
0.436389
0.451389
0.458472
0.460556
0.453194
0.442639
0.443889
0.431806
0.420556
0.400972
0.393056
0.385972
0.367222
0.355972
0.329306
0.329722
0.320972
0.310694
0.302639
0.288889
0.272361
0.266806
0.269722
0.258472
0.256389
0.252222
0.240139
0.234722
0.228472
0.210556
0.210556
0.194722
0.193889
0.193889
0.18125
0.176806
0.165278
0.153611
0.148056
0.144306
0.136111
0.126806
0.125139
0.119583
0.110417
0.107639
0.0922222
0.0859722
0.0797222
0.0738889
0.0601389
0.0563889
0.0468056
0.0402778
0.0394444
0.0401389
0.0418056
0.0393056
0.0397222
0.0375
0.0368056
0.0368056
0.0443056
0.0347222
0.0388889
0.0365278
0.0329167
0.0347222
0.0359722
0.0305556
0.0276389
0.0258333
0.0263889
0.0268056
0.0288889
0.0268056
0.0288889
0.0363889
0.0409722
0.0476389
0.0597222
0.0622222
0.0684722
0.0818056
0.0831944
0.0952778
0.106806
0.109306
0.117222
0.122361
0.123889
0.132639
0.149028
0.152778
0.166806
0.166111
0.169306
0.171389
0.190694
0.190139
0.203889
0.215972
0.215556
0.226389
0.230139
0.236806
0.241389
0.248056
0.244861
0.244722
0.24625
0.24625
0.252639
0.255972
0.243472
0.247639
0.243889
0.246389
0.238472
0.247917
0.244167
0.248333
0.238333
0.24
0.235833
0.243333
0.238194
0.241667
0.245972
0.237917
0.238056
0.253056
0.249722
0.256389
0.255556
0.255556
0.259722
0.251944
0.256111
0.254722
0.261806
0.254306
0.255972
0.246944
0.245694
0.248056
0.226389
0.228889
0.219306
0.212222
0.198889
0.181806
0.170972
0.162917
0.160833
0.165417
0.157222
0.139306
0.121806
0.122639
0.102639
0.100139
0.10125
0.101111
0.0861111
0.0784722
0.0630556
0.0559722
0.0534722
0.0501389
0.0463889
0.0438889
0.0359722
0.0313889
0.0284722
0.0251389
0.0222222
0.0205556
0.0190278
0.0122222
0.0138889
0.0113889
0.00972222
0.00847222
0.00430556
0.00347222
0.00347222
0.00513889
0.00430556
0.00305556
0.00305556
0.00305556
0.00305556
0.00263889
0.00305556
0.00305556
0.00305556
0.00305556
0.00305556
0.00347222
0.00222222
0.00222222
0.00222222
0.00180556
0.00180556
0.00180556
0.00180556
0.00180556
0.00222222
0.00222222
0.00222222
0.00222222
0.00222222
0.00388889
0.00263889
0.00138889
0.00138889
0.000972222
0.000972222
0.000972222
0.000972222
0.000972222
0.000972222
0.00138889
0.00138889
0.000972222
0.000972222
0.000972222
0.000972222
0.000972222
0.00111111
0.00138889
0.000972222
0.000972222
0.000972222
0.000972222
0.00138889
0.00180556
0.00138889
0.00222222
0.00263889
0.00305556
0.00361111
0.00375
0.00805556
0.0172222
0.0205556
0.0293056
0.0308333
0.0363889
0.0434722
0.0426389
0.0409722
0.0427778
0.0472222
0.0476389
0.0518056
0.0476389
0.0468056
0.0547222
0.0505556
0.0605556
0.05
0.0551389
0.0551389
0.0580556
0.0593056
0.0584722
0.0543056
0.0580556
0.0680556
0.0597222
0.0555556
0.0576389
0.0663889
0.0647222
0.0601389
0.0738889
0.0747222
0.0790278
0.0784722
0.0784722
0.0894444
0.0930556
0.0830556
0.0805556
0.0761111
0.0730556
0.0668056
0.0584722
0.0577778
0.0575
0.0572222
0.0605556
0.0622222
0.0559722
0.0547222
0.0497222
0.0438889
0.0430556
0.0409722
0.0359722
0.0313889
0.0326389
0.0326389
0.0305556
0.0272222
0.0322222
0.0280556
0.0268056
0.0234722
0.0215278
0.0201389
0.0184722
0.0193056
0.0184722
0.0230556
0.0226389
0.0197222
0.0147222
0.0126389
0.0118056
0.0151389
0.0130556
0.0101389
0.00972222
0.00680556
0.00972222
0.00638889
0.00597222
0.00763889
0.00680556
0.00638889
0.00680556
0.0109722
0.0101389
0.0113889
0.00763889
0.00930556
0.0105556
0.0172222
0.0180556
0.0168056
0.0176389
0.0176389
0.0184722
0.0180556
0.0168056
0.0147222
0.0138889
0.0134722
0.0134722
0.0159722
0.0188889
0.0163889
0.0122222
0.0126389
0.0130556
0.0113889
0.00763889
0.0109722
0.0159722
0.0305556
0.0338889
0.0472222
0.0588889
0.0622222
0.0659722
0.0701389
0.0727778
0.0722222
0.0726389
0.0738889
0.0738889
0.0780556
0.0730556
0.0797222
0.0776389
0.0780556
0.0738889
0.0738889
0.0693056
0.0693056
0.0730556
0.0738889
0.0743056
0.0755556
0.0676389
0.0697222
0.0659722
0.0626389
0.0593056
0.0509722
0.0483333
0.0472222
0.0409722
0.0384722
0.0297222
0.0230556
0.0209722
0.0148611
0.00763889
0.00680556
0.00263889
0.000277778
0.00138889
0.00305556
0.00472222
0.00597222
0.00930556
0.0172222
0.0238889
0.0334722
0.0393056
0.0405556
0.0409722
0.0422222
0.0413889
0.0426389
0.0418056
0.0430556
0.0447222
0.0472222
0.0472222
0.0480556
0.0488889
0.0501389
0.0505556
0.0513889
0.0526389
0.0563889
0.0588889
0.0630556
0.0584722
0.0597222
0.0609722
0.0597222
0.0530556
0.0505556
0.0551389
0.0488889
0.0447222
0.0355556
0.0309722
0.0284722
0.0268056
0.0205556
0.0172222
0.0159722
0.0109722
0.00722222
0.00513889
0.00222222
0.00305556
0.00472222
0.00722222
0.00847222
0.0105556
0.00888889
0.00972222
0.0105556
0.0109722
0.0118056
0.0126389
0.0130556
0.0138889
0.0155556
0.0163889
0.0172222
0.0176389
0.0184722
0.0180556
0.0188889
0.0205556
0.0213889
0.0209722
0.0251389
0.0226389
0.0238889
0.0218056
0.0193056
0.0155556
0.0172222
0.0172222
0.0180556
0.0205556
0.0230556
0.0297222
0.0355556
0.0363889
0.0434722
0.0522222
0.0547222
0.0547222
0.0513889
0.0505556
0.0536111
0.0580556
0.0597222
0.0672222
0.0676389
0.0651389
0.0659722
0.0676389
0.0643056
0.0688889
0.0663889
0.0634722
0.0718056
0.0768056
0.0768056
0.0780556
0.0818056
0.0718056
0.0697222
0.0751389
0.0743056
0.0734722
0.0780556
0.0801389
0.0780556
0.0743056
0.0784722
0.0772222
0.0822222
0.0747222
0.0768056
0.0680556
0.0643056
0.0583333
0.0551389
0.0501389
0.0438889
0.0355556
0.0359722
0.0313889
0.0213889
0.0193056
0.0143056
0.0111111
0.00722222
0.00472222
0.00319444
0.00222222
0.000138889
0.000138889
0.000138889
0.000138889
0.000138889
0.000138889
0.000138889
0.000138889
0.000138889
0.000138889
0.000138889
0.000138889
0.000138889
0.000138889
0.000138889
0.000138889
0.000138889
0.000138889
0.000138889
0.000138889
0.000138889
0.000138889
0.000138889
0.000138889
0.000138889
0.000138889
0.000138889
0.000138889
0.000138889
0.000138889
0.000138889
0.000138889
0.000138889
0.000138889
0.000138889
0.000138889
0.000138889
0.000138889
0.000138889
0.000138889
0.000138889
0.000138889
0.000138889
0.000138889
0.000138889
0.000138889
0.000138889
0.000138889
0.000138889
0.000138889
0.000138889
0.000138889
0.000138889
0.000138889
0.000138889
0.000138889
0.000138889
0.000138889
0.00597222
0.00930556
0.0159722
0.0238889
0.0272222
0.0330556
0.0376389
0.0376389
0.0388889
0.0393056
0.0397222
0.0434722
0.0434722
0.0484722
0.0609722
0.0693056
0.0776389
0.0847222
0.0988889
0.109306
0.114722
0.125972
0.130139
0.140556
0.148472
0.153472
0.165972
0.173472
0.173889
0.172639
0.175972
0.184722
0.189722
0.189306
0.187917
0.194722
0.185972
0.183056
0.169306
0.175556
0.175139
0.168889
0.165556
0.160556
0.160972
0.170139
0.168056
0.166806
0.173333
0.172222
0.175139
0.167639
0.164722
0.165556
0.156389
0.144722
0.148472
0.151806
0.150139
0.143889
0.136806
0.135694
0.134722
0.128889
0.127222
0.119306
0.111389
0.109306
0.103056
0.0988889
0.0951389
0.0918056
0.0859722
0.0809722
0.0747222
0.0713889
0.07
0.0651389
0.0588889
0.0594444
0.0593056
0.0588889
0.0576389
0.0613889
0.0609722
0.0593056
0.0588889
0.0580556
0.0588889
0.0588889
0.0593056
0.0580556
0.0593056
0.0584722
0.0576389
0.0576389
0.0534722
0.0551389
0.0551389
0.0526389
0.0563889
0.0593056
0.0584722
0.0655556
0.0672222
0.0747222
0.0793056
0.0855556
0.0868056
0.0884722
0.0909722
0.0997222
0.0980556
0.103472
0.104306
0.106806
0.101806
0.105139
0.107222
0.107639
0.107639
0.107222
0.105972
0.107639
0.105139
0.112222
0.115139
0.112222
0.114722
0.118889
0.118889
0.123056
0.118889
0.118889
0.122222
0.121806
0.120139
0.122639
0.122222
0.123472
0.123472
0.122222
0.121806
0.128056
0.127639
0.126389
0.130972
0.130972
0.128889
0.127639
0.128472
0.128889
0.125972
0.132639
0.134306
0.130139
0.139306
0.138056
0.142639
0.143889
0.143056
0.142639
0.140139
0.139722
0.141667
0.137639
0.141806
0.142222
0.142222
0.139306
0.139722
0.134722
0.137222
0.134722
0.139306
0.139306
0.136806
0.135556
0.139306
0.136806
0.126389
0.127639
0.133889
0.133472
0.133056
0.130139
0.130139
0.128056
0.128472
0.126389
0.127222
0.124722
0.12625
0.12625
0.1275
0.124722
0.124444
0.122778
0.124444
0.124861
0.124028
0.121111
0.122778
0.124028
0.119861
0.118194
0.116528
0.115278
0.114861
0.111111
0.116944
0.114028
0.109028
0.107778
0.109861
0.113611
0.113611
0.116528
0.114861
0.113194
0.110694
0.108472
0.105139
0.106806
0.107639
0.112222
0.111806
0.115139
0.123889
0.124722
0.127222
0.121389
0.113472
0.112639
0.107222
0.109028
0.105278
0.103611
0.101806
0.0972222
0.0943056
0.0980556
0.0943056
0.0913889
0.0934722
0.0980556
0.0951389
0.0951389
0.0963889
0.0963889
0.0947222
0.0930556
0.0905556
0.0876389
0.0855556
0.0884722
0.0905556
0.0905556
0.0905556
0.0880556
0.0884722
0.0859722
0.0855556
0.0809722
0.0805556
0.0838889
0.0838889
0.0876389
0.0876389
0.0838889
0.0859722
0.0834722
0.0797222
0.0805556
0.0809722
0.0780556
0.0751389
0.0743056
0.0730556
0.0701389
0.0697222
0.0713889
0.0776389
0.0755556
0.0747222
0.0763889
0.0730556
0.0688889
0.0676389
0.0697222
0.0713889
0.0709722
0.0713889
0.0680556
0.0651389
0.0643056
0.0672222
0.0647222
0.0626389
0.0655556
0.0638889
0.0618056
0.0659722
0.0668056
0.0651389
0.0676389
0.0693056
0.0648611
0.0686111
0.0647222
0.0738889
0.0715278
0.0681944
0.0661111
0.0661111
0.0690278
0.0694444
0.0740278
0.0786111
0.0836111
0.0894444
0.0956944
0.0998611
0.105694
0.113889
0.118056
0.126806
0.130972
0.135139
0.142639
0.150139
0.151806
0.159306
0.168056
0.171806
0.188889
0.188472
0.190556
0.199722
0.203889
0.206389
0.213056
0.223056
0.227639
0.233056
0.237639
0.238056
0.250139
0.253889
0.254306
0.258472
0.263889
0.267639
0.266389
0.268472
0.271806
0.277222
0.281806
0.283472
0.293889
0.342639
0.337222
0.340139
0.338056
0.340694
0.347222
0.350139
0.347222
0.355694
0.359306
0.362639
0.371389
0.382222
0.377222
0.385139
0.389306
0.393889
0.403472
0.414306
0.413889
0.423889
0.430556
0.437639
0.449722
0.459306
0.482222
0.491806
0.504722
0.501389
0.516389
0.522222
0.532639
0.54375
0.546528
0.544306
0.550139
0.564722
0.560139
0.565556
0.570972
0.5725
0.581806
0.588472
0.591389
0.593056
0.598472
0.595556
0.594306
0.601806
0.600972
0.612083
0.609722
0.604306
0.607639
0.580556
0.572639
0.573056
0.568056
0.567222
0.568889
0.571806
0.570139
0.574722
0.572222
0.570972
0.565972
0.558056
0.549861
0.552361
0.547361
0.547361
0.550278
0.550694
0.547361
0.558611
0.565139
0.562639
0.558889
0.558472
0.557222
0.562222
0.565556
0.561806
0.562222
0.566111
0.562361
0.562778
0.570278
0.565278
0.571528
0.564028
0.559722
0.554722
0.548472
0.545972
0.540556
0.541389
0.538056
0.533889
0.535556
0.543056
0.535278
0.53875
0.540417
0.530417
0.535139
0.533472
0.537917
0.541806
0.534722
0.537639
0.531389
0.525972
0.526806
0.517639
0.510139
0.508056
0.507639
0.503472
0.501389
0.495139
0.494306
0.488056
0.486389
0.480556
0.483889
0.479722
0.467639
0.462639
0.464722
0.460556
0.450556
0.450972
0.444722
0.440556
0.440556
0.436944
0.435972
0.424306
0.418472
0.423889
0.420139
0.414444
0.414444
0.408472
0.405694
0.403611
0.403889
0.401806
0.398889
0.397639
0.386389
0.378472
0.374306
0.373611
0.368472
0.362639
0.358889
0.356389
0.350556
0.350139
0.350694
0.346111
0.343472
0.341111
0.339861
0.336944
0.329444
0.330139
0.322222
0.322222
0.318889
0.318472
0.318472
0.313889
0.327639
0.312639
0.305139
0.299306
0.288889
0.291389
0.292639
0.290278
0.283472
0.281389
0.277639
0.278056
0.274722
0.268889
0.266389
0.256389
0.255556
0.254722
0.254722
0.249722
0.253056
0.248472
0.247778
0.242778
0.240278
0.251389
0.240139
0.241806
0.243889
0.245139
0.240556
0.235139
0.230556
0.223056
0.217639
0.215556
0.212639
0.204722
0.205972
0.202639
0.199722
0.192222
0.191806
0.193472
0.193056
0.185972
0.182639
0.182639
0.183056
0.181806
0.204722
0.194306
0.189306
0.182639
0.181806
0.174722
0.170972
0.167639
0.156806
0.154722
0.148472
0.147222
0.144722
0.140139
0.136806
0.133889
0.129722
0.126806
0.127639
0.124722
0.119722
0.119306
0.118472
0.112222
0.111389
0.129722
0.126389
0.117639
0.118056
0.114722
0.105972
0.103472
0.101806
0.102222
0.100972
0.100556
0.0955556
0.0918056
0.0884722
0.0851389
0.0851389
0.0863889
0.0822222
0.0776389
0.0772222
0.0751389
0.0722222
0.0709722
0.0680556
0.0655556
0.0905556
0.0868056
0.0830556
0.0784722
0.0786111
0.0709722
0.0701389
0.0659722
0.0630556
0.0634722
0.0655556
0.0634722
0.0659722
0.0622222
0.0576389
0.0593056
0.0618056
0.0622222
0.0580556
0.0568056
0.0580556
0.0572222
0.0538889
0.0513889
0.0530556
0.0568056
0.0509722
0.0534722
0.0518056
0.0501389
0.0509722
0.0468056
0.0468056
0.0455556
0.0426389
0.0413889
0.0405556
0.0401389
0.0401389
0.0384722
0.0384722
0.0368056
0.0355556
0.0372222
0.0347222
0.0326389
0.0318056
0.0330556
0.0309722
0.0293056
0.0359722
0.0368056
0.0334722
0.0355556
0.0305556
0.0309722
0.0276389
0.0297222
0.0297222
0.0276389
0.0288889
0.0248611
0.0248611
0.0251389
0.0241667
0.0255556
0.0243056
0.0276389
0.0218056
0.0234722
0.0243056
0.0238889
0.0247222
0.0234722
0.0247222
0.0295833
0.0226389
0.0230556
0.0230556
0.0247222
0.0234722
0.0209722
0.0222222
0.0230556
0.0238889
0.0205556
0.0209722
0.0218056
0.0213889
0.0201389
0.0222222
0.0218056
0.0230556
0.0193056
0.0230556
0.0222222
0.0209722
0.0222222
0.0222222
0.0201389
0.0247222
0.0209722
0.0222222
0.0234722
0.0201389
0.0172222
0.0155556
0.0151389
0.0147222
0.0130556
0.0105556
0.0138889
0.0101389
0.0118056
0.0105556
0.0101389
0.0109722
0.0109722
0.00847222
0.00847222
0.00888889
0.00722222
0.00680556
0.00555556
0.00680556
0.0101389
0.00972222
0.00972222
0.00930556
0.00805556
0.00597222
0.00430556
0.00472222
0.00680556
0.00680556
0.00805556
0.00722222
0.00680556
0.00847222
0.0101389
0.00638889
0.0101389
0.00930556
0.0118056
0.0126389
0.0105556
0.0130556
0.0126389
0.0134722
0.0118056
0.0159722
0.0147222
0.0130556
0.0126389
0.0122222
0.0126389
0.0122222
0.0122222
0.0122222
0.0118056
0.0130556
0.0130556
0.0122222
0.0122222
0.0122222
0.0118056
0.0113889
0.0113889
0.0109722
0.00972222
0.00930556
0.00972222
0.0118056
0.0118056
0.0122222
0.0172222
0.0163889
0.0159722
0.0159722
0.0143056
0.0147222
0.0134722
0.0143056
0.0134722
0.0147222
0.0130556
0.0138889
0.0130556
0.0126389
0.0143056
0.0143056
0.0151389
0.0151389
0.0163889
0.0168056
0.0155556
0.0159722
0.0163889
0.0163889
0.0159722
0.0134722
0.0151389
0.0138889
0.0122222
0.0138889
0.0138889
0.0138889
0.0126389
0.0109722
0.00847222
0.00722222
0.00430556
0.00513889
0.00555556
0.00263889
0.00263889
0.00263889
0.00263889
0.00263889
0.00263889
0.00305556
0.00305556
0.00305556
0.00305556
0.00305556
0.00263889
0.00347222
0.00513889
0.00388889
0.00472222
0.00388889
0.00388889
0.00305556
0.00305556
0.00263889
0.00388889
0.00222222
0.00180556
0.00180556
0.00180556
0.00138889
0.00180556
0.00138889
0.000972222
0.00180556
0.00180556
0.00180556
0.00180556
0.00180556
0.00180556
0.00347222
0.00222222
0.00180556
0.00180556
0.00180556
0.00180556
0.00180556
0.000972222
0.000972222
0.000972222
0.000972222
0.000972222
0.000972222
0.000972222
0.000972222
0.000972222
0.000972222
0.000972222
0.000972222
0.000972222
0.000972222
0.000972222
0.000972222
0.000972222
0.000972222
0.000972222
0.000972222
0.000972222
0.000972222
0.000972222
0.000972222
0.000972222
0.000972222
0.000972222
0.000972222
0.000972222
0.00138889
0.00180556
0.00180556
0.00305556
0.00555556
0.00555556
0.00555556
0.00555556
0.00597222
0.00722222
0.00513889
0.00763889
0.00763889
0.00597222
0.00847222
0.00680556
0.00763889
0.00638889
0.00472222
0.00347222
0.00388889
0.00305556
0.00305556
0.00388889
0.00305556
0.00388889
0.00388889
0.00347222
0.00263889
0.00263889
0.00347222
0.00263889
0.00513889
0.00430556
0.00680556
0.00680556
0.00722222
0.00763889
0.00638889
0.00513889
0.00847222
0.00680556
0.00722222
0.00805556
0.00638889
0.00722222
0.00472222
0.00472222
0.00555556
0.00347222
0.00305556
0.00305556
0.00180556
0.000972222
0.00138889
0.000972222
0.000972222
0.000972222
0.000972222
0.000972222
0.000972222
0.000972222
0.000972222
0.000972222
0.000972222
0.000972222
0.000972222
0.00180556
0.00305556
0.00180556
0.00472222
0.00472222
0.00555556
0.0113889
0.0113889
0.0118056
0.0122222
0.0101389
0.00847222
0.00680556
0.00805556
0.00638889
0.00763889
0.00861111
0.00944444
0.00888889
0.00805556
0.00986111
0.00847222
0.0113889
0.0126389
0.0138889
0.0151389
0.0147222
0.0143056
0.0143056
0.0155556
0.0130556
0.0143056
0.0138889
0.0138889
0.0104167
0.0130556
0.0113889
0.0122222
0.0118056
0.0101389
0.0113889
0.00972222
0.00972222
0.00805556
0.00805556
0.00888889
0.00888889
0.00930556
0.00972222
0.00888889
0.00916667
0.00847222
0.0075
0.00722222
0.00972222
0.00833333
0.00638889
0.00597222
0.00555556
0.00513889
0.00513889
0.00597222
0.00597222
0.00430556
0.00486111
0.00638889
0.00597222
0.00513889
0.00638889
0.00638889
0.00638889
0.00597222
0.00555556
0.00472222
0.00472222
0.00430556
0.00402778
0.00486111
0.00486111
0.00347222
0.00305556
0.00305556
0.00222222
0.00180556
0.00180556
0.00305556
0.00597222
0.00430556
0.00388889
0.00388889
0.00138889
0.00430556
0.00555556
0.00847222
0.0118056
0.0101389
0.0105556
0.0109722
0.00930556
0.0105556
0.0134722
0.0126389
0.0105556
0.0172222
0.0201389
0.0222222
0.0263889
0.0238889
0.0230556
0.0268056
0.0259722
0.0272222
0.0284722
0.0263889
0.0272222
0.0309722
0.0301389
0.0309722
0.0326389
0.0334722
0.0343056
0.0368056
0.0313889
0.0322222
0.0322222
0.0309722
0.0343056
0.0334722
0.0338889
0.0322222
0.0309722
0.0318056
0.0343056
0.0343056
0.0280556
0.0305556
0.0297222
0.0297222
0.0318056
0.0347222
0.0322222
0.0297222
0.0288889
0.0293056
0.0288889
0.0293056
0.0297222
0.0288889
0.0288889
0.0268056
0.0276389
0.0276389
0.0272222
0.0284722
0.0259722
0.0247222
0.0276389
0.0293056
0.0268056
0.0297222
0.0255556
0.0247222
0.0263889
0.0255556
0.0251389
0.0259722
0.0247222
0.0234722
0.0247222
0.0268056
0.0272222
0.0243056
0.0247222
0.0268056
0.0268056
0.0284722
0.0293056
0.0280556
0.0284722
0.0272222
0.0280556
0.0301389
0.0297222
0.0280556
0.0301389
0.0272222
0.0268056
0.0343056
0.0318056
0.0359722
0.0376389
0.0359722
0.0405556
0.0409722
0.0426389
0.0455556
0.0443056
0.0434722
0.0455556
0.0447222
0.0455556
0.0463889
0.0480556
0.0451389
0.0463889
0.0447222
0.0493056
0.0505556
0.0501389
0.0509722
0.0484722
0.0497222
0.0484722
0.0480556
0.0468056
0.0480556
0.0480556
0.0484722
0.0488889
0.0484722
0.0480556
0.0476389
0.0472222
0.0476389
0.0480556
0.0488889
0.0497222
0.0488889
0.0501389
0.0497222
0.0476389
0.0513889
0.0513889
0.0501389
0.0505556
0.0501389
0.0488889
0.0472222
0.0476389
0.0468056
0.0468056
0.0463889
0.0459722
0.0463889
0.0476389
0.0468056
0.0493056
0.0501389
0.0497222
0.0505556
0.0488889
0.0480556
0.0476389
0.0463889
0.0472222
0.0472222
0.0509722
0.0493056
0.0501389
0.0484722
0.0472222
0.0472222
0.0463889
0.0455556
0.0451389
0.0455556
0.0459722
0.0463889
0.0447222
0.0447222
0.0443056
0.0438889
0.0426389
0.0422222
0.0430556
0.0413889
0.0426389
0.0393056
0.0388889
0.0409722
0.0409722
0.0405556
0.0372222
0.0451389
0.0409722
0.0447222
0.0430556
0.0480556
0.0447222
0.0426389
0.0434722
0.0426389
0.0426389
0.0438889
0.0409722
0.0384722
0.0368056
0.0359722
0.0351389
0.0359722
0.0359722
0.0313889
0.0305556
0.0313889
0.0280556
0.0288889
0.0268056
0.0284722
0.0288889
0.0272222
0.0288889
0.0268056
0.0259722
0.0255556
0.0259722
0.0230556
0.0243056
0.0259722
0.0259722
0.0251389
0.0243056
0.0226389
0.0226389
0.0230556
0.0222222
0.0226389
0.0234722
0.0226389
0.0222222
0.0243056
0.0222222
0.0218056
0.0205556
0.0197222
0.0197222
0.0201389
0.0193056
0.0188889
0.0188889
0.0180556
0.0176389
0.0176389
0.0176389
0.0172222
0.0172222
0.0172222
0.0176389
0.0163889
0.0176389
0.0172222
0.0163889
0.0193056
0.0163889
0.0176389
0.0172222
0.0155556
0.0159722
0.0163889
0.0163889
0.0168056
0.0159722
0.0151389
0.0155556
0.0138889
0.0130556
0.0130556
0.0130556
0.0126389
0.0147222
0.0138889
0.0155556
0.0130556
0.0172222
0.0151389
0.0143056
0.00972222
0.00847222
0.00847222
0.00847222
0.00847222
0.00805556
0.00888889
0.00847222
0.00805556
0.00763889
0.00763889
0.00680556
0.00680556
0.00680556
0.00680556
0.00680556
0.00680556
0.00680556
0.00680556
0.00597222
0.00597222
0.00597222
0.00597222
0.00555556
0.00555556
0.00555556
0.00555556
0.00597222
0.00472222
0.00472222
0.00555556
0.00972222
0.00847222
0.00972222
0.0151389
0.0168056
0.0218056
0.0184722
0.0180556
0.0188889
0.0193056
0.0176389
0.0138889
0.0122222
0.0118056
0.0101389
0.0113889
0.0101389
0.00888889
0.0105556
0.0118056
0.0151389
0.0109722
0.00972222
0.0118056
0.00930556
0.00763889
0.00555556
0.00555556
0.00472222
0.00138889
0.00138889
0.00138889
0.00138889
0.00138889
0.00138889
0.00138889
0.00180556
0.00138889
0.00222222
0.00222222
0.00180556
0.00222222
0.00180556
0.00222222
0.00222222
0.00138889
0.000972222
0.000972222
0.00222222
0.00263889
0.0168056
0.0138889
0.0147222
0.0151389
0.0176389
0.0176389
0.0159722
0.0130556
0.0134722
0.0126389
0.0126389
0.00972222
0.00888889
0.00847222
0.00638889
0.00805556
0.00680556
0.00388889
0.00263889
0.000138889
0.00222222
0.00388889
0.00513889
0.00430556
0.00263889
0.00472222
0.00430556
0.00472222
0.00222222
0.000555556
0.000555556
0.000555556
0.00222222
0.00347222
0.00263889
0.00513889
0.00513889
0.00472222
0.00680556
0.00847222
0.00888889
0.00930556
0.00680556
0.00680556
0.00763889
0.00763889
0.00763889
0.00847222
0.00888889
0.00680556
0.0130556
0.0130556
0.0113889
0.0143056
0.0143056
0.0134722
0.0134722
0.0130556
0.0122222
0.0130556
0.0159722
0.0172222
0.0184722
0.0243056
0.0247222
0.0280556
0.0272222
0.0259722
0.0247222
0.0238889
0.0251389
0.0301389
0.0305556
0.0334722
0.0368056
0.0480556
0.0493056
0.0551389
0.0584722
0.0597222
0.0618056
0.0688889
0.0763889
0.0772222
0.0847222
0.0909722
0.0993056
0.103056
0.106806
0.111389
0.117222
0.118889
0.126806
0.130556
0.135139
0.143611
0.153194
0.150556
0.153889
0.165972
0.173056
0.177222
0.187222
0.189306
0.195139
0.207222
0.207639
0.215694
0.218472
0.227639
0.239306
0.240556
0.244306
0.252639
0.256806
0.26
0.266806
0.280139
0.277639
0.283889
0.284306
0.283472
0.289722
0.296389
0.293472
0.307639
0.304306
0.310139
0.314722
0.324306
0.329306
0.338472
0.351806
0.352778
0.361389
0.374722
0.380556
0.383889
0.390556
0.394722
0.408056
0.416389
0.418889
0.434306
0.435972
0.443472
0.456944
0.474861
0.480556
0.492361
0.518056
0.506111
0.532778
0.536806
0.542222
0.543056
0.535972
0.532639
0.516806
0.519306
0.515139
0.511389
0.504722
0.495694
0.491528
0.476528
0.468194
0.493333
0.504306
0.499028
0.513194
0.506944
0.506389
0.535556
0.523889
0.530556
0.546806
0.557639
0.553889
0.561389
0.591389
0.596389
0.616389
0.635
0.632083
0.666389
0.671667
0.678056
0.698333
0.702639
0.710139
0.735833
0.738056
0.727639
0.735972
0.734722
0.740139
0.739861
0.728889
0.716806
0.713056
0.6975
0.696806
0.700556
0.702083
0.683889
0.702639
0.713472
0.714861
0.713472
0.715556
0.714861
0.708472
0.694722
0.693472
0.687778
0.696806
0.690556
0.670556
0.677639
0.673889
0.670139
0.669722
0.685139
0.688056
0.705556
0.691806
0.687083
0.6875
0.69125
0.701389
0.70375
0.701944
0.696389
0.695972
0.687222
0.677639
0.674306
0.663889
0.669722
0.675556
0.666389
0.684861
0.686111
0.688472
0.69
0.696389
0.690556
0.688472
0.692222
0.685556
0.675
0.670972
0.673056
0.670139
0.675556
0.671806
0.665972
0.674306
0.672222
0.668056
0.668056
0.663889
0.678056
0.678194
0.674861
0.684861
0.694722
0.682361
0.696389
0.693889
0.682917
0.695417
0.686389
0.677639
0.707083
0.707778
0.705278
0.716944
0.714861
0.706389
0.696111
0.695833
0.703056
0.715139
0.719722
0.714861
0.708611
0.712639
0.700972
0.684583
0.693889
0.683472
0.675139
0.679861
0.667222
0.669167
0.674722
0.670556
0.664583
0.655972
0.645694
0.632083
0.632222
0.629306
0.633472
0.634722
0.622222
0.621806
0.641806
0.650139
0.635139
0.624306
0.629306
0.641528
0.639722
0.637639
0.629306
0.618889
0.622222
0.609306
0.613056
0.600694
0.595556
0.6175
0.613472
0.604722
0.610972
0.607222
0.620694
0.613056
0.608472
0.598889
0.607639
0.592222
0.595556
0.584306
0.583472
0.586806
0.607639
0.605556
0.615972
0.618056
0.627222
0.625556
0.634306
0.620139
0.624306
0.607222
0.610972
0.608056
0.605556
0.597083
0.599444
0.593194
0.58875
0.582639
0.585556
0.587222
0.579028
0.569722
0.570417
0.586111
0.589306
0.588472
0.595694
0.595556
0.585972
0.598889
0.611806
0.616528
0.610972
0.624306
0.614722
0.621389
0.63375
0.631806
0.637222
0.639306
0.634306
0.650556
0.656389
0.659306
0.670833
0.671806
0.664722
0.666528
0.659861
0.659861
0.676528
0.676528
0.671111
0.6675
0.660972
0.657639
0.671667
0.654583
0.653333
0.6575
0.652917
0.655556
0.639722
0.639306
0.634028
0.623472
0.625556
0.620972
0.629028
0.630972
0.644722
0.641944
0.624722
0.626944
0.630833
0.637222
0.634722
0.635556
0.631806
0.617917
0.619722
0.621389
0.613056
0.608056
0.596667
0.5875
0.593611
0.582639
0.567917
0.570139
0.564444
0.544722
0.548056
0.553889
0.551389
0.550972
0.548611
0.527222
0.540833
0.545
0.542222
0.544167
0.529722
0.521806
0.528889
0.511389
0.506944
0.507917
0.520694
0.517222
0.523194
0.509722
0.50875
0.525972
0.505139
0.513889
0.536389
0.540417
0.546806
0.55
0.548889
0.546806
0.544722
0.562639
0.554306
0.577083
0.560139
0.560556
0.551389
0.560972
0.545139
0.550139
0.540556
0.534722
0.542222
0.531806
0.522222
0.515139
0.513889
0.513472
0.509306
0.477639
0.481806
0.469306
0.468056
0.458889
0.449722
0.438333
0.440139
0.4325
0.442083
0.423889
0.432778
0.439583
0.441667
0.455833
0.456389
0.455972
0.465
0.47125
0.465972
0.452222
0.465139
0.458056
0.457361
0.458472
0.454306
0.445972
0.438056
0.436528
0.43125
0.416528
0.410278
0.416111
0.406389
0.396528
0.408056
0.410139
0.409722
0.404167
0.421528
0.419583
0.404444
0.414028
0.401806
0.401528
0.396111
0.391944
0.379444
0.379444
0.379444
0.379861
0.369444
0.364028
0.361944
0.349861
0.345972
0.354306
0.359583
0.355972
0.352639
0.355139
0.342361
0.348194
0.326806
0.327917
0.314583
0.307083
0.306667
0.289583
0.285833
0.288472
0.284306
0.282222
0.277222
0.276389
0.273056
0.263889
0.270556
0.271389
0.267083
0.260139
0.277361
0.272222
0.278472
0.296389
0.284722
0.287083
0.287639
0.275556
0.278056
0.280972
0.281389
0.28625
0.276111
0.277083
0.297222
0.298056
0.304028
0.301667
0.313194
0.307222
0.311111
0.304722
0.304306
0.309306
0.299306
0.293194
0.296389
0.289444
0.284722
0.294167
0.283611
0.275556
0.275694
0.264444
0.256806
0.256806
0.253889
0.235972
0.249861
0.241944
0.228889
0.217361
0.206528
0.201667
0.2
0.203472
0.196944
0.182639
0.186667
0.170972
0.162083
0.167222
0.17875
0.179306
0.184583
0.190972
0.208056
0.213472
0.223472
0.235972
0.229583
0.237639
0.229583
0.214722
0.238889
0.232222
0.218194
0.219722
0.200139
0.198194
0.196806
0.211806
0.214028
0.202639
0.207639
0.223889
0.215972
0.236806
0.220972
0.233472
0.242222
0.250972
0.253472
0.270278
0.277639
0.273889
0.294028
0.294306
0.300139
0.302222
0.296389
0.294861
0.295972
0.291806
0.296389
0.295972
0.304306
0.293889
0.29375
0.295139
0.280972
0.269167
0.265278
0.266806
0.270139
0.264861
0.259306
0.263194
0.254722
0.255556
0.255139
0.253056
0.240972
0.243056
0.237639
0.233889
0.219722
0.216806
0.209306
0.206806
0.201806
0.194722
0.186111
0.185972
0.166806
0.176389
0.1725
0.150139
0.158194
0.158472
0.154583
0.158472
0.158889
0.150278
0.148056
0.164306
0.156389
0.149583
0.152778
0.153889
0.148611
0.153472
0.145139
0.125278
0.124444
0.124306
0.104028
0.105833
0.0968056
0.0954167
0.0908333
0.0795833
0.0776389
0.0743056
0.0658333
0.0590278
0.0551389
0.0530556
0.0563889
0.0543056
0.0501389
0.0522222
0.0527778
0.0484722
0.0572222
0.0547222
0.0538889
0.0540278
0.0538889
0.0505556
0.0443056
0.0388889
0.0359722
0.0326389
0.0305556
0.0297222
0.0268056
0.0255556
0.0247222
0.0230556
0.0218056
0.0213889
0.0201389
0.0197222
0.0188889
0.0184722
0.0159722
0.0159722
0.0155556
0.0172222
0.0169444
0.0169444
0.0165278
0.0123611
0.0123611
0.0122222
0.0109722
0.0105556
0.0105556
0.0101389
0.0101389
0.00930556
0.00888889
0.00805556
0.00805556
0.00680556
0.00680556
0.00597222
0.00555556
0.00513889
0.00513889
0.00513889
0.00513889
0.00513889
0.00513889
0.00513889
0.00430556
0.00430556
0.00430556
0.00430556
0.00430556
0.00430556
0.00430556
0.00305556
0.00222222
0.00222222
0.00222222
0.00222222
0.00263889
0.00138889
0.00138889
0.00138889
0.00138889
0.00180556
0.00138889
0.00138889
0.00138889
0.00138889
0.00138889
0.00138889
0.00138889
0.00138889
0.00138889
0.00138889
0.00138889
0.00138889
0.00138889
0.00138889
0.00138889
0.00138889
0.00138889
0.00138889
0.00138889
0.00138889
0.00138889
0.00138889
0.00138889
0.00138889
0.00138889
0.00138889
0.00138889
0.00138889
0.00138889
0.00138889
0.00138889
0.00138889
0.00138889
0.00138889
0.00222222
0.00472222
0.00638889
0.00847222
0.00888889
0.00972222
0.0105556
0.0134722
0.0118056
0.0151389
0.0118056
0.0122222
0.0105556
0.0101389
0.00930556
0.00597222
0.00597222
0.00430556
0.00722222
0.0122222
0.0155556
0.0234722
0.0280556
0.0276389
0.0280556
0.0305556
0.0322222
0.0334722
0.0397222
0.0430556
0.0526389
0.0609722
0.0676389
0.0818056
0.0818056
0.0859722
0.0909722
0.0968056
0.0947222
0.104306
0.104306
0.102639
0.108056
0.101389
0.0909722
0.0938889
0.101389
0.0972222
0.0959722
0.0980556
0.0943056
0.0859722
0.0859722
0.0780556
0.0776389
0.0805556
0.0793056
0.0776389
0.0834722
0.0805556
0.0705556
0.0672222
0.0688889
0.0629167
0.0609722
0.0556944
0.0488889
0.0455556
0.0413889
0.0443056
0.0451389
0.0468056
0.0438889
0.0418056
0.0447222
0.0455556
0.0445833
0.0484722
0.0448611
0.0461111
0.0468056
0.0493056
0.0526389
0.0530556
0.0555556
0.0576389
0.0509722
0.0568056
0.0651389
0.0576389
0.0597222
0.0522222
0.0488889
0.0501389
0.0538889
0.0472222
0.0572222
0.0568056
0.0501389
0.0458333
0.0572222
0.05
0.0534722
0.0559722
0.0601389
0.0597222
0.0551389
0.0586111
0.0613889
0.0580556
0.0597222
0.0530556
0.0454167
0.0393056
0.0369444
0.0309722
0.0276389
0.0197222
0.0143056
0.0159722
0.00930556
0.0101389
0.00847222
0.0101389
0.0122222
0.00972222
0.00388889
0.00305556
0.00222222
0.00305556
0.00638889
0.00555556
0.00388889
0.00222222
0.00388889
0.00597222
0.00555556
0.00472222
0.00805556
0.00763889
0.00555556
0.00680556
0.00680556
0.00763889
0.00847222
0.00888889
0.00972222
0.0168056
0.0205556
0.0268056
0.0384722
0.0434722
0.0534722
0.0618056
0.0779167
0.0826389
0.100139
0.114306
0.118056
0.132222
0.151389
0.168056
0.178056
0.193194
0.205972
0.225556
0.227639
0.238056
0.250139
0.267639
0.282222
0.296806
0.305139
0.314722
0.324306
0.337639
0.3325
0.338472
0.328056
0.320556
0.321806
0.315556
0.304722
0.294722
0.294306
0.300556
0.291389
0.289306
0.285556
0.276806
0.27
0.253889
0.249722
0.246806
0.238472
0.240972
0.231806
0.232222
0.227222
0.215556
0.215556
0.205556
0.197222
0.194306
0.188472
0.176944
0.168889
0.150972
0.137639
0.130972
0.117639
0.0995833
0.0955556
0.0809722
0.0659722
0.0651389
0.0522222
0.0418056
0.0326389
0.0259722
0.0188889
0.0168056
0.00930556
0.00555556
0.00513889
0.000277778
0.000138889
0.000138889
0.000138889
0.000138889
0.000138889
0.000138889
0.00263889
0.00430556
0.00430556
0.00472222
0.00347222
0.00138889
0.000972222
0.000138889
0.000138889
0.000138889
0.000138889
0.000138889
0.000138889
0.000138889
0.000138889
0.000138889
0.000138889
0.000138889
0.000138889
0.000138889
0.000138889
0.000138889
0.000138889
0.000138889
0.000138889
0.000138889
0.000138889
0.000138889
0.000138889
0.000138889
0.000138889
0.000138889
0.000138889
0.000138889
0.000138889
0.000138889
0.000138889
0.000138889
0.000138889
0.000138889
0.000138889
0.000138889
0.000138889
0.000138889
0.000138889
0.000138889
0.000138889
0.000138889
0.000138889
0.000138889
0.000138889
0.000138889
0.000138889
0.000138889
0.000138889
0.000138889
0.000138889
0.000138889
0.000138889
0.000138889
0.000138889
0.000138889
0.000138889
0.000138889
0.000138889
0.000138889
0.000138889
0.000138889
0.000138889
0.000138889
0.000138889
0.000138889
0.000138889
0.000138889
0.000138889
0.000138889
0.000138889
0.000138889
0.000138889
0.000138889
0.000138889
0.000138889
0.000138889
0.000138889
0.000138889
0.000138889
0.000138889
0.000138889
0.000138889
0.000138889
0.000138889
0.000138889
0.000138889
0.000138889
0.000138889
0.000138889
0.000138889
0.000138889
0.000138889
0.000138889
0.000138889
0.000138889
0.000138889
0.000138889
0.000138889
0.000138889
0.000138889
0.000138889
0.000138889
0.000138889
0.000138889
0.000138889
0.000138889
0.000138889
0.000138889
0.000138889
0.000138889
0.000138889
0.000138889
0.000138889
0.000138889
0.000138889
0.000138889
0.000138889
0.000138889
0.000138889
0.000138889
0.00263889
0.00680556
0.0130556
0.0209722
0.0230556
0.0313889
0.0372222
0.0397222
0.0409722
0.0447222
0.0447222
0.0472222
0.0484722
0.0505556
0.0547222
0.0555556
0.0555556
0.0538889
0.0526389
0.0543056
0.0534722
0.0497222
0.0551389
0.0551389
0.0555556
0.0563889
0.0618056
0.0601389
0.0630556
0.0613889
0.0672222
0.0659722
0.0734722
0.0813889
0.0834722
0.0972222
0.109722
0.115972
0.122639
0.134722
0.139722
0.145139
0.143889
0.145556
0.158056
0.164722
0.172639
0.167222
0.173056
0.175139
0.170139
0.172639
0.171389
0.181389
0.176389
0.179722
0.183056
0.185139
0.179722
0.183472
0.181806
0.182222
0.179722
0.175556
0.178889
0.176806
0.178889
0.174306
0.170139
0.168889
0.160556
0.164306
0.164722
0.164722
0.166389
0.169306
0.167639
0.174722
0.177639
0.176806
0.171806
0.173889
0.171806
0.180139
0.179722
0.183056
0.182639
0.188889
0.182639
0.183472
0.178056
0.180139
0.182222
0.182639
0.180139
0.181806
0.187639
0.188056
0.206389
0.211806
0.213889
0.218472
0.229722
0.233472
0.235972
0.236806
0.235556
0.237639
0.235972
0.235556
0.234722
0.230972
0.235556
0.235972
0.233472
0.233056
0.233472
0.235556
0.234306
0.234306
0.230972
0.231806
0.232222
0.231389
0.232222
0.240556
0.233472
0.237639
0.240972
0.240972
0.247639
0.248889
0.259722
0.257639
0.260139
0.269306
0.268889
0.282222
0.282639
0.280139
0.276389
0.279306
0.271389
0.277639
0.273889
0.275139
0.268056
0.262639
0.255139
0.259722
0.250556
0.247639
0.247222
0.251806
0.243472
0.238472
0.234722
0.232639
0.233889
0.246389
0.239722
0.244722
0.248472
0.247222
0.255972
0.256806
0.254722
0.260556
0.260556
0.261389
0.261806
0.261806
0.259722
0.258889
0.270139
0.269722
0.285139
0.291389
0.292222
0.298056
0.311389
0.31
0.319722
0.322639
0.326806
0.334722
0.341389
0.370139
0.373889
0.379306
0.379306
0.379306
0.383889
0.381806
0.385972
0.385139
0.384306
0.384722
0.390556
0.383472
0.378472
0.382222
0.382639
0.385556
0.382639
0.380556
0.375556
0.368472
0.368056
0.368472
0.361389
0.358472
0.367222
0.357639
0.348056
0.353472
0.348889
0.351389
0.348472
0.341389
0.343472
0.347222
0.341806
0.347222
0.358056
0.360278
0.361806
0.368889
0.373472
0.371806
0.385972
0.388889
0.396389
0.401389
0.398889
0.412222
0.415556
0.448889
0.448472
0.447639
0.447639
0.451806
0.451806
0.445556
0.453056
0.444722
0.449306
0.450139
0.456806
0.458056
0.453472
0.455556
0.455972
0.457639
0.459306
0.458889
0.455556
0.447222
0.442639
0.440139
0.431806
0.432639
0.465139
0.453056
0.458056
0.455972
0.456806
0.458056
0.451806
0.458472
0.461806
0.461806
0.467639
0.461389
0.465556
0.467222
0.462639
0.465139
0.468056
0.464722
0.468472
0.470556
0.476806
0.478472
0.481806
0.478056
0.472639
0.507639
0.508472
0.498056
0.500139
0.496389
0.496806
0.490556
0.494722
0.490556
0.489722
0.484306
0.481389
0.480139
0.478472
0.472222
0.469306
0.466667
0.463333
0.455972
0.446806
0.446806
0.443056
0.441806
0.437639
0.432639
0.463472
0.450556
0.445972
0.444306
0.438472
0.438194
0.434028
0.429444
0.427361
0.433611
0.424306
0.430556
0.433889
0.426389
0.423056
0.428472
0.425139
0.428472
0.432222
0.428889
0.428472
0.416389
0.413056
0.415556
0.410972
0.456667
0.44375
0.439306
0.423472
0.414306
0.413472
0.408056
0.402639
0.396389
0.390972
0.391806
0.386389
0.382639
0.388056
0.383056
0.381806
0.388056
0.388889
0.383472
0.377639
0.380556
0.375139
0.372222
0.370139
0.365556
0.39125
0.370833
0.36875
0.367083
0.362083
0.352917
0.34375
0.344167
0.34125
0.334583
0.33125
0.32125
0.315417
0.310139
0.307639
0.308472
0.312222
0.305139
0.304306
0.302222
0.298472
0.294306
0.290972
0.287222
0.285556
0.349028
0.334861
0.327778
0.319028
0.315278
0.311111
0.313194
0.311944
0.308611
0.309861
0.305278
0.300278
0.293611
0.292778
0.293194
0.286528
0.284861
0.284444
0.280278
0.270278
0.270694
0.270694
0.267361
0.266111
0.261944
0.298472
0.280139
0.275972
0.274722
0.265972
0.265139
0.262222
0.257778
0.254444
0.253194
0.249444
0.250139
0.244583
0.242639
0.238472
0.236806
0.234306
0.236389
0.229306
0.230556
0.226389
0.223889
0.225139
0.223056
0.221389
0.222639
0.210139
0.208472
0.202639
0.200556
0.195972
0.193056
0.189306
0.186806
0.183056
0.181389
0.177639
0.178889
0.177639
0.175556
0.170139
0.171806
0.172639
0.170972
0.170556
0.165139
0.166806
0.166389
0.166389
0.163889
0.211389
0.196806
0.189306
0.184722
0.175139
0.171806
0.169306
0.163889
0.159306
0.154306
0.150139
0.150972
0.150972
0.149306
0.148889
0.146806
0.145972
0.144306
