0
0.0529108
0.0582325
0.071615
0.0855148
0.0912244
0.101707
0.113514
0.117762
0.126611
0.134452
0.137481
0.14082
0.143281
0.145334
0.147831
0.149884
0.150644
0.151941
0.168698
0.167013
0.167957
0.167028
0.166135
0.166049
0.168427
0.169517
0.171515
0.174788
0.176022
0.177131
0.17902
0.178855
0.178867
0.177652
0.17958
0.178099
0.178922
0.179137
0.179545
0.179032
0.179713
0.179376
0.179561
0.177684
0.175595
0.173851
0.173518
0.173208
0.172503
0.172989
0.171966
0.173863
0.175207
0.178185
0.181434
0.183264
0.186509
0.188264
0.189553
0.190878
0.192704
0.192739
0.193696
0.191591
0.190827
0.189232
0.187935
0.186125
0.188491
0.184898
0.183166
0.181728
0.179972
0.177068
0.175842
0.174984
0.17447
0.174635
0.176022
0.177378
0.179627
0.182026
0.182939
0.188272
0.194797
0.198132
0.208622
0.219152
0.224168
0.236273
0.246559
0.249726
0.258414
0.276671
0.275758
0.278956
0.283137
0.285233
0.290332
0.293408
0.293667
0.296335
0.297997
0.295943
0.291699
0.287832
0.284128
0.278097
0.276236
0.274719
0.269327
0.267215
0.265941
0.264582
0.264233
0.261874
0.256544
0.253378
0.253919
0.253499
0.251462
0.250149
0.250713
0.249067
0.24788
0.248052
0.24857
0.247903
0.24931
0.252383
0.250396
0.251227
0.252669
0.250521
0.250478
0.250498
0.249965
0.249616
0.248574
0.248342
0.244906
0.244765
0.242409
0.244643
0.241633
0.239819
0.237946
0.236218
0.233769
0.230579
0.228467
0.22762
0.227177
0.225633
0.223051
0.218795
0.21749
0.215296
0.21365
0.212274
0.20968
0.20774
0.205244
0.204084
0.201404
0.200542
0.19935
0.19774
0.203524
0.199848
0.19685
0.19484
0.192618
0.192422
0.190784
0.190079
0.188774
0.187241
0.186697
0.186422
0.185298
0.184729
0.183127
0.181351
0.181085
0.179286
0.177844
0.176931
0.175912
0.174129
0.173193
0.172229
0.171155
0.180615
0.179294
0.178518
0.176778
0.175618
0.17436
0.172875
0.172178
0.171335
0.170199
0.169564
0.168796
0.167558
0.166064
0.164626
0.163815
0.163008
0.163051
0.162056
0.161421
0.160649
0.16012
0.159211
0.158627
0.157451
0.164309
0.160543
0.159195
0.1572
0.157255
0.156558
0.154767
0.153912
0.153685
0.152267
0.151502
0.150719
0.149661
0.148802
0.148215
0.148015
0.146706
0.144558
0.143085
0.139962
0.137254
0.137371
0.138257
0.137383
0.136717
0.141764
0.138167
0.136741
0.134154
0.131199
0.130126
0.127445
0.125631
0.124506
0.123276
0.121975
0.120827
0.119729
0.118311
0.118013
0.117217
0.115673
0.113424
0.113444
0.112115
0.111829
0.111751
0.110642
0.109419
0.108138
0.113749
0.111284
0.109235
0.10724
0.105379
0.104046
0.102459
0.100527
0.100841
0.100672
0.102224
0.104344
0.105391
0.10978
0.113126
0.11342
0.117468
0.119004
0.11797
0.118554
0.117229
0.115897
0.114357
0.112691
0.109948
0.118707
0.114506
0.112632
0.109062
0.10492
0.10253
0.100692
0.0983173
0.0966479
0.095147
0.0932425
0.0908403
0.0891788
0.089845
0.0885949
0.0896099
0.0896255
0.0896921
0.089986
0.0897666
0.0886733
0.0875839
0.0861065
0.0843117
0.0823837
0.100767
0.0950216
0.0926586
0.0891122
0.087
0.0852444
0.0846174
0.0828148
0.0805066
0.0789901
0.078171
0.077066
0.0751693
0.0738212
0.0737781
0.0723909
0.07176
0.0704041
0.0703296
0.0696164
0.0688248
0.0678491
0.0663443
0.0653881
0.0658819
0.0761137
0.0742797
0.0745697
0.0739075
0.0735822
0.0724732
0.0714935
0.0682174
0.0675082
0.0659407
0.0654312
0.063997
0.0630447
0.0619279
0.062163
0.0609012
0.0601056
0.0598392
0.0589927
0.0585029
0.0591064
0.0579307
0.0573155
0.0573194
0.0569981
0.0644319
0.0620493
0.0597059
0.0586479
0.0575114
0.0568962
0.0567943
0.0561556
0.0554541
0.0544783
0.0541178
0.0535026
0.0525346
0.0514609
0.052515
0.0541452
0.0536084
0.0545058
0.0555442
0.058495
0.0596628
0.061634
0.0646749
0.0657055
0.0670536
0.0774069
0.0741347
0.0748127
0.0733275
0.0728376
0.0735352
0.0730688
0.0724614
0.0735038
0.0765879
0.0791546
0.0828108
0.0887752
0.0915261
0.0995595
0.106825
0.11014
0.119004
0.127269
0.131152
0.139511
0.148716
0.152082
0.159391
0.168353
0.199331
0.201145
0.206392
0.209445
0.216491
0.225355
0.229144
0.236606
0.244388
0.247621
0.255255
0.264503
0.268163
0.27693
0.285398
0.288129
0.29592
0.301978
0.303409
0.308503
0.316015
0.315059
0.321658
0.326039
0.327187
0.354466
0.35224
0.353772
0.358294
0.361351
0.36101
0.364443
0.365575
0.366465
0.366457
0.369576
0.368405
0.371399
0.374177
0.376278
0.380333
0.384209
0.384675
0.388582
0.389343
0.389221
0.390169
0.390667
0.388865
0.392313
0.406828
0.402576
0.403325
0.402992
0.40347
0.405088
0.404469
0.402502
0.402012
0.402858
0.403242
0.40068
0.400119
0.398881
0.398865
0.398775
0.396071
0.396581
0.397517
0.396428
0.397141
0.396655
0.394837
0.395632
0.395397
0.401604
0.398505
0.398622
0.396769
0.396784
0.39428
0.394915
0.398383
0.402658
0.403285
0.408627
0.410425
0.412451
0.416315
0.420148
0.422056
0.425532
0.428177
0.429271
0.432441
0.432962
0.43326
0.435035
0.436458
0.436556
0.453602
0.454213
0.452387
0.451188
0.452885
0.453884
0.454182
0.45368
0.454664
0.452865
0.453637
0.452176
0.451737
0.452156
0.450087
0.452387
0.453116
0.450839
0.449632
0.449084
0.44723
0.446693
0.447481
0.447164
0.448112
0.465844
0.463344
0.462086
0.462067
0.458277
0.457113
0.455934
0.45323
0.448904
0.445451
0.4433
0.440945
0.441701
0.438868
0.438456
0.437018
0.434804
0.435874
0.434428
0.428914
0.42873
0.429886
0.425959
0.429063
0.429184
0.435333
0.429498
0.427966
0.425348
0.424846
0.426061
0.423161
0.42324
0.423898
0.421222
0.421633
0.422648
0.419384
0.420426
0.421406
0.419991
0.41907
0.417836
0.416742
0.417448
0.417514
0.416962
0.417381
0.41735
0.4161
0.436038
0.436987
0.433538
0.434334
0.433256
0.433174
0.432888
0.433115
0.430431
0.429369
0.42706
0.426132
0.430983
0.431363
0.432198
0.434122
0.432135
0.431853
0.432656
0.433526
0.43219
0.434055
0.434232
0.431783
0.430619
0.472338
0.462286
0.458857
0.457023
0.453535
0.452607
0.449942
0.445921
0.444342
0.443472
0.441748
0.440086
0.44031
0.43768
0.435337
0.434165
0.433182
0.430556
0.428444
0.427202
0.427174
0.427053
0.4211
0.417722
0.416872
0.439894
0.431003
0.425579
0.420516
0.416782
0.416558
0.417032
0.414125
0.413462
0.411472
0.410813
0.409265
0.402314
0.402118
0.400848
0.396882
0.394813
0.392795
0.392403
0.38881
0.387575
0.385267
0.384338
0.380984
0.37877
0.398446
0.388426
0.385267
0.383045
0.377892
0.374612
0.371269
0.367382
0.363114
0.360971
0.359059
0.35284
0.349732
0.347349
0.343309
0.339457
0.336855
0.332595
0.328833
0.327615
0.324291
0.320635
0.3204
0.314785
0.313977
0.34537
0.332685
0.328046
0.324358
0.317297
0.310631
0.30556
0.300865
0.298334
0.294874
0.294227
0.291543
0.288764
0.28492
0.281965
0.277972
0.274316
0.273932
0.272141
0.2689
0.266169
0.26475
0.262238
0.260827
0.258758
0.31279
0.296613
0.288157
0.281558
0.274281
0.268512
0.264507
0.260886
0.257254
0.252312
0.247813
0.245525
0.241488
0.239122
0.235599
0.231041
0.230152
0.225864
0.222071
0.217333
0.214426
0.21082
0.209308
0.206396
0.20294
0.235168
0.224826
0.220582
0.215836
0.212227
0.209425
0.201035
0.198751
0.196019
0.192849
0.1898
0.186277
0.182888
0.180873
0.177331
0.17476
0.172805
0.168898
0.167945
0.16715
0.164716
0.162228
0.160516
0.158576
0.156236
0.209539
0.195087
0.190243
0.182445
0.17735
0.173432
0.168216
0.164615
0.160277
0.157471
0.154555
0.151499
0.148814
0.145146
0.141902
0.138665
0.135604
0.13205
0.129546
0.124044
0.121983
0.121685
0.120439
0.117335
0.115219
0.131595
0.120513
0.119016
0.117394
0.116144
0.114729
0.112511
0.111743
0.110348
0.110414
0.108914
0.107013
0.104952
0.102209
0.0982507
0.0969888
0.0969536
0.0940929
0.0940106
0.0925489
0.0917887
0.0912871
0.0897235
0.0897901
0.0889829
0.127806
0.113079
0.109999
0.106221
0.103553
0.100606
0.098525
0.0977922
0.0968164
0.0960209
0.0946885
0.0931602
0.0922354
0.089747
0.08613
0.0844881
0.0822818
0.0798953
0.0787941
0.0740054
0.073304
0.0722302
0.0703296
0.0696204
0.0687857
0.0939283
0.0844214
0.0825326
0.0788843
0.0748048
0.0723047
0.0673553
0.0653724
0.063174
0.0605563
0.0578249
0.0572136
0.0548545
0.0538239
0.0519429
0.049478
0.0491841
0.0466056
0.0471738
0.046441
0.0460726
0.0466996
0.0447011
0.0442308
0.0418874
0.0576251
0.0511239
0.0514492
0.0486512
0.0474246
0.0450655
0.0435294
0.0426398
0.0417307
0.0396812
0.0461706
0.0412212
0.0402847
0.0373299
0.0346182
0.0343007
0.0328155
0.0316869
0.0292103
0.0291554
0.0279171
0.0253543
0.0249781
0.0260949
0.0253974
0.0261576
0.0279485
0.0258402
0.0269061
0.0266592
0.0245156
0.0244765
0.0233557
0.0235987
0.0232538
0.0315851
0.0284265
0.0262321
0.0252367
0.0233714
0.0231323
0.0220664
0.0211808
0.0202834
0.0195898
0.0195584
0.0194918
0.0166429
0.0141819
0.0124107
0.0128809
0.0126967
0.0114506
0.0113839
0.0111762
0.0110822
0.0100124
0.00976158
0.00949119
0.0104082
0.0169917
0.0145542
0.0126967
0.0121951
0.0104709
0.00999279
0.00999671
0.0112977
0.0109764
0.0112233
0.0124616
0.0135275
0.0147345
0.0146247
0.0138684
0.0145738
0.0143387
0.0151538
0.0150245
0.0150166
0.0150676
0.0146169
0.0145503
0.0146012
0.0143935
0.0174031
0.0159689
0.0153732
0.0151655
0.0140879
0.0141388
0.0131043
0.0132453
0.0128652
0.0130455
0.0123754
0.0122931
0.0120776
0.0119208
0.0119404
0.0117837
0.013261
0.013359
0.0140957
0.0145503
0.0150284
0.0145699
0.0150284
0.0152439
0.0152282
0.0192567
0.0175207
0.0177597
0.0180223
0.018375
0.0186571
0.0173796
0.0170661
0.0161256
0.0157298
0.0157298
0.0157259
0.0155613
0.0155104
0.0153497
0.0157925
0.0165763
0.0155652
0.0151185
0.0145699
0.0155574
0.0154986
0.0154908
0.0156162
0.0162314
0.0193155
0.0176735
0.0177441
0.0174854
0.0173757
0.0175168
0.022521
0.0207262
0.019484
0.0195937
0.0189275
0.018422
0.0176069
0.0170661
0.0161883
0.0157063
0.0155809
0.0155966
0.0149853
0.0148638
0.0145189
0.0148795
0.0137783
0.013457
0.0131591
0.0131552
0.0129083
0.0125713
0.0128182
0.0124851
0.013261
0.0145542
0.0126144
0.0117954
0.0122382
0.0125909
0.0127829
0.0125125
0.0122069
0.0118581
0.0115368
0.0109842
0.0117014
0.011572
0.0120345
0.0119169
0.0116504
0.0105022
0.0102358
0.0103612
0.00964402
0.00968321
0.00916594
0.0089073
0.00843313
0.0082803
0.00961659
0.00922472
0.008825
0.00821368
0.00818233
0.00724575
0.00741818
0.00699495
0.0071086
0.00694009
0.00673632
0.007234
0.00688131
0.00713603
0.00678334
0.00687347
0.00669713
0.00601135
0.00538043
0.00600351
0.00617202
0.00631701
0.00641106
0.00627782
0.00655213
0.00768465
0.00719873
0.00744169
0.00766506
0.00842529
0.00889554
0.00912283
0.00944025
0.00941673
0.00939322
0.0100006
0.0104199
0.0109333
0.0111841
0.0108863
0.0110587
0.011333
0.0113095
0.0113761
0.0116073
0.0113408
0.0112703
0.0110783
0.0109607
0.0120384
0.0125517
0.0115446
0.0115015
0.0114506
0.0112821
0.0109646
0.0106198
0.0101691
0.0111135
0.0109254
0.0110117
0.0110352
0.0108784
0.0113996
0.01225
0.0134766
0.0138488
0.0158239
0.0164626
0.0167683
0.0168349
0.0176931
0.0171798
0.0172777
0.0173012
0.0192763
0.0185278
0.018806
0.0185944
0.0177793
0.0169368
0.0160159
0.0161256
0.0164901
0.0161766
0.0171523
0.0167957
0.0162471
0.0164117
0.017121
0.0167565
0.0158591
0.0153536
0.0145973
0.0136607
0.0142211
0.0143348
0.0140565
0.0146208
0.0154359
0.0165645
0.0168623
0.0168663
0.0175481
0.0173404
0.0167017
0.0160316
0.0156123
0.0148795
0.014033
0.0137979
0.0133002
0.013022
0.0130572
0.0123911
0.0115329
0.0112742
0.0103807
0.00989874
0.00851542
0.00886419
0.00906797
0.0093462
0.00957348
0.00990658
0.0090954
0.00853894
0.0084684
0.00818625
0.00775911
0.00699103
0.00744561
0.00801774
0.0082176
0.0073594
0.00766506
0.00826854
0.00764154
0.00788843
0.00676375
0.0062308
0.00588595
0.00564691
0.0055411
0.00547448
0.00520409
0.00518058
0.0051649
0.00551759
0.0055411
0.00537651
0.00562339
0.00574096
0.00599567
0.00611324
0.00609364
0.00582325
0.00622688
0.00650119
0.0064816
0.00649335
0.00672456
0.00681077
0.00676767
0.00685388
0.0065247
0.00649727
0.00711251
0.00776303
0.00862123
0.0102475
0.0105493
0.0114976
0.013214
0.0136882
0.0129985
0.0131356
0.013167
0.013457
0.0145385
0.0159454
0.0159179
0.0162785
0.0166664
0.0173561
0.0169407
0.0168898
0.0163686
0.0156123
0.0155182
0.015385
0.015142
0.0145856
0.0141741
0.0145033
0.0140722
0.0137509
0.013359
0.0134491
0.0141584
0.015189
0.0148128
0.0146678
0.014225
0.0142133
0.0141702
0.014178
0.0141467
0.0144954
0.0147893
0.0148599
0.0147815
0.0146365
0.014562
0.0143308
0.0142054
0.0142642
0.0146287
0.0146796
0.0144797
0.0141075
0.0132218
0.0130808
0.0135353
0.0140056
0.0144758
0.0147423
0.015385
0.015142
0.0154281
0.0158356
0.0157651
0.0167213
0.0170661
0.0172346
0.0180693
0.0181046
0.0176383
0.0166703
0.0152282
0.0146443
0.0131866
0.013214
0.0128927
0.0136255
0.0130494
0.0138606
0.0137195
0.0135001
0.0130533
0.0131043
0.0112546
0.0107256
0.00963618
0.00812747
0.00744953
0.00711251
0.0069636
0.00723008
0.00741034
0.00786883
0.00803342
0.00777086
0.00640322
0.0067324
0.00635228
0.00502774
0.00491802
0.00451439
0.00426359
0.00411468
0.00395793
0.00364051
0.00350727
0.00328782
0.00369145
0.0036797
0.00412643
0.00456141
0.00471425
0.00646592
0.00737899
0.00752398
0.00813923
0.0115564
0.011862
0.0138136
0.0161844
0.0168192
0.0192449
0.0215962
0.0217764
0.0234733
0.0255071
0.0265299
0.0297511
0.0324315
0.0323531
0.0334229
0.0337325
0.0362954
0.0369302
0.037906
0.0378354
0.0379844
0.0389758
0.0388739
0.0398418
0.0396224
0.0401632
0.0412526
0.0413701
0.0413506
0.0415465
0.0409117
0.0411468
0.0411233
0.0411703
0.0414368
0.0415778
0.040124
0.0401122
0.039109
0.0389758
0.0384938
0.0393716
0.0383841
0.0374828
0.0370595
0.0381176
0.037859
0.0372241
0.0363502
0.0364443
0.0357468
0.0362601
0.0346769
0.0346299
0.0349121
0.0354176
0.0346965
0.0342459
0.0340774
0.0341009
0.0338775
0.0333602
0.0331643
0.033564
0.0344692
0.0345868
0.0372398
0.0361974
0.0369381
0.037859
0.0379961
0.0387328
0.0413466
0.0423106
0.0445326
0.0480594
0.0495329
0.0510259
0.0549133
0.0550505
0.0593415
0.062837
0.0649649
0.0737154
0.0813021
0.0835789
0.0928898
0.0992813
0.101068
0.113683
0.122841
0.126893
0.136059
0.143978
0.146428
0.158231
0.170097
0.170935
0.183287
0.192528
0.196658
0.210887
0.224771
0.232115
0.247735
0.257352
0.261944
0.274167
0.283897
0.289328
0.298784
0.306485
0.309647
0.32089
0.326568
0.327924
0.34441
0.3507
0.350802
0.359462
0.363918
0.365814
0.371187
0.380106
0.390299
0.408258
0.428687
0.430846
0.452975
0.471479
0.471824
0.484333
0.492676
0.492041
0.498636
0.502641
0.501732
0.509668
0.521146
0.52216
0.532173
0.548349
0.546876
0.55112
0.554949
0.558805
0.567763
0.575792
0.580785
0.587615
0.597408
0.599563
0.603945
0.610356
0.604407
0.608925
0.618757
0.619929
0.623515
0.628041
0.627065
0.637242
0.643101
0.635553
0.641537
0.641819
0.647227
0.655927
0.665751
0.662357
0.669619
0.686144
0.684726
0.690086
0.697893
0.697697
0.701576
0.71383
0.715096
0.720551
0.721056
0.715805
0.721393
0.732432
0.730724
0.735183
0.740356
0.744968
0.750917
0.753872
0.753578
0.759499
0.753707
0.746152
0.738918
0.733961
0.730822
0.742076
0.748962
0.750933
0.756391
0.756435
0.75377
0.756501
0.759707
0.769159
0.771749
0.771753
0.773998
0.778415
0.78559
0.784097
0.786703
0.781848
0.779312
0.788662
0.79503
0.794188
0.796186
0.800352
0.798361
0.796484
0.797554
0.795473
0.80114
0.806434
0.809631
0.816623
0.817649
0.814922
0.815831
0.814479
0.808844
0.808652
0.810807
0.806645
0.808033
0.803871
0.803197
0.80034
0.797268
0.793988
0.791284
0.789775
0.784673
0.788545
0.793886
0.788556
0.787953
0.791754
0.786335
0.783576
0.780813
0.777008
0.778916
0.781221
0.784943
0.791304
0.801061
0.807562
0.816454
0.821341
0.823453
0.828293
0.824472
0.823629
0.817108
0.814659
0.813346
0.815419
0.813621
0.810893
0.81326
0.807355
0.803765
0.801343
0.800246
0.798976
0.796649
0.793122
0.788051
0.783944
0.785018
0.784708
0.794074
0.790089
0.786942
0.788913
0.77979
0.776561
0.775942
0.777239
0.772713
0.768195
0.764115
0.759773
0.754142
0.745345
0.738965
0.73204
0.722106
0.716091
0.704985
0.696235
0.687806
0.685968
0.68335
0.677535
0.675959
0.667914
0.665324
0.664231
0.664195
0.660668
0.658736
0.660739
0.65713
0.665782
0.66414
0.664187
0.664575
0.671864
0.672131
0.674564
0.674674
0.675136
0.679188
0.674172
0.666088
0.661973
0.653948
0.651357
0.658423
0.661143
0.661397
0.673624
0.688985
0.682198
0.682014
0.678252
0.676528
0.677319
0.685117
0.68286
0.684318
0.682312
0.682112
0.681069
0.68364
0.680783
0.686462
0.697595
0.698527
0.712991
0.718047
0.718207
0.72456
0.730849
0.729666
0.727146
0.730551
0.724391
0.721381
0.719982
0.718611
0.719301
0.718121
0.718278
0.719841
0.715256
0.710495
0.707215
0.711224
0.712682
0.719328
0.720645
0.715844
0.708959
0.696458
0.688809
0.680309
0.676132
0.673667
0.672989
0.670171
0.66954
0.669239
0.66463
0.665771
0.670124
0.671715
0.686583
0.685658
0.694554
0.691109
0.689792
0.723482
0.71626
0.714453
0.742166
0.737973
0.739713
0.737887
0.777803
0.787412
0.786295
0.784289
0.795152
0.804173
0.799737
0.801132
0.801755
0.79998
0.803158
0.805329
0.799255
0.796402
0.793024
0.791437
0.790304
0.785312
0.777588
0.770981
0.76774
0.767399
0.764907
0.765585
0.75665
0.751877
0.752273
0.743769
0.733455
0.723439
0.715425
0.724148
0.724548
0.721997
0.720284
0.721762
0.71673
0.7091
0.710773
0.702446
0.698853
0.701466
0.696776
0.693919
0.686579
0.675513
0.670775
0.663976
0.657749
0.656291
0.65231
0.645056
0.646792
0.644484
0.641149
0.634738
0.63221
0.620819
0.614537
0.624095
0.623068
0.630592
0.626117
0.627661
0.621183
0.614427
0.609305
0.612076
0.60726
0.603521
0.592455
0.587012
0.583473
0.580393
0.575142
0.565929
0.565016
0.560329
0.555141
0.557672
0.551653
0.543874
0.547495
0.541778
0.531671
0.52883
0.525495
0.517701
0.524743
0.52035
0.513966
0.509095
0.49536
0.484004
0.474191
0.471456
0.468482
0.466683
0.461491
0.45187
0.444483
0.43507
0.426394
0.420093
0.40836
0.402866
0.394527
0.391827
0.384954
0.388069
0.386262
0.384021
0.384867
0.385537
0.377774
0.375353
0.374024
0.366289
0.36784
0.366731
0.363922
0.362401
0.36409
0.361574
0.363181
0.364756
0.360407
0.354705
0.356241
0.357142
0.370525
0.375184
0.376532
0.389558
0.407968
0.414301
0.428471
0.442293
0.46057
0.466064
0.477408
0.479348
0.489631
0.498221
0.500592
0.507928
0.514335
0.515405
0.513845
0.512618
0.514429
0.519159
0.521388
0.513575
0.517834
0.535586
0.54311
0.548185
0.548635
0.551884
0.543686
0.529249
0.523963
0.513222
0.506587
0.498958
0.494514
0.490783
0.482671
0.473435
0.466459
0.459504
0.451643
0.444891
0.440494
0.433021
0.425262
0.407917
0.395256
0.387975
0.379507
0.373064
0.366508
0.361563
0.353753
0.342557
0.334182
0.325941
0.316352
0.310572
0.3071
0.305117
0.29965
0.298616
0.298396
0.294031
0.295763
0.290759
0.286244
0.281083
0.273058
0.26754
0.259033
0.25096
0.240258
0.234501
0.226515
0.219152
0.209821
0.20004
0.193645
0.187038
0.180795
0.17987
0.169513
0.159896
0.155033
0.146949
0.138018
0.132077
0.12442
0.11775
0.111418
0.105947
0.101143
0.0975414
0.096256
0.0955977
0.0938343
0.0938891
0.0924823
0.0903936
0.0901154
0.0874741
0.086032
0.0852169
0.0838219
0.0831322
0.100441
0.0966871
0.0934933
0.0933993
0.0906366
0.0881717
0.0864474
0.0832027
0.0816901
0.0806124
0.0794329
0.0758982
0.0757532
0.073786
0.0722263
0.0737194
0.0830773
0.0887516
0.102608
0.118667
0.12683
0.146631
0.167601
0.17659
0.193778
0.228972
0.234603
0.25609
0.276769
0.28711
0.308503
0.335021
0.343297
0.362354
0.38312
0.389664
0.401193
0.414458
0.423412
0.4458
0.45044
0.452763
0.451717
0.450428
0.448943
0.441184
0.429173
0.421504
0.416045
0.404614
0.395405
0.381062
0.362084
0.354889
0.345696
0.336306
0.323073
0.316254
0.305215
0.298208
0.29793
0.286135
0.276463
0.26497
0.252802
0.249357
0.240015
0.228263
0.223023
0.209876
0.202548
0.201145
0.193378
0.186481
0.179627
0.172958
0.163321
0.15711
0.147172
0.135918
0.130502
0.123824
0.117347
0.110207
0.100261
0.0917573
0.0865023
0.0762273
0.0638755
0.0576917
0.0492194
0.04099
0.0367108
0.0354607
0.0335483
0.0324041
0.0306681
0.0300528
0.0283403
0.0264672
0.0315419
0.0297824
0.0290183
0.0271216
0.0252014
0.0241943
0.0228149
0.022568
0.0217098
0.0215766
0.0222702
0.022184
0.0231441
0.024641
0.0299705
0.0355469
0.0385722
0.0462176
0.0530441
0.0576486
0.0680411
0.0784179
0.0826894
0.0904641
0.104184
0.112695
0.11817
0.128492
0.129554
0.139154
0.148074
0.150644
0.162044
0.169454
0.17581
0.179858
0.189283
0.19417
0.202583
0.216444
0.22224
0.234815
0.246787
0.249737
0.259597
0.265267
0.261603
0.264472
0.263986
0.267752
0.272752
0.27566
0.273242
0.277396
0.276749
0.274488
0.277314
0.274018
0.271204
0.274418
0.270707
0.269637
0.274908
0.276616
0.276028
0.277282
0.271349
0.268841
0.266353
0.269178
0.270107
0.272231
0.277737
0.273497
0.272564
0.272878
0.27258
0.271726
0.271816
0.269378
0.2633
0.264041
0.259875
0.252093
0.242198
0.237103
0.225974
0.216499
0.210907
0.197575
0.18574
0.18027
0.172385
0.162428
0.154579
0.145695
0.136309
0.130161
0.120051
0.110908
0.109356
0.0977726
0.0885008
0.0826306
0.0726339
0.0658035
0.0621042
0.0539023
0.0473933
0.0445953
0.0364443
0.0329096
0.0303036
0.0270981
0.0237593
0.0219254
0.0186885
0.0151969
0.0139115
0.0111723
0.00863299
0.00763371
0.00548624
0.0033466
0.00241394
0.00454966
0.00325647
0.00313891
0.00332701
0.00304878
0.00306837
0.00262556
0.00247664
0.00237476
0.00162628
0.00153615
0.00162236
0.00217882
0.00214747
0.00183789
0.00217882
0.00207693
0.00219449
0.00252759
0.00228854
0.00313499
0.00264907
0.00237476
0.00229246
0.00223368
0.00280582
0.00153615
0.00256678
0.00203383
0.0020495
0.00215923
0.00137548
0.00166155
0.00164979
0.00221017
0.0021318
0.0013598
0.00166155
0.00177911
0.0016929
0.00192018
0.00297824
0.00284892
0.00412643
0.00388739
0.00351119
0.00348768
0.00351511
0.00364835
0.00397752
0.0042244
0.00417738
0.00412252
0.00444777
0.0046829
0.00647376
0.00714386
0.0142721
0.0221644
0.0246802
0.031538
0.0382939
0.041813
0.0470876
0.0511435
0.0532988
0.0592827
0.061152
0.0617163
0.0626215
0.0664618
0.0668694
0.0704668
0.0690169
0.0715836
0.071227
0.068288
0.0696008
0.0729434
0.0736762
0.0755572
0.0760314
0.0771051
0.0794211
0.0778732
0.0767995
0.0761686
0.0805967
0.0816039
0.0859576
0.0876583
0.0890024
0.0906993
0.0942849
0.0976825
0.100547
0.0974199
0.0908443
0.0892846
0.0857381
0.0802597
0.07774
0.0724144
0.0718266
0.0703061
0.0717953
0.0682135
0.0672142
0.0619788
0.0606778
0.0597255
0.0546155
0.0536672
0.0505674
0.0466761
0.0435215
0.0432864
0.0415504
0.0399281
0.0389758
0.0389562
0.0345946
0.0349003
0.0339049
0.0327058
0.0318045
0.0296845
0.0292691
0.0277016
0.0274508
0.0259029
0.0248291
0.0223995
0.0205969
0.0196603
0.0178146
0.0146012
0.013986
0.0109137
0.0106198
0.0112899
0.0113369
0.0106002
0.010612
0.0102593
0.00985955
0.00930309
0.00976942
0.0103416
0.0106237
0.0110469
0.0113761
0.0121599
0.0143661
0.0167957
0.017411
0.0190803
0.0192645
0.0207341
0.0198484
0.0190764
0.0184181
0.0176461
0.0163686
0.0156867
0.0171288
0.0177872
0.0181477
0.0178577
0.0169603
0.0165136
0.0145307
0.0115329
0.0131591
0.0198367
0.0298099
0.0352452
0.0472443
0.0564612
0.0613636
0.0670497
0.0711839
0.0738918
0.0756356
0.077062
0.0786335
0.0788098
0.0772227
0.0756905
0.0747186
0.0735548
0.0731315
0.0714582
0.0720735
0.0715484
0.0738448
0.0768583
0.0777008
0.0781632
0.0800795
0.0758943
0.0738996
0.0682488
0.0656781
0.0634091
0.056618
0.0553248
0.0499914
0.0422127
0.0384193
0.0319495
0.0251857
0.0220899
0.0159689
0.0113369
0.00870744
0.00440466
0.000521193
0.00106982
0.00288419
0.00483965
0.00565474
0.00962835
0.0187042
0.023536
0.0314949
0.0375807
0.0385761
0.0393716
0.0403865
0.0407432
0.0419031
0.042389
0.0431022
0.0450067
0.0464802
0.0474834
0.0492625
0.0500972
0.0512571
0.0523779
0.0543882
0.0548114
0.0554619
0.0573664
0.0579778
0.0598392
0.0600861
0.0619396
0.0627234
0.0596707
0.0576251
0.0551014
0.0480634
0.0451165
0.0408215
0.0358957
0.0331682
0.0300371
0.0250016
0.0228894
0.0191705
0.0150009
0.0129397
0.0092208
0.0062112
0.00645809
0.00819409
0.0115524
0.0117288
0.0123754
0.0137665
0.01408
0.014997
0.0153928
0.0155613
0.0164234
0.0174972
0.0175834
0.0179949
0.0187512
0.0189118
0.0195388
0.0200796
0.0199973
0.0209457
0.0212905
0.0215413
0.0221957
0.0227522
0.0228149
0.0238103
0.024018
0.024257
0.0252406
0.0243471
0.0236104
0.0222232
0.0248722
0.0271177
0.0312245
0.0370164
0.0417072
0.0494741
0.0564651
0.0581698
0.0579582
0.0589614
0.0596472
0.0615909
0.0627194
0.0634248
0.0669674
0.0698476
0.0698163
0.071231
0.0726809
0.0733941
0.0745697
0.0781789
0.0783121
0.0791586
0.0807457
0.0811415
0.0826462
0.0828775
0.0827285
0.0854756
0.0859929
0.0859929
0.0852405
0.0865336
0.0868315
0.0891239
0.0931014
0.0923608
0.089794
0.0872508
0.0837317
0.0795583
0.0766584
0.0747931
0.0690169
0.0620611
0.0579582
0.0516529
0.0438507
0.0408685
0.034093
0.0274077
0.0259499
0.0191509
0.0141075
0.0113839
0.00664618
0.00473776
0.00409117
0.00203775
0.00162236
0.00159885
0.00102671
0.000999279
0.000983604
0.000564299
0.000603486
0.000670105
0.000713211
0.00115603
0.00122265
0.00163803
0.00130102
0.00128927
0.00157533
0.00148912
0.00106198
0.00121873
0.00115211
0.00118738
0.001109
0.0012344
0.00122657
0.000838611
0.00121089
0.00160668
0.00175951
0.00172816
0.00172816
0.00166546
0.00128927
0.00131278
0.00126575
0.00127751
0.00125008
0.00125008
0.00128143
0.0011717
0.00124224
0.0014225
0.00193194
0.00191626
0.00193978
0.0017987
0.00126575
0.00112468
0.00111684
0.000713211
0.00108941
0.00108941
0.00103847
0.00114035
0.00114819
0.00111684
0.00103455
0.000987523
0.00174776
0.00706941
0.0100947
0.0176187
0.0245039
0.0273293
0.0330271
0.0364129
0.036797
0.0387955
0.0413114
0.0423929
0.0446697
0.0494349
0.0533772
0.0636168
0.0751379
0.0800834
0.0889084
0.100285
0.1065
0.120211
0.130561
0.136784
0.149265
0.159524
0.163823
0.175062
0.17951
0.181692
0.185153
0.188523
0.190008
0.196172
0.197211
0.198139
0.201513
0.198947
0.193931
0.19116
0.190592
0.188307
0.181641
0.179862
0.179047
0.178777
0.182723
0.182155
0.183926
0.185023
0.188977
0.184577
0.184483
0.183954
0.180297
0.170414
0.16106
0.160747
0.158258
0.158533
0.156589
0.148599
0.146263
0.142642
0.136882
0.136882
0.129765
0.122104
0.118185
0.113483
0.106688
0.103224
0.09722
0.0910755
0.0886654
0.0813923
0.075185
0.0711016
0.0673279
0.0633856
0.0617202
0.060525
0.0611402
0.0612107
0.0613087
0.0608933
0.0614184
0.0617398
0.0609051
0.0616575
0.0631701
0.0639695
0.0641106
0.063515
0.0639264
0.0606856
0.0631074
0.0644672
0.0644123
0.0651216
0.066117
0.0670497
0.0686132
0.0687857
0.0705295
0.0758551
0.0803499
0.0813178
0.086373
0.0910402
0.091534
0.0964872
0.101488
0.101817
0.104301
0.105908
0.104599
0.1059
0.107828
0.107891
0.109243
0.11103
0.110928
0.112879
0.116014
0.116496
0.119149
0.121019
0.121312
0.121689
0.122574
0.123025
0.125435
0.125952
0.125905
0.127618
0.127955
0.127645
0.129072
0.128249
0.129021
0.130008
0.130784
0.131779
0.132011
0.13243
0.132465
0.13395
0.136027
0.135475
0.137074
0.13843
0.138645
0.140154
0.140706
0.14142
0.145389
0.146459
0.147305
0.146243
0.146051
0.145828
0.145711
0.144323
0.145272
0.145711
0.145178
0.145824
0.146365
0.146949
0.147294
0.146957
0.146827
0.146424
0.145899
0.146549
0.145856
0.145315
0.145287
0.144833
0.144249
0.144731
0.143736
0.143606
0.143939
0.142838
0.143865
0.142834
0.141804
0.143203
0.141788
0.141361
0.141443
0.140887
0.139836
0.138731
0.13812
0.138269
0.137493
0.13656
0.136529
0.13618
0.135263
0.134495
0.133672
0.132551
0.13252
0.132355
0.132418
0.132003
0.129891
0.133316
0.132156
0.130012
0.128833
0.127022
0.125768
0.124843
0.124639
0.122892
0.122131
0.121493
0.12025
0.11971
0.11913
0.118142
0.121567
0.12183
0.126223
0.130004
0.130827
0.13319
0.131407
0.129973
0.126854
0.122974
0.124506
0.120552
0.116739
0.114357
0.11161
0.109278
0.10782
0.107256
0.107189
0.106174
0.105888
0.106621
0.105571
0.10521
0.104035
0.103314
0.100884
0.0988894
0.0966166
0.0974003
0.0994498
0.100782
0.102017
0.10454
0.101883
0.109689
0.107589
0.105445
0.104877
0.105634
0.104854
0.10376
0.101252
0.101045
0.098329
0.0977765
0.0971809
0.096789
0.0954135
0.0953861
0.0954605
0.0950216
0.0943398
0.0931994
0.0925097
0.0920865
0.0923216
0.0919533
0.0909814
0.0900644
0.0950883
0.093748
0.0935286
0.0926861
0.0922001
0.0912988
0.0903544
0.089363
0.0872351
0.0856362
0.0851464
0.0850719
0.0854638
0.085068
0.0841902
0.083575
0.0828343
0.0833595
0.0835201
0.0836377
0.0838375
0.0836338
0.0836769
0.0836769
0.0834966
0.0908874
0.0872821
0.0869451
0.0859733
0.0856323
0.086996
0.0881246
0.0913537
0.0960405
0.0973729
0.102961
0.10927
0.111657
0.117206
0.12377
0.12694
0.134111
0.139084
0.140311
0.146228
0.152694
0.155233
0.163408
0.169819
0.173475
0.197246
0.200314
0.201443
0.207435
0.213285
0.215703
0.222044
0.228706
0.231335
0.238498
0.244283
0.245615
0.253174
0.259624
0.261588
0.26629
0.269982
0.273183
0.277588
0.282526
0.283207
0.288494
0.293753
0.294607
0.299744
0.380439
0.369439
0.366269
0.367793
0.366959
0.370776
0.376274
0.378766
0.385287
0.38908
0.389127
0.397172
0.409457
0.411001
0.417851
0.423024
0.424705
0.431618
0.439812
0.441771
0.447963
0.456627
0.462584
0.472016
0.479297
0.517905
0.519962
0.527059
0.529214
0.545575
0.553075
0.557566
0.567587
0.573182
0.57524
0.582646
0.589265
0.590691
0.597463
0.604952
0.602134
0.609133
0.612143
0.613369
0.617872
0.621806
0.623527
0.627175
0.633414
0.632438
0.647423
0.648132
0.643759
0.64417
0.621928
0.61556
0.61246
0.609811
0.608455
0.61045
0.609454
0.604862
0.605833
0.606782
0.60184
0.602859
0.601225
0.598168
0.599328
0.599172
0.596671
0.59637
0.596938
0.595171
0.599015
0.60773
0.606731
0.603964
0.606641
0.603576
0.605018
0.60715
0.607268
0.606527
0.603341
0.601303
0.602009
0.604015
0.602181
0.601021
0.599062
0.595237
0.59356
0.589116
0.585099
0.58006
0.579923
0.576568
0.573825
0.573582
0.582634
0.576094
0.572544
0.570498
0.570776
0.569648
0.566129
0.565486
0.562813
0.557343
0.556022
0.552147
0.546598
0.544141
0.5409
0.53619
0.530037
0.526216
0.521243
0.518383
0.512763
0.5102
0.503742
0.501297
0.497931
0.500878
0.49547
0.489278
0.484094
0.479662
0.47432
0.469865
0.466452
0.462733
0.459441
0.457356
0.453195
0.449315
0.442735
0.438879
0.431779
0.428444
0.42266
0.419102
0.417824
0.41414
0.411084
0.408544
0.405166
0.40325
0.412604
0.404559
0.396929
0.391588
0.386192
0.381074
0.378006
0.372868
0.369588
0.364862
0.3621
0.360191
0.353941
0.349563
0.347894
0.345359
0.343376
0.339696
0.336781
0.333975
0.329813
0.328324
0.326705
0.325961
0.32397
0.334425
0.330048
0.32622
0.32167
0.318151
0.314028
0.309753
0.306085
0.301198
0.297773
0.292581
0.289403
0.286029
0.282479
0.278195
0.273414
0.271714
0.270327
0.264699
0.26136
0.258825
0.256031
0.250627
0.249318
0.246363
0.276957
0.264856
0.258629
0.254777
0.251756
0.249326
0.243107
0.24255
0.237017
0.234133
0.2282
0.224607
0.220171
0.215593
0.212074
0.208422
0.205146
0.200984
0.197297
0.195549
0.191066
0.189389
0.187645
0.183718
0.182002
0.209856
0.198927
0.190466
0.185756
0.180521
0.177437
0.173918
0.168576
0.165053
0.162659
0.15952
0.154265
0.151808
0.148979
0.144974
0.14276
0.139899
0.136756
0.137822
0.13254
0.128942
0.12442
0.122684
0.121994
0.120893
0.147995
0.134769
0.13069
0.128002
0.123331
0.118464
0.114478
0.111857
0.108604
0.107103
0.102201
0.101292
0.0993675
0.0957035
0.0928859
0.0868628
0.0850406
0.0858008
0.0829049
0.0808711
0.0807496
0.0795073
0.0788764
0.0788764
0.0779712
0.10023
0.0910833
0.0886576
0.087141
0.0841471
0.0822896
0.0783552
0.0758747
0.0744091
0.0757924
0.0745893
0.074315
0.0721519
0.0717404
0.0703218
0.070455
0.0703453
0.0699417
0.067755
0.0674846
0.0666656
0.0660308
0.0626724
0.0621708
0.0611872
0.0704041
0.0656193
0.0636717
0.0597921
0.0575114
0.0544
0.0527619
0.0512454
0.050297
0.0495642
0.0490313
0.0483416
0.0472012
0.0464136
0.0459237
0.0453438
0.0447638
0.0430043
0.0421304
0.0414995
0.0417777
0.0415465
0.040414
0.0401828
0.0405511
0.0513394
0.0471973
0.0457435
0.0450107
0.0438664
0.0426281
0.0413937
0.0407157
0.0420285
0.040316
0.0414681
0.039544
0.0376082
0.0374201
0.0380588
0.0366089
0.0366598
0.0364717
0.0354058
0.0343203
0.0343634
0.0338854
0.0348768
0.0343164
0.0333916
0.0397909
0.0366246
0.0358917
0.0340539
0.0342851
0.0331094
0.0320396
0.0316242
0.0302684
0.03077
0.0302488
0.0285794
0.0273959
0.0261889
0.0257892
0.0261772
0.0250368
0.0245862
0.02604
0.0257461
0.0256011
0.0254444
0.0254013
0.0254836
0.0257265
0.0320749
0.0292495
0.0294415
0.0293984
0.0281757
0.0266043
0.0239004
0.0214669
0.0190764
0.0172033
0.0160394
0.0149931
0.014417
0.0136411
0.0134491
0.0119326
0.0109059
0.00974591
0.00947943
0.00934228
0.00921296
0.0082176
0.00811963
0.00664227
0.00615634
0.0105806
0.00923647
0.0082803
0.00700279
0.00661092
0.0068382
0.00721048
0.008343
0.0088446
0.00899743
0.0106982
0.0111958
0.0116661
0.011572
0.011721
0.0117954
0.0134766
0.0131239
0.0138959
0.014421
0.014997
0.0153262
0.0158121
0.0160198
0.0155143
0.0194056
0.0175403
0.0164038
0.0163372
0.0150049
0.0147541
0.0147149
0.0152047
0.0147619
0.0143739
0.0138449
0.0136059
0.0133041
0.0134139
0.0131474
0.0127124
0.0129397
0.0127947
0.0126497
0.0125243
0.0127124
0.0128848
0.0128574
0.0126105
0.0132767
0.0169329
0.0150009
0.0149618
0.0145424
0.0143191
0.0144484
0.0147541
0.0145307
0.0142485
0.013986
0.0142407
0.0147854
0.0156162
0.0157612
0.0161413
0.0161139
0.0160551
0.0161609
0.0165724
0.0162667
0.0158631
0.0155613
0.0150049
0.0149735
0.0143152
0.0151028
0.0142329
0.0139076
0.0142446
0.013261
0.013939
0.0137822
0.013261
0.0111214
0.0099536
0.00860164
0.00790802
0.00725359
0.00576055
0.0035974
0.00371497
0.00341322
0.00387172
0.00375024
0.00370321
0.00366794
0.00356605
0.00311148
0.00349552
0.00346809
0.00396968
0.00357781
0.00285284
0.00275879
0.00327999
0.00306054
0.00238651
0.00233949
0.00235516
0.00402847
0.00324472
0.00306054
0.00219058
0.00242178
0.00243354
0.00200248
0.00212396
0.00146169
0.0015479
0.00143426
0.0014421
0.00111292
0.0010463
0.000956173
0.000913067
0.00222193
0.00195937
0.00199856
0.00178695
0.00132062
0.00130102
0.000885635
0.00121873
0.000881717
0.000952254
0.000552542
0.000889554
0.000850367
0.000501599
0.000478086
0.000485924
0.00086996
0.000885635
0.000889554
0.00086996
0.000846448
0.000826854
0.000807261
0.000803342
0.000791586
0.00134413
0.0014225
0.00105806
0.00101495
0.000854286
0.000775911
0.00043498
0.0010032
0.00120697
0.00206126
0.00338187
0.00485924
0.00535692
0.00628958
0.00713211
0.00740642
0.0078414
0.00799423
0.00826462
0.00822936
0.00875447
0.0091385
0.0091581
0.00927174
0.00899351
0.00886027
0.00732413
0.00721048
0.00664618
0.00623472
0.00587811
0.00590946
0.00607405
0.00625039
0.00528638
0.0054157
0.00466722
0.00467114
0.00470641
0.00478478
0.00518449
0.00488275
0.00527854
0.00583501
0.00607405
0.00670497
0.00702238
0.00709684
0.00761019
0.00843705
0.00844097
0.00880149
0.00886027
0.00878582
0.00886811
0.00848016
0.00847232
0.00814706
0.00809612
0.00773951
0.00713995
0.00612499
0.00583109
0.00454574
0.00291946
0.00239435
0.00108941
0.00122657
0.00151655
0.00193978
0.00217882
0.00232773
0.00249624
0.00368362
0.00383645
0.00453398
0.00506301
0.00533341
0.00596432
0.0067324
0.00713211
0.00853894
0.00967145
0.010608
0.0139194
0.0155574
0.0160786
0.0168271
0.0164038
0.0156319
0.0132571
0.0116504
0.0113761
0.01109
0.0109999
0.0103572
0.0110391
0.0112977
0.0118032
0.0132532
0.0152909
0.0157337
0.0180772
0.0200287
0.0199307
0.0196917
0.0189902
0.0183515
0.0177558
0.0178146
0.0176304
0.0169486
0.016976
0.0167017
0.0159885
0.0160277
0.0155927
0.0158944
0.015675
0.0150166
0.0137626
0.0138919
0.0138763
0.0141937
0.0143073
0.0138998
0.0146678
0.0132493
0.0138253
0.0128613
0.012395
0.0129867
0.0118032
0.0122108
0.0132924
0.0128731
0.0115681
0.0110352
0.011286
0.0136451
0.0135001
0.0131474
0.0135745
0.0134922
0.0133512
0.0134217
0.0143896
0.014033
0.0139076
0.0133551
0.0117993
0.0105101
0.0100437
0.00926782
0.00908756
0.00891514
0.00820976
0.0080922
0.00857812
0.00828814
0.00806477
0.00807653
0.0102945
0.011913
0.0128809
0.0157612
0.0171288
0.0171445
0.0198602
0.0221056
0.0212905
0.024641
0.0258284
0.0265808
0.0274821
0.0274743
0.0278544
0.0283717
0.0306485
0.0311422
0.0343674
0.0362366
0.0361739
0.0393755
0.041809
0.0407627
0.0429063
0.0434667
0.0429102
0.0427182
0.0444307
0.0445522
0.0448147
0.0458414
0.0448657
0.0447011
0.0460805
0.0459825
0.0465115
0.0469387
0.0462411
0.0466761
0.0472404
0.0472326
0.0468407
0.0487374
0.0484592
0.0481966
0.0477303
0.0465155
0.0471934
0.0472208
0.0473462
0.0476127
0.0476088
0.0471346
0.0466683
0.0460139
0.0464723
0.0459002
0.0467819
0.0444542
0.0442152
0.0440231
0.0435646
0.0427809
0.0429298
0.0431532
0.0436626
0.0432316
0.042726
0.0449362
0.0451674
0.0442583
0.0482123
0.0497053
0.0490587
0.047887
0.0471189
0.0468094
0.0475853
0.0468211
0.0455358
0.045426
0.0464488
0.0454182
0.0446149
0.0451752
0.0448578
0.0451165
0.043404
0.0414485
0.0412056
0.0418012
0.041813
0.0428554
0.0437802
0.0437645
0.042969
0.0444033
0.0453869
0.0454574
0.0481927
0.0484827
0.0510377
0.0530754
0.0534242
0.0551445
0.0568531
0.0558617
0.0574017
0.0582482
0.058401
0.0622374
0.061971
0.0623276
0.0637736
0.0642713
0.0639068
0.0646004
0.0648865
0.0647925
0.0643105
0.0644359
0.0675199
0.0661248
0.0654155
0.0645652
0.0641028
0.0639225
0.063464
0.0630134
0.0632759
0.0620729
0.0622335
0.0634287
0.0631505
0.0627469
0.0628213
0.0624412
0.0627116
0.0631936
0.0629859
0.0635385
0.0640009
0.063656
0.0642948
0.0642987
0.0639695
0.0666421
0.0657682
0.0655566
0.0647298
0.064283
0.0636012
0.0632406
0.0625235
0.0631113
0.0627273
0.0622335
0.0629742
0.0642438
0.0642634
0.0642282
0.0650354
0.064475
0.0639421
0.0629977
0.0640322
0.063029
0.0632054
0.0618142
0.0618142
0.0609129
0.0623433
0.060525
0.0591103
0.0589065
0.0579856
0.0575271
0.0564299
0.0560772
0.0563006
0.0565122
0.056277
0.0557323
0.0563633
0.0552895
0.05411
0.0536828
0.0534164
0.0531891
0.0524523
0.0514766
0.0505204
0.0508261
0.0494467
0.0528129
0.0562496
0.0579699
0.0585656
0.0577544
0.0566493
0.058981
0.0599254
0.0603329
0.0592514
0.0567199
0.0554228
0.0526561
0.050152
0.0491136
0.0472874
0.0462647
0.0450459
0.0443406
0.0433883
0.0425967
0.0416484
0.0399202
0.03916
0.0373064
0.0366677
0.0361308
0.0377061
0.0368205
0.0356409
0.0354881
0.0339716
0.0335131
0.0331917
0.0322434
0.0322512
0.0318241
0.0330546
0.0308052
0.0318359
0.0288615
0.02903
0.0282698
0.0268473
0.0261968
0.0263183
0.0259538
0.0265651
0.0264789
0.0281757
0.0266474
0.0252406
0.0258049
0.0243628
0.0231754
0.0228267
0.0241081
0.0219489
0.0220586
0.0215844
0.0209496
0.0201698
0.0204676
0.0197191
0.0206008
0.0208007
0.0200326
0.0213885
0.0209809
0.0212082
0.0209182
0.0199973
0.0207301
0.0190882
0.0180458
0.0182065
0.0173718
0.0184612
0.018328
0.0182104
0.0184338
0.0167056
0.0152831
0.0164078
0.0147345
0.0143583
0.0152596
0.0162236
0.0187002
0.0193037
0.0194134
0.0214982
0.0203343
0.0201776
0.0171641
0.0170818
0.0145307
0.0132728
0.0124616
0.0111802
0.0111488
0.0106551
0.0117366
0.0110587
0.0108157
0.0104748
0.0103376
0.0102122
0.0100437
0.00989874
0.0095343
0.00936187
0.00967537
0.00909932
0.00862907
0.00850367
0.00892297
0.00775127
0.0076533
0.00784924
0.00774343
0.00749655
0.00778654
0.008343
0.0067128
0.00777086
0.0102083
0.012924
0.0120893
0.0146287
0.0169956
0.0179282
0.0223172
0.0198641
0.0200052
0.0200091
0.0201658
0.0203696
0.0180693
0.0146208
0.0148638
0.0142642
0.0142681
0.0130808
0.0135079
0.0125909
0.0140252
0.0160472
0.0126458
0.0133316
0.0140526
0.0111371
0.0116661
0.00839394
0.00725751
0.00684212
0.00398144
0.00324472
0.00315067
0.00312324
0.00268826
0.00257853
0.00255894
0.00240219
0.00235516
0.00325256
0.00301351
0.00239435
0.00338971
0.00344065
0.00387955
0.00423616
0.00286852
0.0026765
0.00254718
0.0046829
0.00297824
0.0188727
0.0179518
0.0176735
0.0197505
0.020397
0.0206165
0.0190412
0.0179831
0.0176461
0.0173639
0.0170857
0.0146287
0.0123401
0.012779
0.0107805
0.0118228
0.0105924
0.00894257
0.00721832
0.00544313
0.00762195
0.00819801
0.00900527
0.00687347
0.00614067
0.00885635
0.00760628
0.00767289
0.00735156
0.00775127
0.0093893
0.0100398
0.0110626
0.012105
0.0127516
0.013457
0.0142525
0.0139742
0.0155731
0.0165371
0.0172033
0.0177832
0.0179831
0.0175677
0.0192293
0.0201815
0.0201227
0.0221409
0.0232264
0.0229756
0.0308718
0.0288184
0.0272588
0.026957
0.0253621
0.0248762
0.0248017
0.024355
0.0243001
0.0262007
0.0278505
0.0292416
0.0326157
0.0349317
0.0353706
0.0401357
0.0453242
0.0474089
0.0529775
0.0590084
0.0590162
0.0669517
0.0771208
0.076968
0.0870117
0.0988306
0.0992225
0.1065
0.113444
0.112856
0.119471
0.123421
0.124996
0.133668
0.140769
0.142117
0.149175
0.151973
0.153419
0.159795
0.165555
0.168835
0.1738
0.182582
0.180724
0.187641
0.190901
0.192818
0.200918
0.211812
0.21941
0.225986
0.232303
0.236958
0.247637
0.258562
0.259938
0.268422
0.280253
0.285163
0.298538
0.309596
0.312316
0.322873
0.329594
0.331032
0.336357
0.345221
0.348517
0.360207
0.368514
0.370928
0.375745
0.381968
0.383668
0.392775
0.391862
0.391635
0.401632
0.406703
0.407808
0.416915
0.424196
0.425579
0.433475
0.447371
0.449056
0.45832
0.470359
0.473227
0.490054
0.502712
0.506862
0.520201
0.530355
0.532486
0.552762
0.559835
0.565972
0.580432
0.591891
0.596907
0.603721
0.609862
0.609721
0.609744
0.612444
0.606699
0.608357
0.605367
0.599489
0.602071
0.601515
0.597949
0.593015
0.602432
0.602687
0.613244
0.62444
0.624161
0.631544
0.631576
0.631956
0.645452
0.651459
0.661225
0.669011
0.672801
0.676163
0.688629
0.698688
0.700212
0.712027
0.725382
0.729869
0.745732
0.753566
0.750063
0.765722
0.773516
0.775915
0.789144
0.791206
0.792401
0.799513
0.801708
0.797444
0.794458
0.794642
0.786922
0.783881
0.794603
0.793471
0.794243
0.798541
0.797001
0.793181
0.794274
0.798044
0.801014
0.799795
0.799027
0.798651
0.795657
0.787334
0.783834
0.782655
0.776138
0.765479
0.754746
0.747069
0.741112
0.744251
0.757516
0.770742
0.777024
0.770899
0.775468
0.77845
0.77381
0.780582
0.77923
0.773344
0.769939
0.761364
0.758704
0.759131
0.749001
0.74462
0.751082
0.751031
0.751724
0.747594
0.750263
0.749459
0.753511
0.754232
0.753229
0.758609
0.751058
0.745956
0.737636
0.73969
0.738087
0.738777
0.734196
0.726652
0.720398
0.725108
0.726593
0.726441
0.729191
0.729446
0.739549
0.745846
0.745713
0.748989
0.758817
0.756631
0.757152
0.751587
0.745972
0.746979
0.738401
0.734572
0.754624
0.755874
0.747186
0.74643
0.745388
0.749792
0.747034
0.746093
0.74645
0.749875
0.750835
0.74855
0.750584
0.749228
0.74317
0.742115
0.740086
0.738745
0.738773
0.733189
0.730951
0.729607
0.733949
0.727777
0.729721
0.722322
0.722937
0.715848
0.712596
0.708649
0.708203
0.708489
0.702811
0.702599
0.710907
0.706529
0.701153
0.693143
0.692528
0.69292
0.697015
0.694691
0.690807
0.688546
0.683816
0.685313
0.6825
0.680607
0.685333
0.692814
0.692179
0.687849
0.684761
0.682762
0.68538
0.687958
0.680768
0.677296
0.679369
0.675317
0.67139
0.66523
0.657855
0.658685
0.665492
0.666413
0.672272
0.674987
0.679369
0.684197
0.677966
0.681034
0.676947
0.669047
0.666872
0.670293
0.661601
0.656793
0.649817
0.647392
0.643426
0.645205
0.650629
0.64816
0.642094
0.641384
0.635773
0.640499
0.640887
0.640193
0.641059
0.643935
0.636306
0.638222
0.648117
0.652278
0.654779
0.656217
0.659912
0.670548
0.676336
0.674341
0.678424
0.675093
0.673157
0.680415
0.688209
0.691916
0.696474
0.692782
0.690984
0.694883
0.695134
0.692653
0.698519
0.698927
0.697845
0.700416
0.691979
0.684643
0.687919
0.683178
0.677962
0.674987
0.674748
0.675634
0.676567
0.674748
0.668949
0.66994
0.675681
0.676543
0.67978
0.678456
0.684961
0.685447
0.684306
0.682668
0.690541
0.692908
0.687884
0.687923
0.690141
0.683691
0.681062
0.680564
0.67643
0.66791
0.663627
0.662706
0.656887
0.648297
0.638147
0.63466
0.62904
0.624424
0.627774
0.620623
0.617837
0.619772
0.60657
0.603086
0.602644
0.607272
0.607068
0.602749
0.593391
0.589191
0.582889
0.578504
0.57053
0.572751
0.568554
0.567779
0.576404
0.583814
0.578496
0.58191
0.584257
0.585041
0.599379
0.613824
0.614028
0.624824
0.623973
0.619361
0.622194
0.627414
0.62605
0.635796
0.636964
0.63299
0.63424
0.629769
0.62538
0.623225
0.618863
0.613389
0.617115
0.618808
0.606492
0.606645
0.61023
0.604191
0.597851
0.584978
0.57598
0.570624
0.563625
0.553064
0.546649
0.542193
0.53483
0.528172
0.522117
0.517579
0.515557
0.520323
0.519837
0.520875
0.527819
0.529826
0.535727
0.53171
0.535492
0.540724
0.546935
0.539383
0.54128
0.53684
0.528137
0.524265
0.513629
0.505298
0.504902
0.501642
0.497586
0.496889
0.491974
0.486504
0.489611
0.485281
0.486504
0.483494
0.485873
0.476464
0.474567
0.478659
0.470903
0.471495
0.464723
0.45544
0.45388
0.452117
0.446607
0.440584
0.436947
0.427276
0.433969
0.430689
0.428463
0.428871
0.420693
0.416546
0.422315
0.418051
0.410022
0.404007
0.397247
0.394645
0.387129
0.381282
0.372657
0.363883
0.357221
0.358553
0.35313
0.348259
0.344054
0.347255
0.34242
0.340245
0.341902
0.338454
0.338948
0.343094
0.341965
0.343505
0.349226
0.349842
0.347921
0.34789
0.343877
0.335225
0.336173
0.331043
0.331373
0.338246
0.344971
0.342114
0.346577
0.349779
0.35293
0.356139
0.358667
0.359709
0.360798
0.357162
0.352675
0.352107
0.346487
0.343791
0.340394
0.338411
0.331208
0.330338
0.326941
0.323167
0.319393
0.316191
0.310074
0.304886
0.291825
0.285476
0.284661
0.277992
0.274288
0.268618
0.258837
0.255553
0.249197
0.242856
0.235826
0.232354
0.228506
0.220884
0.21526
0.213132
0.211302
0.217471
0.225672
0.228341
0.244047
0.2502
0.247974
0.259041
0.261933
0.258155
0.257681
0.255902
0.273023
0.265526
0.266333
0.263069
0.257759
0.253934
0.252637
0.255968
0.258805
0.258496
0.265965
0.265687
0.266333
0.275617
0.278254
0.278058
0.284375
0.291264
0.293259
0.300579
0.304427
0.306187
0.321752
0.325636
0.328269
0.329441
0.335056
0.330393
0.337215
0.334167
0.334343
0.33207
0.333058
0.328191
0.330291
0.330017
0.330726
0.32033
0.322928
0.319279
0.314448
0.313633
0.307319
0.307433
0.301108
0.298259
0.291644
0.28394
0.281123
0.279152
0.276048
0.270632
0.264394
0.255996
0.252167
0.246434
0.232432
0.226147
0.215856
0.227001
0.220131
0.213379
0.206032
0.195514
0.19397
0.221291
0.217968
0.213564
0.208501
0.20417
0.20147
0.20542
0.202227
0.201063
0.201545
0.209555
0.200832
0.191587
0.187892
0.181708
0.175305
0.172001
0.169478
0.157298
0.154888
0.147615
0.143065
0.136525
0.133061
0.125239
0.117351
0.110034
0.104646
0.102201
0.0997868
0.0982076
0.095727
0.0946337
0.0934816
0.0884695
0.101617
0.0979685
0.0963305
0.0948806
0.0927566
0.0876505
0.0837161
0.0781397
0.073931
0.0685192
0.0645573
0.0610187
0.0574605
0.0551759
0.0535927
0.0515275
0.0499875
0.0480751
0.0459472
0.0440976
0.0423538
0.040896
0.0391443
0.0362797
0.034579
0.037228
0.0343987
0.0330036
0.0311853
0.0280621
0.0268355
0.0251622
0.0231598
0.022427
0.0203657
0.0191862
0.0181124
0.0171837
0.015867
0.0161648
0.0150519
0.013453
0.0135393
0.0127986
0.0125948
0.0113408
0.0108001
0.0095343
0.00915418
0.00875055
0.00826854
0.00751223
0.00730061
0.00587027
0.00467114
0.00450263
0.00306054
0.0024257
0.00257853
0.00280582
0.00256286
0.00231206
0.0019437
0.00199072
0.00216706
0.0014421
0.0011286
0.00109333
0.00172816
0.00185356
0.0017987
0.00119913
0.00099536
0.0010463
0.00132062
0.000791586
0.00139899
0.00197505
0.00192018
0.00214355
0.00190451
0.00184181
0.00173208
0.00130886
0.0011913
0.00124224
0.000677942
0.000838611
0.000775911
0.00136372
0.00141858
0.00121873
0.00164979
0.00174776
0.00171249
0.00114427
0.00115211
0.001254
0.00120697
0.0011717
0.00121481
0.000595649
0.000548624
0.000544705
0.00172425
0.00318202
0.00404414
0.00468681
0.00646592
0.00813139
0.00954213
0.0105453
0.0112742
0.0120423
0.0102553
0.0097224
0.00858596
0.00711643
0.0066501
0.00527463
0.00436156
0.0035974
0.00680685
0.0134687
0.0170073
0.0237515
0.0285519
0.0290104
0.0316438
0.033611
0.0348219
0.0364482
0.0429533
0.048706
0.0578798
0.0657565
0.0708979
0.0801618
0.0834692
0.0867217
0.0898371
0.0923412
0.0906091
0.0945357
0.10135
0.100684
0.101887
0.101923
0.102232
0.10233
0.104701
0.103274
0.101139
0.100578
0.098623
0.0950726
0.0912283
0.0901546
0.0865532
0.0880619
0.0890965
0.0876113
0.0850798
0.0846997
0.0836651
0.0817567
0.0773403
0.0695929
0.0643261
0.0599371
0.0541021
0.0468015
0.0460609
0.0482123
0.0501677
0.0508692
0.050105
0.052664
0.051649
0.0517862
0.0570138
0.0572332
0.0591025
0.0587419
0.0565709
0.0609403
0.062598
0.0619631
0.0624373
0.0649022
0.0654586
0.0650276
0.0670614
0.0656036
0.0643849
0.0646436
0.0635228
0.0627469
0.0633229
0.0625666
0.0643457
0.0675748
0.0647494
0.0679666
0.0679823
0.0678765
0.0698359
0.0685231
0.0678765
0.0667283
0.0671124
0.0670105
0.068237
0.0638912
0.0620807
0.0576408
0.0527463
0.0472679
0.0422244
0.0338501
0.0314322
0.0252367
0.020883
0.0175129
0.0143896
0.0119757
0.0118581
0.013551
0.0134217
0.0114114
0.00933052
0.0060427
0.00583501
0.00633269
0.00640322
0.00680293
0.00714386
0.00634444
0.00721832
0.00799815
0.00833516
0.00903662
0.00859772
0.00946768
0.0090131
0.010706
0.0108157
0.0115368
0.0112507
0.0119051
0.0128025
0.018038
0.0245979
0.0276663
0.0364012
0.0473933
0.0530715
0.0648277
0.0764311
0.0834496
0.0955154
0.110701
0.117076
0.132837
0.148222
0.157353
0.172609
0.186818
0.196313
0.212956
0.226299
0.235085
0.251865
0.269088
0.277815
0.293761
0.308103
0.313535
0.32377
0.333493
0.332141
0.339175
0.334304
0.329899
0.327528
0.317888
0.312488
0.303953
0.299337
0.300716
0.294364
0.284026
0.277486
0.269555
0.258359
0.253276
0.247645
0.242825
0.239623
0.233812
0.228992
0.225159
0.222812
0.215531
0.214073
0.209852
0.202999
0.203128
0.192512
0.184067
0.177813
0.160774
0.147525
0.140761
0.121998
0.110724
0.10233
0.0886733
0.0750361
0.0688405
0.0568492
0.0456964
0.0390894
0.0286813
0.0204833
0.0176618
0.0121207
0.00803342
0.00556461
0.000928742
0
3.91874e-06
0
0
0
0.00090131
0.00210045
0.0026765
0.00340147
0.00358957
0.00309581
0.00211612
0.000905229
0.000376199
0
0
0
0
3.91874e-06
0
0
7.83748e-06
3.91874e-06
0
0
3.91874e-06
3.91874e-06
3.91874e-06
7.83748e-06
0
0
3.91874e-06
0
0
3.91874e-06
3.91874e-06
0
1.5675e-05
7.83748e-06
3.91874e-06
3.91874e-06
3.91874e-06
0
0
3.91874e-06
3.91874e-06
3.91874e-06
3.91874e-06
0
0
3.91874e-06
0
7.83748e-06
0
3.91874e-06
0
7.83748e-06
3.91874e-06
0
7.83748e-06
0
3.91874e-06
0
3.91874e-06
7.83748e-06
0
3.91874e-06
7.83748e-06
3.91874e-06
0
0
7.83748e-06
3.91874e-06
3.91874e-06
3.91874e-06
3.91874e-06
3.91874e-06
3.91874e-06
0
0
0
7.83748e-06
0
3.91874e-06
3.91874e-06
0
3.91874e-06
0
3.91874e-06
0
3.91874e-06
0
7.83748e-06
7.83748e-06
3.91874e-06
0
3.91874e-06
0
7.83748e-06
0
3.91874e-06
3.91874e-06
3.91874e-06
3.91874e-06
3.91874e-06
0
0
3.91874e-06
0
1.17562e-05
0
0
7.83748e-06
0
0
0
7.83748e-06
7.83748e-06
0
3.91874e-06
7.83748e-06
0
1.17562e-05
0
0
3.91874e-06
0
0
3.91874e-06
3.91874e-06
0
0
0
0.00280582
0.00632093
0.0139194
0.0212709
0.0260557
0.03202
0.0389719
0.0407745
0.0438664
0.0465194
0.0465742
0.0499169
0.0500541
0.0510338
0.0519664
0.0520448
0.0535731
0.0556148
0.0541923
0.0551288
0.0562653
0.0560302
0.0586087
0.0596668
0.0587537
0.058785
0.060811
0.0626332
0.0621395
0.0630369
0.0677472
0.0674611
0.0747657
0.0861849
0.0895354
0.0997751
0.112632
0.116818
0.125784
0.137446
0.140185
0.146929
0.152984
0.154022
0.160896
0.168008
0.169529
0.17507
0.179655
0.18154
0.183232
0.184972
0.186614
0.188746
0.191235
0.190055
0.194248
0.195055
0.192884
0.19147
0.194221
0.191963
0.191881
0.190992
0.19156
0.188746
0.18527
0.18422
0.181743
0.178659
0.178087
0.178346
0.182343
0.182915
0.184894
0.1873
0.190032
0.191677
0.194189
0.19462
0.196842
0.196799
0.196211
0.198676
0.200604
0.200326
0.201843
0.204735
0.203849
0.205036
0.205946
0.205753
0.207623
0.207881
0.209954
0.214614
0.220621
0.222737
0.229897
0.236911
0.24025
0.248711
0.255659
0.259346
0.266952
0.263575
0.262156
0.263042
0.264907
0.265252
0.261458
0.261016
0.268089
0.266153
0.265463
0.266071
0.267078
0.268406
0.268406
0.268058
0.268963
0.267975
0.267889
0.267705
0.26649
0.267148
0.266063
0.263751
0.266098
0.270695
0.274347
0.278791
0.286766
0.288051
0.294975
0.297699
0.299552
0.308091
0.306912
0.305478
0.304443
0.304243
0.303749
0.301477
0.297675
0.294889
0.290967
0.286946
0.284587
0.281577
0.27885
0.277184
0.275248
0.275417
0.271247
0.268367
0.268316
0.26618
0.264707
0.265714
0.26725
0.270225
0.284124
0.282714
0.28789
0.290872
0.291413
0.293098
0.293702
0.293286
0.294305
0.292765
0.291127
0.295426
0.302006
0.304561
0.312469
0.319009
0.322128
0.327987
0.335393
0.340229
0.347698
0.355128
0.356598
0.3613
0.367707
0.390969
0.392568
0.396118
0.395287
0.39747
0.399284
0.396439
0.398172
0.398567
0.397678
0.398156
0.398168
0.397192
0.396263
0.396494
0.396279
0.395687
0.394989
0.393065
0.389891
0.385929
0.383696
0.380949
0.377332
0.374306
0.388994
0.379123
0.3775
0.377594
0.373013
0.369921
0.365893
0.365234
0.364854
0.365113
0.367288
0.367766
0.374271
0.378221
0.380866
0.386451
0.391376
0.393351
0.399312
0.406213
0.406785
0.411366
0.417217
0.421402
0.424678
0.452164
0.44832
0.451345
0.450557
0.450781
0.452501
0.449911
0.450459
0.452658
0.454398
0.451478
0.449139
0.449448
0.451196
0.453441
0.452266
0.452681
0.450369
0.449915
0.444185
0.445541
0.441101
0.435858
0.433977
0.433272
0.475288
0.46883
0.465213
0.461663
0.457309
0.456533
0.449703
0.452152
0.459664
0.455652
0.457313
0.461561
0.460973
0.463912
0.466028
0.46385
0.465797
0.467784
0.46642
0.468391
0.469849
0.469324
0.4697
0.471319
0.467541
0.505549
0.498319
0.492096
0.490042
0.484682
0.483255
0.479779
0.477604
0.476437
0.471056
0.470347
0.465805
0.46644
0.462082
0.459226
0.458113
0.455248
0.452513
0.451227
0.448484
0.446258
0.44658
0.445682
0.443825
0.444048
0.472146
0.461671
0.459555
0.457975
0.45359
0.452705
0.451419
0.446399
0.442536
0.442618
0.438374
0.437108
0.433887
0.431775
0.430019
0.42909
0.423918
0.430815
0.432527
0.430548
0.430231
0.427578
0.428938
0.424643
0.421743
0.469975
0.457858
0.449354
0.442406
0.439785
0.432033
0.427879
0.424878
0.421453
0.416033
0.410167
0.405315
0.401107
0.397717
0.39566
0.391898
0.388786
0.384303
0.380976
0.3756
0.372421
0.368981
0.367076
0.364843
0.36246
0.400797
0.386157
0.381423
0.375494
0.371834
0.367394
0.364086
0.357311
0.352252
0.350112
0.347075
0.340543
0.339116
0.337329
0.331631
0.328955
0.327736
0.325585
0.322567
0.318398
0.315039
0.311391
0.306751
0.306034
0.302593
0.375059
0.359278
0.353619
0.34811
0.34164
0.337302
0.332482
0.328547
0.325561
0.322795
0.319464
0.316975
0.311403
0.3094
0.305674
0.303107
0.298773
0.296143
0.291805
0.289521
0.286597
0.282584
0.280821
0.279798
0.276761
0.318143
0.306618
0.298808
0.293855
0.286327
0.281166
0.275546
0.271408
0.268105
0.262552
0.260859
0.255643
0.25194
0.249894
0.249992
0.242535
0.241277
0.23873
0.236786
0.235297
0.233424
0.229591
0.226119
0.220014
0.217067
0.24308
0.229121
0.22213
0.217902
0.213289
0.20957
0.208802
0.205056
0.202434
0.200553
0.195737
0.192665
0.189393
0.186795
0.184886
0.182747
0.183444
0.182331
0.179882
0.178381
0.178264
0.176986
0.171625
0.169356
0.168667
0.246226
0.228996
0.222804
0.217902
0.209668
0.205126
0.20002
0.195416
0.19089
0.187022
0.182993
0.176963
0.174509
0.168576
0.162236
0.159246
0.153489
0.151957