0
0
0
0
0
0
0
0
0
0
0
0
0.158021
0.158021
0.158021
0.158021
0.158021
0.158021
0.158021
0.158021
0.158021
0.158021
0.158021
0.158021
0.192396
0.192396
0.192396
0.192396
0.192396
0.192396
0.192396
0.192396
0.192396
0.192396
0.192396
0.192396
0.197465
0.197465
0.197465
0.197465
0.197465
0.197465
0.197465
0.197465
0.197465
0.197465
0.197465
0.197465
0.200972
0.200972
0.200972
0.200972
0.200972
0.200972
0.200972
0.200972
0.200972
0.200972
0.200972
0.200972
0.220451
0.220451
0.220451
0.220451
0.220451
0.220451
0.220451
0.220451
0.220451
0.220451
0.220451
0.220451
0.221424
0.221424
0.221424
0.221424
0.221424
0.221424
0.221424
0.221424
0.221424
0.221424
0.221424
0.221424
0.229722
0.229722
0.229722
0.229722
0.229722
0.229722
0.229722
0.229722
0.229722
0.229722
0.229722
0.229722
0.336806
0.336806
0.336806
0.336806
0.336806
0.336806
0.336806
0.336806
0.336806
0.336806
0.336806
0.336806
0.355104
0.355104
0.355104
0.355104
0.355104
0.355104
0.355104
0.355104
0.355104
0.355104
0.355104
0.355104
0.337326
0.337326
0.337326
0.337326
0.337326
0.337326
0.337326
0.337326
0.337326
0.337326
0.337326
0.337326
0.341285
0.341285
0.341285
0.341285
0.341285
0.341285
0.341285
0.341285
0.341285
0.341285
0.341285
0.341285
0.340104
0.340104
0.340104
0.340104
0.340104
0.340104
0.340104
0.340104
0.340104
0.340104
0.340104
0.340104
0.329271
0.329271
0.329271
0.329271
0.329271
0.329271
0.329271
0.329271
0.329271
0.329271
0.329271
0.329271
0.318958
0.318958
0.318958
0.318958
0.318958
0.318958
0.318958
0.318958
0.318958
0.318958
0.318958
0.318958
0.307604
0.307604
0.307604
0.307604
0.307604
0.307604
0.307604
0.307604
0.307604
0.307604
0.307604
0.307604
0.296771
0.296771
0.296771
0.296771
0.296771
0.296771
0.296771
0.296771
0.296771
0.296771
0.296771
0.296771
0.296979
0.296979
0.296979
0.296979
0.296979
0.296979
0.296979
0.296979
0.296979
0.296979
0.296979
0.296979
0.292812
0.292812
0.292812
0.292812
0.292812
0.292812
0.292812
0.292812
0.292812
0.292812
0.292812
0.292812
0.288021
0.288021
0.288021
0.288021
0.288021
0.288021
0.288021
0.288021
0.288021
0.288021
0.288021
0.288021
0.283438
0.283438
0.283438
0.283438
0.283438
0.283438
0.283438
0.283438
0.283438
0.283438
0.283438
0.283438
0.289167
0.289167
0.289167
0.289167
0.289167
0.289167
0.289167
0.289167
0.289167
0.289167
0.289167
0.289167
0.285208
0.285208
0.285208
0.285208
0.285208
0.285208
0.285208
0.285208
0.285208
0.285208
0.285208
0.285208
0.284271
0.284271
0.284271
0.284271
0.284271
0.284271
0.284271
0.284271
0.284271
0.284271
0.284271
0.284271
0.316042
0.316042
0.316042
0.316042
0.316042
0.316042
0.316042
0.316042
0.316042
0.316042
0.316042
0.316042
0.302812
0.302812
0.302812
0.302812
0.302812
0.302812
0.302812
0.302812
0.302812
0.302812
0.302812
0.302812
0.293229
0.293229
0.293229
0.293229
0.293229
0.293229
0.293229
0.293229
0.293229
0.293229
0.293229
0.293229
0.286042
0.286042
0.286042
0.286042
0.286042
0.286042
0.286042
0.286042
0.286042
0.286042
0.286042
0.286042
0.278229
0.278229
0.278229
0.278229
0.278229
0.278229
0.278229
0.278229
0.278229
0.278229
0.278229
0.278229
0.288229
0.288229
0.288229
0.288229
0.288229
0.288229
0.288229
0.288229
0.288229
0.288229
0.288229
0.288229
0.2875
0.2875
0.2875
0.2875
0.2875
0.2875
0.2875
0.2875
0.2875
0.2875
0.2875
0.2875
0.285556
0.285556
0.285556
0.285556
0.285556
0.285556
0.285556
0.285556
0.285556
0.285556
0.285556
0.285556
0.283438
0.283438
0.283438
0.283438
0.283438
0.283438
0.283438
0.283438
0.283438
0.283438
0.283438
0.283438
0.303333
0.303333
0.303333
0.303333
0.303333
0.303333
0.303333
0.303333
0.303333
0.303333
0.303333
0.303333
0.334479
0.334479
0.334479
0.334479
0.334479
0.334479
0.334479
0.334479
0.334479
0.334479
0.334479
0.334479
0.425104
0.425104
0.425104
0.425104
0.425104
0.425104
0.425104
0.425104
0.425104
0.425104
0.425104
0.425104
0.520521
0.520521
0.520521
0.520521
0.520521
0.520521
0.520521
0.520521
0.520521
0.520521
0.520521
0.520521
0.585625
0.585625
0.585625
0.585625
0.585625
0.585625
0.585625
0.585625
0.585625
0.585625
0.585625
0.585625
0.625208
0.625208
0.625208
0.625208
0.625208
0.625208
0.625208
0.625208
0.625208
0.625208
0.625208
0.625208
0.65
0.65
0.65
0.65
0.65
0.65
0.65
0.65
0.65
0.65
0.65
0.65
0.664896
0.664896
0.664896
0.664896
0.664896
0.664896
0.664896
0.664896
0.664896
0.664896
0.664896
0.664896
0.668993
0.668993
0.668993
0.668993
0.668993
0.668993
0.668993
0.668993
0.668993
0.668993
0.668993
0.668993
0.682292
0.682292
0.682292
0.682292
0.682292
0.682292
0.682292
0.682292
0.682292
0.682292
0.682292
0.682292
0.711493
0.711493
0.711493
0.711493
0.711493
0.711493
0.711493
0.711493
0.711493
0.711493
0.711493
0.711493
0.754549
0.754549
0.754549
0.754549
0.754549
0.754549
0.754549
0.754549
0.754549
0.754549
0.754549
0.754549
0.756424
0.756424
0.756424
0.756424
0.756424
0.756424
0.756424
0.756424
0.756424
0.756424
0.756424
0.756424
0.767326
0.767326
0.767326
0.767326
0.767326
0.767326
0.767326
0.767326
0.767326
0.767326
0.767326
0.767326
0.760347
0.760347
0.760347
0.760347
0.760347
0.760347
0.760347
0.760347
0.760347
0.760347
0.760347
0.760347
0.761076
0.761076
0.761076
0.761076
0.761076
0.761076
0.761076
0.761076
0.761076
0.761076
0.761076
0.761076
0.79066
0.79066
0.79066
0.79066
0.79066
0.79066
0.79066
0.79066
0.79066
0.79066
0.79066
0.79066
0.830451
0.830451
0.830451
0.830451
0.830451
0.830451
0.830451
0.830451
0.830451
0.830451
0.830451
0.830451
0.884826
0.884826
0.884826
0.884826
0.884826
0.884826
0.884826
0.884826
0.884826
0.884826
0.884826
0.884826
0.934514
0.934514
0.934514
0.934514
0.934514
0.934514
0.934514
0.934514
0.934514
0.934514
0.934514
0.934514
0.941701
0.941701
0.941701
0.941701
0.941701
0.941701
0.941701
0.941701
0.941701
0.941701
0.941701
0.941701
0.960764
0.960764
0.960764
0.960764
0.960764
0.960764
0.960764
0.960764
0.960764
0.960764
0.960764
0.960764
0.958368
0.958368
0.958368
0.958368
0.958368
0.958368
0.958368
0.958368
0.958368
0.958368
0.958368
0.958368
0.950764
0.950764
0.950764
0.950764
0.950764
0.950764
0.950764
0.950764
0.950764
0.950764
0.950764
0.950764
0.947326
0.947326
0.947326
0.947326
0.947326
0.947326
0.947326
0.947326
0.947326
0.947326
0.947326
0.947326
0.952917
0.952917
0.952917
0.952917
0.952917
0.952917
0.952917
0.952917
0.952917
0.952917
0.952917
0.952917
0.95316
0.95316
0.95316
0.95316
0.95316
0.95316
0.95316
0.95316
0.95316
0.95316
0.95316
0.95316
0.975833
0.975833
0.975833
0.975833
0.975833
0.975833
0.975833
0.975833
0.975833
0.975833
0.975833
0.975833
0.972986
0.972986
0.972986
0.972986
0.972986
0.972986
0.972986
0.972986
0.972986
0.972986
0.972986
0.972986
0.978993
0.978993
0.978993
0.978993
0.978993
0.978993
0.978993
0.978993
0.978993
0.978993
0.978993
0.978993
0.979514
0.979514
0.979514
0.979514
0.979514
0.979514
0.979514
0.979514
0.979514
0.979514
0.979514
0.979514
0.982222
0.982222
0.982222
0.982222
0.982222
0.982222
0.982222
0.982222
0.982222
0.982222
0.982222
0.982222
0.982118
0.982118
0.982118
0.982118
0.982118
0.982118
0.982118
0.982118
0.982118
0.982118
0.982118
0.982118
0.980035
0.980035
0.980035
0.980035
0.980035
0.980035
0.980035
0.980035
0.980035
0.980035
0.980035
0.980035
0.97691
0.97691
0.97691
0.97691
0.97691
0.97691
0.97691
0.97691
0.97691
0.97691
0.97691
0.97691
0.978264
0.978264
0.978264
0.978264
0.978264
0.978264
0.978264
0.978264
0.978264
0.978264
0.978264
0.978264
0.986285
0.986285
0.986285
0.986285
0.986285
0.986285
0.986285
0.986285
0.986285
0.986285
0.986285
0.986285
0.985347
0.985347
0.985347
0.985347
0.985347
0.985347
0.985347
0.985347
0.985347
0.985347
0.985347
0.985347
0.985972
0.985972
0.985972
0.985972
0.985972
0.985972
0.985972
0.985972
0.985972
0.985972
0.985972
0.985972
0.984514
0.984514
0.984514
0.984514
0.984514
0.984514
0.984514
0.984514
0.984514
0.984514
0.984514
0.984514
0.985764
0.985764
0.985764
0.985764
0.985764
0.985764
0.985764
0.985764
0.985764
0.985764
0.985764
0.985764
0.984931
0.984931
0.984931
0.984931
0.984931
0.984931
0.984931
0.984931
0.984931
0.984931
0.984931
0.984931
0.983472
0.983472
0.983472
0.983472
0.983472
0.983472
0.983472
0.983472
0.983472
0.983472
0.983472
0.983472
0.983889
0.983889
0.983889
0.983889
0.983889
0.983889
0.983889
0.983889
0.983889
0.983889
0.983889
0.983889
0.982951
0.982951
0.982951
0.982951
0.982951
0.982951
0.982951
0.982951
0.982951
0.982951
0.982951
0.982951
0.982431
0.982431
0.982431
0.982431
0.982431
0.982431
0.982431
0.982431
0.982431
0.982431
0.982431
0.982431
0.981076
0.981076
0.981076
0.981076
0.981076
0.981076
0.981076
0.981076
0.981076
0.981076
0.981076
0.981076
0.981285
0.981285
0.981285
0.981285
0.981285
0.981285
0.981285
0.981285
0.981285
0.981285
0.981285
0.981285
0.979826
0.979826
0.979826
0.979826
0.979826
0.979826
0.979826
0.979826
0.979826
0.979826
0.979826
0.979826
0.981806
0.981806
0.981806
0.981806
0.981806
0.981806
0.981806
0.981806
0.981806
0.981806
0.981806
0.981806
0.980347
0.980347
0.980347
0.980347
0.980347
0.980347
0.980347
0.980347
0.980347
0.980347
0.980347
0.980347
0.979722
0.979722
0.979722
0.979722
0.979722
0.979722
0.979722
0.979722
0.979722
0.979722
0.979722
0.979722
0.980764
0.980764
0.980764
0.980764
0.980764
0.980764
0.980764
0.980764
0.980764
0.980764
0.980764
0.980764
0.978889
0.978889
0.978889
0.978889
0.978889
0.978889
0.978889
0.978889
0.978889
0.978889
0.978889
0.978889
0.977743
0.977743
0.977743
0.977743
0.977743
0.977743
0.977743
0.977743
0.977743
0.977743
0.977743
0.977743
0.977951
0.977951
0.977951
0.977951
0.977951
0.977951
0.977951
0.977951
0.977951
0.977951
0.977951
0.977951
0.977014
0.977014
0.977014
0.977014
0.977014
0.977014
0.977014
0.977014
0.977014
0.977014
0.977014
0.977014
0.975556
0.975556
0.975556
0.975556
0.975556
0.975556
0.975556
0.975556
0.975556
0.975556
0.975556
0.975556
0.976076
0.976076
0.976076
0.976076
0.976076
0.976076
0.976076
0.976076
0.976076
0.976076
0.976076
0.976076
0.976493
0.976493
0.976493
0.976493
0.976493
0.976493
0.976493
0.976493
0.976493
0.976493
0.976493
0.976493
0.975035
0.975035
0.975035
0.975035
0.975035
0.975035
0.975035
0.975035
0.975035
0.975035
0.975035
0.975035
0.975243
0.975243
0.975243
0.975243
0.975243
0.975243
0.975243
0.975243
0.975243
0.975243
0.975243
0.975243
0.975556
0.975556
0.975556
0.975556
0.975556
0.975556
0.975556
0.975556
0.975556
0.975556
0.975556
0.975556
0.973368
0.973368
0.973368
0.973368
0.973368
0.973368
0.973368
0.973368
0.973368
0.973368
0.973368
0.973368
0.973681
0.973681
0.973681
0.973681
0.973681
0.973681
0.973681
0.973681
0.973681
0.973681
0.973681
0.973681
0.972326
0.972326
0.972326
0.972326
0.972326
0.972326
0.972326
0.972326
0.972326
0.972326
0.972326
0.972326
0.972639
0.972639
0.972639
0.972639
0.972639
0.972639
0.972639
0.972639
0.972639
0.972639
0.972639
0.972639
0.96941
0.96941
0.96941
0.96941
0.96941
0.96941
0.96941
0.96941
0.96941
0.96941
0.96941
0.96941
0.969722
0.969722
0.969722
0.969722
0.969722
0.969722
0.969722
0.969722
0.969722
0.969722
0.969722
0.969722
0.967118
0.967118
0.967118
0.967118
0.967118
0.967118
0.967118
0.967118
0.967118
0.967118
0.967118
0.967118
0.966701
0.966701
0.966701
0.966701
0.966701
0.966701
0.966701
0.966701
0.966701
0.966701
0.966701
0.966701
0.965139
0.965139
0.965139
0.965139
0.965139
0.965139
0.965139
0.965139
0.965139
0.965139
0.965139
0.965139
0.965347
0.965347
0.965347
0.965347
0.965347
0.965347
0.965347
0.965347
0.965347
0.965347
0.965347
0.965347
0.959201
0.959201
0.959201
0.959201
0.959201
0.959201
0.959201
0.959201
0.959201
0.959201
0.959201
0.959201
0.957118
0.957118
0.957118
0.957118
0.957118
0.957118
0.957118
0.957118
0.957118
0.957118
0.957118
0.957118
0.954028
0.954028
0.954028
0.954028
0.954028
0.954028
0.954028
0.954028
0.954028
0.954028
0.954028
0.954028
0.951319
0.951319
0.951319
0.951319
0.951319
0.951319
0.951319
0.951319
0.951319
0.951319
0.951319
0.951319
0.951007
0.951007
0.951007
0.951007
0.951007
0.951007
0.951007
0.951007
0.951007
0.951007
0.951007
0.951007
0.950035
0.950035
0.950035
0.950035
0.950035
0.950035
0.950035
0.950035
0.950035
0.950035
0.950035
0.950035
0.947187
0.947187
0.947187
0.947187
0.947187
0.947187
0.947187
0.947187
0.947187
0.947187
0.947187
0.947187
0.945278
0.945278
0.945278
0.945278
0.945278
0.945278
0.945278
0.945278
0.945278
0.945278
0.945278
0.945278
0.940312
0.940312
0.940312
0.940312
0.940312
0.940312
0.940312
0.940312
0.940312
0.940312
0.940312
0.940312
0.935764
0.935764
0.935764
0.935764
0.935764
0.935764
0.935764
0.935764
0.935764
0.935764
0.935764
0.935764
0.936493
0.936493
0.936493
0.936493
0.936493
0.936493
0.936493
0.936493
0.936493
0.936493
0.936493
0.936493
0.932014
0.932014
0.932014
0.932014
0.932014
0.932014
0.932014
0.932014
0.932014
0.932014
0.932014
0.932014
0.932639
0.932639
0.932639
0.932639
0.932639
0.932639
0.932639
0.932639
0.932639
0.932639
0.932639
0.932639
0.93434
0.93434
0.93434
0.93434
0.93434
0.93434
0.93434
0.93434
0.93434
0.93434
0.93434
0.93434
0.943785
0.943785
0.943785
0.943785
0.943785
0.943785
0.943785
0.943785
0.943785
0.943785
0.943785
0.943785
0.952917
0.952917
0.952917
0.952917
0.952917
0.952917
0.952917
0.952917
0.952917
0.952917
0.952917
0.952917
0.964549
0.964549
0.964549
0.964549
0.964549
0.964549
0.964549
0.964549
0.964549
0.964549
0.964549
0.964549
0.969201
0.969201
0.969201
0.969201
0.969201
0.969201
0.969201
0.969201
0.969201
0.969201
0.969201
0.969201
0.970799
0.970799
0.970799
0.970799
0.970799
0.970799
0.970799
0.970799
0.970799
0.970799
0.970799
0.970799
0.977257
0.977257
0.977257
0.977257
0.977257
0.977257
0.977257
0.977257
0.977257
0.977257
0.977257
0.977257
0.97934
0.97934
0.97934
0.97934
0.97934
0.97934
0.97934
0.97934
0.97934
0.97934
0.97934
0.97934
0.98691
0.98691
0.98691
0.98691
0.98691
0.98691
0.98691
0.98691
0.98691
0.98691
0.98691
0.98691
0.987222
0.987222
0.987222
0.987222
0.987222
0.987222
0.987222
0.987222
0.987222
0.987222
0.987222
0.987222
0.984618
0.984618
0.984618
0.984618
0.984618
0.984618
0.984618
0.984618
0.984618
0.984618
0.984618
0.984618
0.977014
0.977014
0.977014
0.977014
0.977014
0.977014
0.977014
0.977014
0.977014
0.977014
0.977014
0.977014
0.980104
0.980104
0.980104
0.980104
0.980104
0.980104
0.980104
0.980104
0.980104
0.980104
0.980104
0.980104
0.977153
0.977153
0.977153
0.977153
0.977153
0.977153
0.977153
0.977153
0.977153
0.977153
0.977153
0.977153
0.978889
0.978889
0.978889
0.978889
0.978889
0.978889
0.978889
0.978889
0.978889
0.978889
0.978889
0.978889
0.980243
0.980243
0.980243
0.980243
0.980243
0.980243
0.980243
0.980243
0.980243
0.980243
0.980243
0.980243
0.985347
0.985347
0.985347
0.985347
0.985347
0.985347
0.985347
0.985347
0.985347
0.985347
0.985347
0.985347
0.98816
0.98816
0.98816
0.98816
0.98816
0.98816
0.98816
0.98816
0.98816
0.98816
0.98816
0.98816
0.984618
0.984618
0.984618
0.984618
0.984618
0.984618
0.984618
0.984618
0.984618
0.984618
0.984618
0.984618
0.973993
0.973993
0.973993
0.973993
0.973993
0.973993
0.973993
0.973993
0.973993
0.973993
0.973993
0.973993
0.982257
0.982257
0.982257
0.982257
0.982257
0.982257
0.982257
0.982257
0.982257
0.982257
0.982257
0.982257
0.981806
0.981806
0.981806
0.981806
0.981806
0.981806
0.981806
0.981806
0.981806
0.981806
0.981806
0.981806
0.977535
0.977535
0.977535
0.977535
0.977535
0.977535
0.977535
0.977535
0.977535
0.977535
0.977535
0.977535
0.978507
0.978507
0.978507
0.978507
0.978507
0.978507
0.978507
0.978507
0.978507
0.978507
0.978507
0.978507
0.965556
0.965556
0.965556
0.965556
0.965556
0.965556
0.965556
0.965556
0.965556
0.965556
0.965556
0.965556
0.955208
0.955208
0.955208
0.955208
0.955208
0.955208
0.955208
0.955208
0.955208
0.955208
0.955208
0.955208
0.878889
0.878889
0.878889
0.878889
0.878889
0.878889
0.878889
0.878889
0.878889
0.878889
0.878889
0.878889
0.686493
0.686493
0.686493
0.686493
0.686493
0.686493
0.686493
0.686493
0.686493
0.686493
0.686493
0.686493
0.630243
0.630243
0.630243
0.630243
0.630243
0.630243
0.630243
0.630243
0.630243
0.630243
0.630243
0.630243
0.678785
0.678785
0.678785
0.678785
0.678785
0.678785
0.678785
0.678785
0.678785
0.678785
0.678785
0.678785
0.605347
0.605347
0.605347
0.605347
0.605347
0.605347
0.605347
0.605347
0.605347
0.605347
0.605347
0.605347
0.553715
0.553715
0.553715
0.553715
0.553715
0.553715
0.553715
0.553715
0.553715
0.553715
0.553715
0.553715
0.528576
0.528576
0.528576
0.528576
0.528576
0.528576
0.528576
0.528576
0.528576
0.528576
0.528576
0.528576
0.473021
0.473021
0.473021
0.473021
0.473021
0.473021
0.473021
0.473021
0.473021
0.473021
0.473021
0.473021
0.441528
0.441528
0.441528
0.441528
0.441528
0.441528
0.441528
0.441528
0.441528
0.441528
0.441528
0.441528
0.376771
0.376771
0.376771
0.376771
0.376771
0.376771
0.376771
0.376771
0.376771
0.376771
0.376771
0.376771
0.274549
0.274549
0.274549
0.274549
0.274549
0.274549
0.274549
0.274549
0.274549
0.274549
0.274549
0.274549
0.329583
0.329583
0.329583
0.329583
0.329583
0.329583
0.329583
0.329583
0.329583
0.329583
0.329583
0.329583
0.406875
0.406875
0.406875
0.406875
0.406875
0.406875
0.406875
0.406875
0.406875
0.406875
0.406875
0.406875
0.530104
0.530104
0.530104
0.530104
0.530104
0.530104
0.530104
0.530104
0.530104
0.530104
0.530104
0.530104
0.717535
0.717535
0.717535
0.717535
0.717535
0.717535
0.717535
0.717535
0.717535
0.717535
0.717535
0.717535
0.612431
0.612431
0.612431
0.612431
0.612431
0.612431
0.612431
0.612431
0.612431
0.612431
0.612431
0.612431
0.456701
0.456701
0.456701
0.456701
0.456701
0.456701
0.456701
0.456701
0.456701
0.456701
0.456701
0.456701
0.383368
0.383368
0.383368
0.383368
0.383368
0.383368
0.383368
0.383368
0.383368
0.383368
0.383368
0.383368
0.264444
0.264444
0.264444
0.264444
0.264444
0.264444
0.264444
0.264444
0.264444
0.264444
0.264444
0.264444
0.148576
0.148576
0.148576
0.148576
0.148576
0.148576
0.148576
0.148576
0.148576
0.148576
0.148576
0.148576
0.0987847
0.0987847
0.0987847
0.0987847
0.0987847
0.0987847
0.0987847
0.0987847
0.0987847
0.0987847
0.0987847
0.0987847
0.0969792
0.0969792
0.0969792
0.0969792
0.0969792
0.0969792
0.0969792
0.0969792
0.0969792
0.0969792
0.0969792
0.0969792
0.166319
0.166319
0.166319
0.166319
0.166319
0.166319
0.166319
0.166319
0.166319
0.166319
0.166319
0.166319
0.441528
0.441528
0.441528
0.441528
0.441528
0.441528
0.441528
0.441528
0.441528
0.441528
0.441528
0.441528
0.637778
0.637778
0.637778
0.637778
0.637778
0.637778
0.637778
0.637778
0.637778
0.637778
0.637778
0.637778
0.546042
0.546042
0.546042
0.546042
0.546042
0.546042
0.546042
0.546042
0.546042
0.546042
0.546042
0.546042
0.337118
0.337118
0.337118
0.337118
0.337118
0.337118
0.337118
0.337118
0.337118
0.337118
0.337118
0.337118
0.242326
0.242326
0.242326
0.242326
0.242326
0.242326
0.242326
0.242326
0.242326
0.242326
0.242326
0.242326
0.108993
0.108993
0.108993
0.108993
0.108993
0.108993
0.108993
0.108993
0.108993
0.108993
0.108993
0.108993
0.0850347
0.0850347
0.0850347
0.0850347
0.0850347
0.0850347
0.0850347
0.0850347
0.0850347
0.0850347
0.0850347
0.0850347
0.0998958
0.0998958
0.0998958
0.0998958
0.0998958
0.0998958
0.0998958
0.0998958
0.0998958
0.0998958
0.0998958
0.0998958
0.228507
0.228507
0.228507
0.228507
0.228507
0.228507
0.228507
0.228507
0.228507
0.228507
0.228507
0.228507
0.494688
0.494688
0.494688
0.494688
0.494688
0.494688
0.494688
0.494688
0.494688
0.494688
0.494688
0.494688
0.834931
0.834931
0.834931
0.834931
0.834931
0.834931
0.834931
0.834931
0.834931
0.834931
0.834931
0.834931
0.782882
0.782882
0.782882
0.782882
0.782882
0.782882
0.782882
0.782882
0.782882
0.782882
0.782882
0.782882
0.401597
0.401597
0.401597
0.401597
0.401597
0.401597
0.401597
0.401597
0.401597
0.401597
0.401597
0.401597
0.329479
0.329479
0.329479
0.329479
0.329479
0.329479
0.329479
0.329479
0.329479
0.329479
0.329479
0.329479
0.20684
0.20684
0.20684
0.20684
0.20684
0.20684
0.20684
0.20684
0.20684
0.20684
0.20684
0.20684
0.10125
0.10125
0.10125
0.10125
0.10125
0.10125
0.10125
0.10125
0.10125
0.10125
0.10125
0.10125
0.0688889
0.0688889
0.0688889
0.0688889
0.0688889
0.0688889
0.0688889
0.0688889
0.0688889
0.0688889
0.0688889
0.0688889
0.068125
0.068125
0.068125
0.068125
0.068125
0.068125
0.068125
0.068125
0.068125
0.068125
0.068125
0.068125
0.0671528
0.0671528
0.0671528
0.0671528
0.0671528
0.0671528
0.0671528
0.0671528
0.0671528
0.0671528
0.0671528
0.0671528
0.0666319
0.0666319
0.0666319
0.0666319
0.0666319
0.0666319
0.0666319
0.0666319
0.0666319
0.0666319
0.0666319
0.0666319
0.0695486
0.0695486
0.0695486
0.0695486
0.0695486
0.0695486
0.0695486
0.0695486
0.0695486
0.0695486
0.0695486
0.0695486
0.0903472
0.0903472
0.0903472
0.0903472
0.0903472
0.0903472
0.0903472
0.0903472
0.0903472
0.0903472
0.0903472
0.0903472
0.163264
0.163264
0.163264
0.163264
0.163264
0.163264
0.163264
0.163264
0.163264
0.163264
0.163264
0.163264
0.188889
0.188889
0.188889
0.188889
0.188889
0.188889
0.188889
0.188889
0.188889
0.188889
0.188889
0.188889
0.17059
0.17059
0.17059
0.17059
0.17059
0.17059
0.17059
0.17059
0.17059
0.17059
0.17059
0.17059
0.135208
0.135208
0.135208
0.135208
0.135208
0.135208
0.135208
0.135208
0.135208
0.135208
0.135208
0.135208
0.108368
0.108368
0.108368
0.108368
0.108368
0.108368
0.108368
0.108368
0.108368
0.108368
0.108368
0.108368
0.0788194
0.0788194
0.0788194
0.0788194
0.0788194
0.0788194
0.0788194
0.0788194
0.0788194
0.0788194
0.0788194
0.0788194
0.0770486
0.0770486
0.0770486
0.0770486
0.0770486
0.0770486
0.0770486
0.0770486
0.0770486
0.0770486
0.0770486
0.0770486
0.0793403
0.0793403
0.0793403
0.0793403
0.0793403
0.0793403
0.0793403
0.0793403
0.0793403
0.0793403
0.0793403
0.0793403
0.0814236
0.0814236
0.0814236
0.0814236
0.0814236
0.0814236
0.0814236
0.0814236
0.0814236
0.0814236
0.0814236
0.0814236
0.125694
0.125694
0.125694
0.125694
0.125694
0.125694
0.125694
0.125694
0.125694
0.125694
0.125694
0.125694
0.158438
0.158438
0.158438
0.158438
0.158438
0.158438
0.158438
0.158438
0.158438
0.158438
0.158438
0.158438
0.14559
0.14559
0.14559
0.14559
0.14559
0.14559
0.14559
0.14559
0.14559
0.14559
0.14559
0.14559
0.0677083
0.0677083
0.0677083
0.0677083
0.0677083
0.0677083
0.0677083
0.0677083
0.0677083
0.0677083
0.0677083
0.0677083
0.101736
0.101736
0.101736
0.101736
0.101736
0.101736
0.101736
0.101736
0.101736
0.101736
0.101736
0.101736
0.0988542
0.0988542
0.0988542
0.0988542
0.0988542
0.0988542
0.0988542
0.0988542
0.0988542
0.0988542
0.0988542
0.0988542
0.111667
0.111667
0.111667
0.111667
0.111667
0.111667
0.111667
0.111667
0.111667
0.111667
0.111667
0.111667
0.0723958
0.0723958
0.0723958
0.0723958
0.0723958
0.0723958
0.0723958
0.0723958
0.0723958
0.0723958
0.0723958
0.0723958
0.0729167
0.0729167
0.0729167
0.0729167
0.0729167
0.0729167
0.0729167
0.0729167
0.0729167
0.0729167
0.0729167
0.0729167
0.07875
0.07875
0.07875
0.07875
0.07875
0.07875
0.07875
0.07875
0.07875
0.07875
0.07875
0.07875
0.083125
0.083125
0.083125
0.083125
0.083125
0.083125
0.083125
0.083125
0.083125
0.083125
0.083125
0.083125
0.126215
0.126215
0.126215
0.126215
0.126215
0.126215
0.126215
0.126215
0.126215
0.126215
0.126215
0.126215
0.133646
0.133646
0.133646
0.133646
0.133646
0.133646
0.133646
0.133646
0.133646
0.133646
0.133646
0.133646
0.152083
0.152083
0.152083
0.152083
0.152083
0.152083
0.152083
0.152083
0.152083
0.152083
0.152083
0.152083
0.0977083
0.0977083
0.0977083
0.0977083
0.0977083
0.0977083
0.0977083
0.0977083
0.0977083
0.0977083
0.0977083
0.0977083
0.0551042
0.0551042
0.0551042
0.0551042
0.0551042
0.0551042
0.0551042
0.0551042
0.0551042
0.0551042
0.0551042
0.0551042
0.0542708
0.0542708
0.0542708
0.0542708
0.0542708
0.0542708
0.0542708
0.0542708
0.0542708
0.0542708
0.0542708
0.0542708
0.0538542
0.0538542
0.0538542
0.0538542
0.0538542
0.0538542
0.0538542
0.0538542
0.0538542
0.0538542
0.0538542
0.0538542
0.0539583
0.0539583
0.0539583
0.0539583
0.0539583
0.0539583
0.0539583
0.0539583
0.0539583
0.0539583
0.0539583
0.0539583
0.05375
0.05375
0.05375
0.05375
0.05375
0.05375
0.05375
0.05375
0.05375
0.05375
0.05375
0.05375
0.0779167
0.0779167
0.0779167
0.0779167
0.0779167
0.0779167
0.0779167
0.0779167
0.0779167
0.0779167
0.0779167
0.0779167
0.129792
0.129792
0.129792
0.129792
0.129792
0.129792
0.129792
0.129792
0.129792
0.129792
0.129792
0.129792
0.218229
0.218229
0.218229
0.218229
0.218229
0.218229
0.218229
0.218229
0.218229
0.218229
0.218229
0.218229
0.249375
0.249375
0.249375
0.249375
0.249375
0.249375
0.249375
0.249375
0.249375
0.249375
0.249375
0.249375
0.215139
0.215139
0.215139
0.215139
0.215139
0.215139
0.215139
0.215139
0.215139
0.215139
0.215139
0.215139
0.176458
0.176458
0.176458
0.176458
0.176458
0.176458
0.176458
0.176458
0.176458
0.176458
0.176458
0.176458
0.129896
0.129896
0.129896
0.129896
0.129896
0.129896
0.129896
0.129896
0.129896
0.129896
0.129896
0.129896
0.118229
0.118229
0.118229
0.118229
0.118229
0.118229
0.118229
0.118229
0.118229
0.118229
0.118229
0.118229
0.12
0.12
0.12
0.12
0.12
0.12
0.12
0.12
0.12
0.12
0.12
0.12
0.156979
0.156979
0.156979
0.156979
0.156979
0.156979
0.156979
0.156979
0.156979
0.156979
0.156979
0.156979
0.174479
0.174479
0.174479
0.174479
0.174479
0.174479
0.174479
0.174479
0.174479
0.174479
0.174479
0.174479
0.189167
0.189167
0.189167
0.189167
0.189167
0.189167
0.189167
0.189167
0.189167
0.189167
0.189167
0.189167
0.190278
0.190278
0.190278
0.190278
0.190278
0.190278
0.190278
0.190278
0.190278
0.190278
0.190278
0.190278
0.190208
0.190208
0.190208
0.190208
0.190208
0.190208
0.190208
0.190208
0.190208
0.190208
0.190208
0.190208
0.178021
0.178021
0.178021
0.178021
0.178021
0.178021
0.178021
0.178021
0.178021
0.178021
0.178021
0.178021
0.173437
0.173437
0.173437
0.173437
0.173437
0.173437
0.173437
0.173437
0.173437
0.173437
0.173437
0.173437
0.170694
0.170694
0.170694
0.170694
0.170694
0.170694
0.170694
0.170694
0.170694
0.170694
0.170694
0.170694
0.168854
0.168854
0.168854
0.168854
0.168854
0.168854
0.168854
0.168854
0.168854
0.168854
0.168854
0.168854
0.167708
0.167708
0.167708
0.167708
0.167708
0.167708
0.167708
0.167708
0.167708
0.167708
0.167708
0.167708
0.187083
0.187083
0.187083
0.187083
0.187083
0.187083
0.187083
0.187083
0.187083
0.187083
0.187083
0.187083
0.168854
0.168854
0.168854
0.168854
0.168854
0.168854
0.168854
0.168854
0.168854
0.168854
0.168854
0.168854
0.168958
0.168958
0.168958
0.168958
0.168958
0.168958
0.168958
0.168958
0.168958
0.168958
0.168958
0.168958
0.176563
0.176563
0.176563
0.176563
0.176563
0.176563
0.176563
0.176563
0.176563
0.176563
0.176563
0.176563
0.177569
0.177569
0.177569
0.177569
0.177569
0.177569
0.177569
0.177569
0.177569
0.177569
0.177569
0.177569
0.175937
0.175937
0.175937
0.175937
0.175937
0.175937
0.175937
0.175937
0.175937
0.175937
0.175937
0.175937
0.181146
0.181146
0.181146
0.181146
0.181146
0.181146
0.181146
0.181146
0.181146
0.181146
0.181146
0.181146
0.186458
0.186458
0.186458
0.186458
0.186458
0.186458
0.186458
0.186458
0.186458
0.186458
0.186458
0.186458
0.2425
0.2425
0.2425
0.2425
0.2425
0.2425
0.2425
0.2425
0.2425
0.2425
0.2425
0.2425
0.339687
0.339687
0.339687
0.339687
0.339687
0.339687
0.339687
0.339687
0.339687
0.339687
0.339687
0.339687
0.454896
0.454896
0.454896
0.454896
0.454896
0.454896
0.454896
0.454896
0.454896
0.454896
0.454896
0.454896
0.625451
0.625451
0.625451
0.625451
0.625451
0.625451
0.625451
0.625451
0.625451
0.625451
0.625451
0.625451
0.813819
0.813819
0.813819
0.813819
0.813819
0.813819
0.813819
0.813819
0.813819
0.813819
0.813819
0.813819
0.865521
0.865521
0.865521
0.865521
0.865521
0.865521
0.865521
0.865521
0.865521
0.865521
0.865521
0.865521
0.889062
0.889062
0.889062
0.889062
0.889062
0.889062
0.889062
0.889062
0.889062
0.889062
0.889062
0.889062
0.905694
0.905694
0.905694
0.905694
0.905694
0.905694
0.905694
0.905694
0.905694
0.905694
0.905694
0.905694
0.892917
0.892917
0.892917
0.892917
0.892917
0.892917
0.892917
0.892917
0.892917
0.892917
0.892917
0.892917
0.890694
0.890694
0.890694
0.890694
0.890694
0.890694
0.890694
0.890694
0.890694
0.890694
0.890694
0.890694
0.890972
0.890972
0.890972
0.890972
0.890972
0.890972
0.890972
0.890972
0.890972
0.890972
0.890972
0.890972
0.885556
0.885556
0.885556
0.885556
0.885556
0.885556
0.885556
0.885556
0.885556
0.885556
0.885556
0.885556
0.875
0.875
0.875
0.875
0.875
0.875
0.875
0.875
0.875
0.875
0.875
0.875
0.876076
0.876076
0.876076
0.876076
0.876076
0.876076
0.876076
0.876076
0.876076
0.876076
0.876076
0.876076
0.863646
0.863646
0.863646
0.863646
0.863646
0.863646
0.863646
0.863646
0.863646
0.863646
0.863646
0.863646
0.859306
0.859306
0.859306
0.859306
0.859306
0.859306
0.859306
0.859306
0.859306
0.859306
0.859306
0.859306
0.847986
0.847986
0.847986
0.847986
0.847986
0.847986
0.847986
0.847986
0.847986
0.847986
0.847986
0.847986
0.840451
0.840451
0.840451
0.840451
0.840451
0.840451
0.840451
0.840451
0.840451
0.840451
0.840451
0.840451
0.841076
0.841076
0.841076
0.841076
0.841076
0.841076
0.841076
0.841076
0.841076
0.841076
0.841076
0.841076
0.837118
0.837118
0.837118
0.837118
0.837118
0.837118
0.837118
0.837118
0.837118
0.837118
0.837118
0.837118
0.834861
0.834861
0.834861
0.834861
0.834861
0.834861
0.834861
0.834861
0.834861
0.834861
0.834861
0.834861
0.826632
0.826632
0.826632
0.826632
0.826632
0.826632
0.826632
0.826632
0.826632
0.826632
0.826632
0.826632
0.826111
0.826111
0.826111
0.826111
0.826111
0.826111
0.826111
0.826111
0.826111
0.826111
0.826111
0.826111
0.822049
0.822049
0.822049
0.822049
0.822049
0.822049
0.822049
0.822049
0.822049
0.822049
0.822049
0.822049
0.817187
0.817187
0.817187
0.817187
0.817187
0.817187
0.817187
0.817187
0.817187
0.817187
0.817187
0.817187
0.812813
0.812813
0.812813
0.812813
0.812813
0.812813
0.812813
0.812813
0.812813
0.812813
0.812813
0.812813
0.809167
0.809167
0.809167
0.809167
0.809167
0.809167
0.809167
0.809167
0.809167
0.809167
0.809167
0.809167
0.810937
0.810937
0.810937
0.810937
0.810937
0.810937
0.810937
0.810937
0.810937
0.810937
0.810937
0.810937
0.808472
0.808472
0.808472
0.808472
0.808472
0.808472
0.808472
0.808472
0.808472
0.808472
0.808472
0.808472
0.802639
0.802639
0.802639
0.802639
0.802639
0.802639
0.802639
0.802639
0.802639
0.802639
0.802639
0.802639
0.803889
0.803889
0.803889
0.803889
0.803889
0.803889
0.803889
0.803889
0.803889
0.803889
0.803889
0.803889
0.795868
0.795868
0.795868
0.795868
0.795868
0.795868
0.795868
0.795868
0.795868
0.795868
0.795868
0.795868
0.796389
0.796389
0.796389
0.796389
0.796389
0.796389
0.796389
0.796389
0.796389
0.796389
0.796389
0.796389
0.78691
0.78691
0.78691
0.78691
0.78691
0.78691
0.78691
0.78691
0.78691
0.78691
0.78691
0.78691
0.781806
0.781806
0.781806
0.781806
0.781806
0.781806
0.781806
0.781806
0.781806
0.781806
0.781806
0.781806
0.779097
0.779097
0.779097
0.779097
0.779097
0.779097
0.779097
0.779097
0.779097
0.779097
0.779097
0.779097
0.773785
0.773785
0.773785
0.773785
0.773785
0.773785
0.773785
0.773785
0.773785
0.773785
0.773785
0.773785
0.775451
0.775451
0.775451
0.775451
0.775451
0.775451
0.775451
0.775451
0.775451
0.775451
0.775451
0.775451
0.769826
0.769826
0.769826
0.769826
0.769826
0.769826
0.769826
0.769826
0.769826
0.769826
0.769826
0.769826
0.766493
0.766493
0.766493
0.766493
0.766493
0.766493
0.766493
0.766493
0.766493
0.766493
0.766493
0.766493
0.760799
0.760799
0.760799
0.760799
0.760799
0.760799
0.760799
0.760799
0.760799
0.760799
0.760799
0.760799
0.759583
0.759583
0.759583
0.759583
0.759583
0.759583
0.759583
0.759583
0.759583
0.759583
0.759583
0.759583
0.755
0.755
0.755
0.755
0.755
0.755
0.755
0.755
0.755
0.755
0.755
0.755
0.752153
0.752153
0.752153
0.752153
0.752153
0.752153
0.752153
0.752153
0.752153
0.752153
0.752153
0.752153
0.741736
0.741736
0.741736
0.741736
0.741736
0.741736
0.741736
0.741736
0.741736
0.741736
0.741736
0.741736
0.739028
0.739028
0.739028
0.739028
0.739028
0.739028
0.739028
0.739028
0.739028
0.739028
0.739028
0.739028
0.731771
0.731771
0.731771
0.731771
0.731771
0.731771
0.731771
0.731771
0.731771
0.731771
0.731771
0.731771
0.727222
0.727222
0.727222
0.727222
0.727222
0.727222
0.727222
0.727222
0.727222
0.727222
0.727222
0.727222
0.721944
0.721944
0.721944
0.721944
0.721944
0.721944
0.721944
0.721944
0.721944
0.721944
0.721944
0.721944
0.718715
0.718715
0.718715
0.718715
0.718715
0.718715
0.718715
0.718715
0.718715
0.718715
0.718715
0.718715
0.711632
0.711632
0.711632
0.711632
0.711632
0.711632
0.711632
0.711632
0.711632
0.711632
0.711632
0.711632
0.707222
0.707222
0.707222
0.707222
0.707222
0.707222
0.707222
0.707222
0.707222
0.707222
0.707222
0.707222
0.699757
0.699757
0.699757
0.699757
0.699757
0.699757
0.699757
0.699757
0.699757
0.699757
0.699757
0.699757
0.690556
0.690556
0.690556
0.690556
0.690556
0.690556
0.690556
0.690556
0.690556
0.690556
0.690556
0.690556
0.68941
0.68941
0.68941
0.68941
0.68941
0.68941
0.68941
0.68941
0.68941
0.68941
0.68941
0.68941
0.681076
0.681076
0.681076
0.681076
0.681076
0.681076
0.681076
0.681076
0.681076
0.681076
0.681076
0.681076
0.680764
0.680764
0.680764
0.680764
0.680764
0.680764
0.680764
0.680764
0.680764
0.680764
0.680764
0.680764
0.673611
0.673611
0.673611
0.673611
0.673611
0.673611
0.673611
0.673611
0.673611
0.673611
0.673611
0.673611
0.674653
0.674653
0.674653
0.674653
0.674653
0.674653
0.674653
0.674653
0.674653
0.674653
0.674653
0.674653
0.659653
0.659653
0.659653
0.659653
0.659653
0.659653
0.659653
0.659653
0.659653
0.659653
0.659653
0.659653
0.652986
0.652986
0.652986
0.652986
0.652986
0.652986
0.652986
0.652986
0.652986
0.652986
0.652986
0.652986
0.639861
0.639861
0.639861
0.639861
0.639861
0.639861
0.639861
0.639861
0.639861
0.639861
0.639861
0.639861
0.629549
0.629549
0.629549
0.629549
0.629549
0.629549
0.629549
0.629549
0.629549
0.629549
0.629549
0.629549
0.627153
0.627153
0.627153
0.627153
0.627153
0.627153
0.627153
0.627153
0.627153
0.627153
0.627153
0.627153
0.626181
0.626181
0.626181
0.626181
0.626181
0.626181
0.626181
0.626181
0.626181
0.626181
0.626181
0.626181
0.61941
0.61941
0.61941
0.61941
0.61941
0.61941
0.61941
0.61941
0.61941
0.61941
0.61941
0.61941
0.624097
0.624097
0.624097
0.624097
0.624097
0.624097
0.624097
0.624097
0.624097
0.624097
0.624097
0.624097
0.611458
0.611458
0.611458
0.611458
0.611458
0.611458
0.611458
0.611458
0.611458
0.611458
0.611458
0.611458
0.602604
0.602604
0.602604
0.602604
0.602604
0.602604
0.602604
0.602604
0.602604
0.602604
0.602604
0.602604
0.60625
0.60625
0.60625
0.60625
0.60625
0.60625
0.60625
0.60625
0.60625
0.60625
0.60625
0.60625
0.593993
0.593993
0.593993
0.593993
0.593993
0.593993
0.593993
0.593993
0.593993
0.593993
0.593993
0.593993
0.594618
0.594618
0.594618
0.594618
0.594618
0.594618
0.594618
0.594618
0.594618
0.594618
0.594618
0.594618
0.58816
0.58816
0.58816
0.58816
0.58816
0.58816
0.58816
0.58816
0.58816
0.58816
0.58816
0.58816
0.613542
0.613542
0.613542
0.613542
0.613542
0.613542
0.613542
0.613542
0.613542
0.613542
0.613542
0.613542
0.597639
0.597639
0.597639
0.597639
0.597639
0.597639
0.597639
0.597639
0.597639
0.597639
0.597639
0.597639
0.599375
0.599375
0.599375
0.599375
0.599375
0.599375
0.599375
0.599375
0.599375
0.599375
0.599375
0.599375
0.583646
0.583646
0.583646
0.583646
0.583646
0.583646
0.583646
0.583646
0.583646
0.583646
0.583646
0.583646
0.584201
0.584201
0.584201
0.584201
0.584201
0.584201
0.584201
0.584201
0.584201
0.584201
0.584201
0.584201
0.573472
0.573472
0.573472
0.573472
0.573472
0.573472
0.573472
0.573472
0.573472
0.573472
0.573472
0.573472
0.576111
0.576111
0.576111
0.576111
0.576111
0.576111
0.576111
0.576111
0.576111
0.576111
0.576111
0.576111
0.56625
0.56625
0.56625
0.56625
0.56625
0.56625
0.56625
0.56625
0.56625
0.56625
0.56625
0.56625
0.556458
0.556458
0.556458
0.556458
0.556458
0.556458
0.556458
0.556458
0.556458
0.556458
0.556458
0.556458
0.541632
0.541632
0.541632
0.541632
0.541632
0.541632
0.541632
0.541632
0.541632
0.541632
0.541632
0.541632
0.54309
0.54309
0.54309
0.54309
0.54309
0.54309
0.54309
0.54309
0.54309
0.54309
0.54309
0.54309
0.529653
0.529653
0.529653
0.529653
0.529653
0.529653
0.529653
0.529653
0.529653
0.529653
0.529653
0.529653
0.534236
0.534236
0.534236
0.534236
0.534236
0.534236
0.534236
0.534236
0.534236
0.534236
0.534236
0.534236
0.514236
0.514236
0.514236
0.514236
0.514236
0.514236
0.514236
0.514236
0.514236
0.514236
0.514236
0.514236
0.512049
0.512049
0.512049
0.512049
0.512049
0.512049
0.512049
0.512049
0.512049
0.512049
0.512049
0.512049
0.493403
0.493403
0.493403
0.493403
0.493403
0.493403
0.493403
0.493403
0.493403
0.493403
0.493403
0.493403
0.506736
0.506736
0.506736
0.506736
0.506736
0.506736
0.506736
0.506736
0.506736
0.506736
0.506736
0.506736
0.488993
0.488993
0.488993
0.488993
0.488993
0.488993
0.488993
0.488993
0.488993
0.488993
0.488993
0.488993
0.494028
0.494028
0.494028
0.494028
0.494028
0.494028
0.494028
0.494028
0.494028
0.494028
0.494028
0.494028
0.471528
0.471528
0.471528
0.471528
0.471528
0.471528
0.471528
0.471528
0.471528
0.471528
0.471528
0.471528
0.464132
0.464132
0.464132
0.464132
0.464132
0.464132
0.464132
0.464132
0.464132
0.464132
0.464132
0.464132
0.461215
0.461215
0.461215
0.461215
0.461215
0.461215
0.461215
0.461215
0.461215
0.461215
0.461215
0.461215
0.451111
0.451111
0.451111
0.451111
0.451111
0.451111
0.451111
0.451111
0.451111
0.451111
0.451111
0.451111
0.453715
0.453715
0.453715
0.453715
0.453715
0.453715
0.453715
0.453715
0.453715
0.453715
0.453715
0.453715
0.45434
0.45434
0.45434
0.45434
0.45434
0.45434
0.45434
0.45434
0.45434
0.45434
0.45434
0.45434
0.451944
0.451944
0.451944
0.451944
0.451944
0.451944
0.451944
0.451944
0.451944
0.451944
0.451944
0.451944
0.492153
0.492153
0.492153
0.492153
0.492153
0.492153
0.492153
0.492153
0.492153
0.492153
0.492153
0.492153
0.523924
0.523924
0.523924
0.523924
0.523924
0.523924
0.523924
0.523924
0.523924
0.523924
0.523924
0.523924
0.553229
0.553229
0.553229
0.553229
0.553229
0.553229
0.553229
0.553229
0.553229
0.553229
0.553229
0.553229
0.605347
0.605347
0.605347
0.605347
0.605347
0.605347
0.605347
0.605347
0.605347
0.605347
0.605347
0.605347
0.651493
0.651493
0.651493
0.651493
0.651493
0.651493
0.651493
0.651493
0.651493
0.651493
0.651493
0.651493
0.702535
0.702535
0.702535
0.702535
0.702535
0.702535
0.702535
0.702535
0.702535
0.702535
0.702535
0.702535
0.761979
0.761979
0.761979
0.761979
0.761979
0.761979
0.761979
0.761979
0.761979
0.761979
0.761979
0.761979
0.825972
0.825972
0.825972
0.825972
0.825972
0.825972
0.825972
0.825972
0.825972
0.825972
0.825972
0.825972
0.838611
0.838611
0.838611
0.838611
0.838611
0.838611
0.838611
0.838611
0.838611
0.838611
0.838611
0.838611
0.837465
0.837465
0.837465
0.837465
0.837465
0.837465
0.837465
0.837465
0.837465
0.837465
0.837465
0.837465
0.860868
0.860868
0.860868
0.860868
0.860868
0.860868
0.860868
0.860868
0.860868
0.860868
0.860868
0.860868
0.901389
0.901389
0.901389
0.901389
0.901389
0.901389
0.901389
0.901389
0.901389
0.901389
0.901389
0.901389
0.889931
0.889931
0.889931
0.889931
0.889931
0.889931
0.889931
0.889931
0.889931
0.889931
0.889931
0.889931
0.867951
0.867951
0.867951
0.867951
0.867951
0.867951
0.867951
0.867951
0.867951
0.867951
0.867951
0.867951
0.852917
0.852917
0.852917
0.852917
0.852917
0.852917
0.852917
0.852917
0.852917
0.852917
0.852917
0.852917
0.855208
0.855208
0.855208
0.855208
0.855208
0.855208
0.855208
0.855208
0.855208
0.855208
0.855208
0.855208
0.818889
0.818889
0.818889
0.818889
0.818889
0.818889
0.818889
0.818889
0.818889
0.818889
0.818889
0.818889
0.786285
0.786285
0.786285
0.786285
0.786285
0.786285
0.786285
0.786285
0.786285
0.786285
0.786285
0.786285
0.797431
0.797431
0.797431
0.797431
0.797431
0.797431
0.797431
0.797431
0.797431
0.797431
0.797431
0.797431
0.791146
0.791146
0.791146
0.791146
0.791146
0.791146
0.791146
0.791146
0.791146
0.791146
0.791146
0.791146
0.747951
0.747951
0.747951
0.747951
0.747951
0.747951
0.747951
0.747951
0.747951
0.747951
0.747951
0.747951
0.701493
0.701493
0.701493
0.701493
0.701493
0.701493
0.701493
0.701493
0.701493
0.701493
0.701493
0.701493
0.573056
0.573056
0.573056
0.573056
0.573056
0.573056
0.573056
0.573056
0.573056
0.573056
0.573056
0.573056
0.570556
0.570556
0.570556
0.570556
0.570556
0.570556
0.570556
0.570556
0.570556
0.570556
0.570556
0.570556
0.598993
0.598993
0.598993
0.598993
0.598993
0.598993
0.598993
0.598993
0.598993
0.598993
0.598993
0.598993
0.601458
0.601458
0.601458
0.601458
0.601458
0.601458
0.601458
0.601458
0.601458
0.601458
0.601458
0.601458
0.668229
0.668229
0.668229
0.668229
0.668229
0.668229
0.668229
0.668229
0.668229
0.668229
0.668229
0.668229
0.706979
0.706979
0.706979
0.706979
0.706979
0.706979
0.706979
0.706979
0.706979
0.706979
0.706979
0.706979
0.726007
0.726007
0.726007
0.726007
0.726007
0.726007
0.726007
0.726007
0.726007
0.726007
0.726007
0.726007
0.643472
0.643472
0.643472
0.643472
0.643472
0.643472
0.643472
0.643472
0.643472
0.643472
0.643472
0.643472
0.625347
0.625347
0.625347
0.625347
0.625347
0.625347
0.625347
0.625347
0.625347
0.625347
0.625347
0.625347
0.709549
0.709549
0.709549
0.709549
0.709549
0.709549
0.709549
0.709549
0.709549
0.709549
0.709549
0.709549
0.772951
0.772951
0.772951
0.772951
0.772951
0.772951
0.772951
0.772951
0.772951
0.772951
0.772951
0.772951
0.828576
0.828576
0.828576
0.828576
0.828576
0.828576
0.828576
0.828576
0.828576
0.828576
0.828576
0.828576
0.803056
0.803056
0.803056
0.803056
0.803056
0.803056
0.803056
0.803056
0.803056
0.803056
0.803056
0.803056
0.742604
0.742604
0.742604
0.742604
0.742604
0.742604
0.742604
0.742604
0.742604
0.742604
0.742604
0.742604
0.672882
0.672882
0.672882
0.672882
0.672882
0.672882
0.672882
0.672882
0.672882
0.672882
0.672882
0.672882
0.640694
0.640694
0.640694
0.640694
0.640694
0.640694
0.640694
0.640694
0.640694
0.640694
0.640694
0.640694
0.637813
0.637813
0.637813
0.637813
0.637813
0.637813
0.637813
0.637813
0.637813
0.637813
0.637813
0.637813
0.632569
0.632569
0.632569
0.632569
0.632569
0.632569
0.632569
0.632569
0.632569
0.632569
0.632569
0.632569
0.535972
0.535972
0.535972
0.535972
0.535972
0.535972
0.535972
0.535972
0.535972
0.535972
0.535972
0.535972
0.480104
0.480104
0.480104
0.480104
0.480104
0.480104
0.480104
0.480104
0.480104
0.480104
0.480104
0.480104
0.535382
0.535382
0.535382
0.535382
0.535382
0.535382
0.535382
0.535382
0.535382
0.535382
0.535382
0.535382
0.551667
0.551667
0.551667
0.551667
0.551667
0.551667
0.551667
0.551667
0.551667
0.551667
0.551667
0.551667
0.518646
0.518646
0.518646
0.518646
0.518646
0.518646
0.518646
0.518646
0.518646
0.518646
0.518646
0.518646
0.335972
0.335972
0.335972
0.335972
0.335972
0.335972
0.335972
0.335972
0.335972
0.335972
0.335972
0.335972
0.340417
0.340417
0.340417
0.340417
0.340417
0.340417
0.340417
0.340417
0.340417
0.340417
0.340417
0.340417
0.365729
0.365729
0.365729
0.365729
0.365729
0.365729
0.365729
0.365729
0.365729
0.365729
0.365729
0.365729
0.435833
0.435833
0.435833
0.435833
0.435833
0.435833
0.435833
0.435833
0.435833
0.435833
0.435833
0.435833
0.50625
0.50625
0.50625
0.50625
0.50625
0.50625
0.50625
0.50625
0.50625
0.50625
0.50625
0.50625
0.421597
0.421597
0.421597
0.421597
0.421597
0.421597
0.421597
0.421597
0.421597
0.421597
0.421597
0.421597
0.331354
0.331354
0.331354
0.331354
0.331354
0.331354
0.331354
0.331354
0.331354
0.331354
0.331354
0.331354
0.217882
0.217882
0.217882
0.217882
0.217882
0.217882
0.217882
0.217882
0.217882
0.217882
0.217882
0.217882
0.127604
0.127604
0.127604
0.127604
0.127604
0.127604
0.127604
0.127604
0.127604
0.127604
0.127604
0.127604
0.0582986
0.0582986
0.0582986
0.0582986
0.0582986
0.0582986
0.0582986
0.0582986
0.0582986
0.0582986
0.0582986
0.0582986
0.0405208
0.0405208
0.0405208
0.0405208
0.0405208
0.0405208
0.0405208
0.0405208
0.0405208
0.0405208
0.0405208
0.0405208
0.0401042
0.0401042
0.0401042
0.0401042
0.0401042
0.0401042
0.0401042
0.0401042
0.0401042
0.0401042
0.0401042
0.0401042
0.0403125
0.0403125
0.0403125
0.0403125
0.0403125
0.0403125
0.0403125
0.0403125
0.0403125
0.0403125
0.0403125
0.0403125
0.04125
0.04125
0.04125
0.04125
0.04125
0.04125
0.04125
0.04125
0.04125
0.04125
0.04125
0.04125
0.04125
0.04125
0.04125
0.04125
0.04125
0.04125
0.04125
0.04125
0.04125
0.04125
0.04125
0.04125
0.040625
0.040625
0.040625
0.040625
0.040625
0.040625
0.040625
0.040625
0.040625
0.040625
0.040625
0.040625
0.0385417
0.0385417
0.0385417
0.0385417
0.0385417
0.0385417
0.0385417
0.0385417
0.0385417
0.0385417
0.0385417
0.0385417
0.0383333
0.0383333
0.0383333
0.0383333
0.0383333
0.0383333
0.0383333
0.0383333
0.0383333
0.0383333
0.0383333
0.0383333
0.0375
0.0375
0.0375
0.0375
0.0375
0.0375
0.0375
0.0375
0.0375
0.0375
0.0375
0.0375
0.0495833
0.0495833
0.0495833
0.0495833
0.0495833
0.0495833
0.0495833
0.0495833
0.0495833
0.0495833
0.0495833
0.0495833
0.0667708
0.0667708
0.0667708
0.0667708
0.0667708
0.0667708
0.0667708
0.0667708
0.0667708
0.0667708
0.0667708
0.0667708
0.124271
0.124271
0.124271
0.124271
0.124271
0.124271
0.124271
0.124271
0.124271
0.124271
0.124271
0.124271
0.161042
0.161042
0.161042
0.161042
0.161042
0.161042
0.161042
0.161042
0.161042
0.161042
0.161042
0.161042
0.102292
0.102292
0.102292
0.102292
0.102292
0.102292
0.102292
0.102292
0.102292
0.102292
0.102292
0.102292
0.0861458
0.0861458
0.0861458
0.0861458
0.0861458
0.0861458
0.0861458
0.0861458
0.0861458
0.0861458
0.0861458
0.0861458
0.111875
0.111875
0.111875
0.111875
0.111875
0.111875
0.111875
0.111875
0.111875
0.111875
0.111875
0.111875
0.132396
0.132396
0.132396
0.132396
0.132396
0.132396
0.132396
0.132396
0.132396
0.132396
0.132396
0.132396
0.102083
0.102083
0.102083
0.102083
0.102083
0.102083
0.102083
0.102083
0.102083
0.102083
0.102083
0.102083
0.0591319
0.0591319
0.0591319
0.0591319
0.0591319
0.0591319
0.0591319
0.0591319
0.0591319
0.0591319
0.0591319
0.0591319
0.0388542
0.0388542
0.0388542
0.0388542
0.0388542
0.0388542
0.0388542
0.0388542
0.0388542
0.0388542
0.0388542
0.0388542
0.0451042
0.0451042
0.0451042
0.0451042
0.0451042
0.0451042
0.0451042
0.0451042
0.0451042
0.0451042
0.0451042
0.0451042
0.116875
0.116875
0.116875
0.116875
0.116875
0.116875
0.116875
0.116875
0.116875
0.116875
0.116875
0.116875
0.281007
0.281007
0.281007
0.281007
0.281007
0.281007
0.281007
0.281007
0.281007
0.281007
0.281007
0.281007
0.432326
0.432326
0.432326
0.432326
0.432326
0.432326
0.432326
0.432326
0.432326
0.432326
0.432326
0.432326
0.348264
0.348264
0.348264
0.348264
0.348264
0.348264
0.348264
0.348264
0.348264
0.348264
0.348264
0.348264
0.254201
0.254201
0.254201
0.254201
0.254201
0.254201
0.254201
0.254201
0.254201
0.254201
0.254201
0.254201
0.131215
0.131215
0.131215
0.131215
0.131215
0.131215
0.131215
0.131215
0.131215
0.131215
0.131215
0.131215
0.0277083
0.0277083
0.0277083
0.0277083
0.0277083
0.0277083
0.0277083
0.0277083
0.0277083
0.0277083
0.0277083
0.0277083
0.02875
0.02875
0.02875
0.02875
0.02875
0.02875
0.02875
0.02875
0.02875
0.02875
0.02875
0.02875
0.0272917
0.0272917
0.0272917
0.0272917
0.0272917
0.0272917
0.0272917
0.0272917
0.0272917
0.0272917
0.0272917
0.0272917
0.0253125
0.0253125
0.0253125
0.0253125
0.0253125
0.0253125
0.0253125
0.0253125
0.0253125
0.0253125
0.0253125
0.0253125
0.0240625
0.0240625
0.0240625
0.0240625
0.0240625
0.0240625
0.0240625
0.0240625
0.0240625
0.0240625
0.0240625
0.0240625
0.0232292
0.0232292
0.0232292
0.0232292
0.0232292
0.0232292
0.0232292
0.0232292
0.0232292
0.0232292
0.0232292
0.0232292
0.0229167
0.0229167
0.0229167
0.0229167
0.0229167
0.0229167
0.0229167
0.0229167
0.0229167
0.0229167
0.0229167
0.0229167
0.0220833
0.0220833
0.0220833
0.0220833
0.0220833
0.0220833
0.0220833
0.0220833
0.0220833
0.0220833
0.0220833
0.0220833
0.0221875
0.0221875
0.0221875
0.0221875
0.0221875
0.0221875
0.0221875
0.0221875
0.0221875
0.0221875
0.0221875
0.0221875
0.0216667
0.0216667
0.0216667
0.0216667
0.0216667
0.0216667
0.0216667
0.0216667
0.0216667
0.0216667
0.0216667
0.0216667
0.0205208
0.0205208
0.0205208
0.0205208
0.0205208
0.0205208
0.0205208
0.0205208
0.0205208
0.0205208
0.0205208
0.0205208
0.0191667
0.0191667
0.0191667
0.0191667
0.0191667
0.0191667
0.0191667
0.0191667
0.0191667
0.0191667
0.0191667
0.0191667
0.0670833
0.0670833
0.0670833
0.0670833
0.0670833
0.0670833
0.0670833
0.0670833
0.0670833
0.0670833
0.0670833
0.0670833
0.0828125
0.0828125
0.0828125
0.0828125
0.0828125
0.0828125
0.0828125
0.0828125
0.0828125
0.0828125
0.0828125
0.0828125
0.125938
0.125938
0.125938
0.125938
0.125938
0.125938
0.125938
0.125938
0.125938
0.125938
0.125938
0.125938
0.210313
0.210313
0.210313
0.210313
0.210313
0.210313
0.210313
0.210313
0.210313
0.210313
0.210313
0.210313
0.240313
0.240313
0.240313
0.240313
0.240313
0.240313
0.240313
0.240313
0.240313
0.240313
0.240313
0.240313
0.222812
0.222812
0.222812
0.222812
0.222812
0.222812
0.222812
0.222812
0.222812
0.222812
0.222812
0.222812
0.240521
0.240521
0.240521
0.240521
0.240521
0.240521
0.240521
0.240521
0.240521
0.240521
0.240521
0.240521
0.255729
0.255729
0.255729
0.255729
0.255729
0.255729
0.255729
0.255729
0.255729
0.255729
0.255729
0.255729
0.298542
0.298542
0.298542
0.298542
0.298542
0.298542
0.298542
0.298542
0.298542
0.298542
0.298542
0.298542
0.30375
0.30375
0.30375
0.30375
0.30375
0.30375
0.30375
0.30375
0.30375
0.30375
0.30375
0.30375
0.324167
0.324167
0.324167
0.324167
0.324167
0.324167
0.324167
0.324167
0.324167
0.324167
0.324167
0.324167
0.348333
0.348333
0.348333
0.348333
0.348333
0.348333
0.348333
0.348333
0.348333
0.348333
0.348333
0.348333
0.331458
0.331458
0.331458
0.331458
0.331458
0.331458
0.331458
0.331458
0.331458
0.331458
0.331458
0.331458
0.365729
0.365729
0.365729
0.365729
0.365729
0.365729
0.365729
0.365729
0.365729
0.365729
0.365729
0.365729
0.425938
0.425938
0.425938
0.425938
0.425938
0.425938
0.425938
0.425938
0.425938
0.425938
0.425938
0.425938
0.508507
0.508507
0.508507
0.508507
0.508507
0.508507
0.508507
0.508507
0.508507
0.508507
0.508507
0.508507
0.521319
0.521319
0.521319
0.521319
0.521319
0.521319
0.521319
0.521319
0.521319
0.521319
0.521319
0.521319
0.52125
0.52125
0.52125
0.52125
0.52125
0.52125
0.52125
0.52125
0.52125
0.52125
0.52125
0.52125
0.546007
0.546007
0.546007
0.546007
0.546007
0.546007
0.546007
0.546007
0.546007
0.546007
0.546007
0.546007
0.59941
0.59941
0.59941
0.59941
0.59941
0.59941
0.59941
0.59941
0.59941
0.59941
0.59941
0.59941
0.631354
0.631354
0.631354
0.631354
0.631354
0.631354
0.631354
0.631354
0.631354
0.631354
0.631354
0.631354
0.644549
0.644549
0.644549
0.644549
0.644549
0.644549
0.644549
0.644549
0.644549
0.644549
0.644549
0.644549
0.667604
0.667604
0.667604
0.667604
0.667604
0.667604
0.667604
0.667604
0.667604
0.667604
0.667604
0.667604
0.708299
0.708299
0.708299
0.708299
0.708299
0.708299
0.708299
0.708299
0.708299
0.708299
0.708299
0.708299
0.711528
0.711528
0.711528
0.711528
0.711528
0.711528
0.711528
0.711528
0.711528
0.711528
0.711528
0.711528
0.735243
0.735243
0.735243
0.735243
0.735243
0.735243
0.735243
0.735243
0.735243
0.735243
0.735243
0.735243
0.743854
0.743854
0.743854
0.743854
0.743854
0.743854
0.743854
0.743854
0.743854
0.743854
0.743854
0.743854
0.767986
0.767986
0.767986
0.767986
0.767986
0.767986
0.767986
0.767986
0.767986
0.767986
0.767986
0.767986
0.770556
0.770556
0.770556
0.770556
0.770556
0.770556
0.770556
0.770556
0.770556
0.770556
0.770556
0.770556
0.786076
0.786076
0.786076
0.786076
0.786076
0.786076
0.786076
0.786076
0.786076
0.786076
0.786076
0.786076
0.790972
0.790972
0.790972
0.790972
0.790972
0.790972
0.790972
0.790972
0.790972
0.790972
0.790972
0.790972
0.778368
0.778368
0.778368
0.778368
0.778368
0.778368
0.778368
0.778368
0.778368
0.778368
0.778368
0.778368
0.800764
0.800764
0.800764
0.800764
0.800764
0.800764
0.800764
0.800764
0.800764
0.800764
0.800764
0.800764
0.79441
0.79441
0.79441
0.79441
0.79441
0.79441
0.79441
0.79441
0.79441
0.79441
0.79441
0.79441
0.792951
0.792951
0.792951
0.792951
0.792951
0.792951
0.792951
0.792951
0.792951
0.792951
0.792951
0.792951
0.785972
0.785972
0.785972
0.785972
0.785972
0.785972
0.785972
0.785972
0.785972
0.785972
0.785972
0.785972
0.777014
0.777014
0.777014
0.777014
0.777014
0.777014
0.777014
0.777014
0.777014
0.777014
0.777014
0.777014
0.774097
0.774097
0.774097
0.774097
0.774097
0.774097
0.774097
0.774097
0.774097
0.774097
0.774097
0.774097
0.814792
0.814792
0.814792
0.814792
0.814792
0.814792
0.814792
0.814792
0.814792
0.814792
0.814792
0.814792
0.799618
