0.000173611
0.000173611
0.000173611
0.000173611
0.000173611
0.000173611
0.108819
0.108819
0.108819
0.108819
0.108819
0.108819
0.152569
0.152569
0.152569
0.152569
0.152569
0.152569
0.168507
0.168507
0.168507
0.168507
0.168507
0.168507
0.185278
0.185278
0.185278
0.185278
0.185278
0.185278
0.197049
0.197049
0.197049
0.197049
0.197049
0.197049
0.192882
0.192882
0.192882
0.192882
0.192882
0.192882
0.196007
0.196007
0.196007
0.196007
0.196007
0.196007
0.195382
0.195382
0.195382
0.195382
0.195382
0.195382
0.197674
0.197674
0.197674
0.197674
0.197674
0.197674
0.214653
0.214653
0.214653
0.214653
0.214653
0.214653
0.213819
0.213819
0.213819
0.213819
0.213819
0.213819
0.212882
0.212882
0.212882
0.212882
0.212882
0.212882
0.204549
0.204549
0.204549
0.204549
0.204549
0.204549
0.221111
0.221111
0.221111
0.221111
0.221111
0.221111
0.276424
0.276424
0.276424
0.276424
0.276424
0.276424
0.324965
0.324965
0.324965
0.324965
0.324965
0.324965
0.348403
0.348403
0.348403
0.348403
0.348403
0.348403
0.340799
0.340799
0.340799
0.340799
0.340799
0.340799
0.336528
0.336528
0.336528
0.336528
0.336528
0.336528
0.323194
0.323194
0.323194
0.323194
0.323194
0.323194
0.321944
0.321944
0.321944
0.321944
0.321944
0.321944
0.328194
0.328194
0.328194
0.328194
0.328194
0.328194
0.327986
0.327986
0.327986
0.327986
0.327986
0.327986
0.328819
0.328819
0.328819
0.328819
0.328819
0.328819
0.318229
0.318229
0.318229
0.318229
0.318229
0.318229
0.315694
0.315694
0.315694
0.315694
0.315694
0.315694
0.308403
0.308403
0.308403
0.308403
0.308403
0.308403
0.304861
0.304861
0.304861
0.304861
0.304861
0.304861
0.299444
0.299444
0.299444
0.299444
0.299444
0.299444
0.296632
0.296632
0.296632
0.296632
0.296632
0.296632
0.288646
0.288646
0.288646
0.288646
0.288646
0.288646
0.284583
0.284583
0.284583
0.284583
0.284583
0.284583
0.28434
0.28434
0.28434
0.28434
0.28434
0.28434
0.285069
0.285069
0.285069
0.285069
0.285069
0.285069
0.2825
0.2825
0.2825
0.2825
0.2825
0.2825
0.279653
0.279653
0.279653
0.279653
0.279653
0.279653
0.279861
0.279861
0.279861
0.279861
0.279861
0.279861
0.277153
0.277153
0.277153
0.277153
0.277153
0.277153
0.274549
0.274549
0.274549
0.274549
0.274549
0.274549
0.272049
0.272049
0.272049
0.272049
0.272049
0.272049
0.275625
0.275625
0.275625
0.275625
0.275625
0.275625
0.273299
0.273299
0.273299
0.273299
0.273299
0.273299
0.272778
0.272778
0.272778
0.272778
0.272778
0.272778
0.270278
0.270278
0.270278
0.270278
0.270278
0.270278
0.273403
0.273403
0.273403
0.273403
0.273403
0.273403
0.269444
0.269444
0.269444
0.269444
0.269444
0.269444
0.283611
0.283611
0.283611
0.283611
0.283611
0.283611
0.299236
0.299236
0.299236
0.299236
0.299236
0.299236
0.298403
0.298403
0.298403
0.298403
0.298403
0.298403
0.286007
0.286007
0.286007
0.286007
0.286007
0.286007
0.278889
0.278889
0.278889
0.278889
0.278889
0.278889
0.275069
0.275069
0.275069
0.275069
0.275069
0.275069
0.272049
0.272049
0.272049
0.272049
0.272049
0.272049
0.268125
0.268125
0.268125
0.268125
0.268125
0.268125
0.262049
0.262049
0.262049
0.262049
0.262049
0.262049
0.258924
0.258924
0.258924
0.258924
0.258924
0.258924
0.258542
0.258542
0.258542
0.258542
0.258542
0.258542
0.26875
0.26875
0.26875
0.26875
0.26875
0.26875
0.266111
0.266111
0.266111
0.266111
0.266111
0.266111
0.264444
0.264444
0.264444
0.264444
0.264444
0.264444
0.265382
0.265382
0.265382
0.265382
0.265382
0.265382
0.262882
0.262882
0.262882
0.262882
0.262882
0.262882
0.259132
0.259132
0.259132
0.259132
0.259132
0.259132
0.25934
0.25934
0.25934
0.25934
0.25934
0.25934
0.269444
0.269444
0.269444
0.269444
0.269444
0.269444
0.278611
0.278611
0.278611
0.278611
0.278611
0.278611
0.280903
0.280903
0.280903
0.280903
0.280903
0.280903
0.308819
0.308819
0.308819
0.308819
0.308819
0.308819
0.34559
0.34559
0.34559
0.34559
0.34559
0.34559
0.394861
0.394861
0.394861
0.394861
0.394861
0.394861
0.439653
0.439653
0.439653
0.439653
0.439653
0.439653
0.490278
0.490278
0.490278
0.490278
0.490278
0.490278
0.519549
0.519549
0.519549
0.519549
0.519549
0.519549
0.5525
0.5525
0.5525
0.5525
0.5525
0.5525
0.570486
0.570486
0.570486
0.570486
0.570486
0.570486
0.588993
0.588993
0.588993
0.588993
0.588993
0.588993
0.604653
0.604653
0.604653
0.604653
0.604653
0.604653
0.614444
0.614444
0.614444
0.614444
0.614444
0.614444
0.62559
0.62559
0.62559
0.62559
0.62559
0.62559
0.626215
0.626215
0.626215
0.626215
0.626215
0.626215
0.627361
0.627361
0.627361
0.627361
0.627361
0.627361
0.627222
0.627222
0.627222
0.627222
0.627222
0.627222
0.628889
0.628889
0.628889
0.628889
0.628889
0.628889
0.642222
0.642222
0.642222
0.642222
0.642222
0.642222
0.657361
0.657361
0.657361
0.657361
0.657361
0.657361
0.672222
0.672222
0.672222
0.672222
0.672222
0.672222
0.69625
0.69625
0.69625
0.69625
0.69625
0.69625
0.703889
0.703889
0.703889
0.703889
0.703889
0.703889
0.706979
0.706979
0.706979
0.706979
0.706979
0.706979
0.712986
0.712986
0.712986
0.712986
0.712986
0.712986
0.722361
0.722361
0.722361
0.722361
0.722361
0.722361
0.717847
0.717847
0.717847
0.717847
0.717847
0.717847
0.708611
0.708611
0.708611
0.708611
0.708611
0.708611
0.706632
0.706632
0.706632
0.706632
0.706632
0.706632
0.69934
0.69934
0.69934
0.69934
0.69934
0.69934
0.705486
0.705486
0.705486
0.705486
0.705486
0.705486
0.716007
0.716007
0.716007
0.716007
0.716007
0.716007
0.730417
0.730417
0.730417
0.730417
0.730417
0.730417
0.756771
0.756771
0.756771
0.756771
0.756771
0.756771
0.772222
0.772222
0.772222
0.772222
0.772222
0.772222
0.785556
0.785556
0.785556
0.785556
0.785556
0.785556
0.807292
0.807292
0.807292
0.807292
0.807292
0.807292
0.818125
0.818125
0.818125
0.818125
0.818125
0.818125
0.855
0.855
0.855
0.855
0.855
0.855
0.856319
0.856319
0.856319
0.856319
0.856319
0.856319
0.864479
0.864479
0.864479
0.864479
0.864479
0.864479
0.863229
0.863229
0.863229
0.863229
0.863229
0.863229
0.884792
0.884792
0.884792
0.884792
0.884792
0.884792
0.883333
0.883333
0.883333
0.883333
0.883333
0.883333
0.882292
0.882292
0.882292
0.882292
0.882292
0.882292
0.879792
0.879792
0.879792
0.879792
0.879792
0.879792
0.864375
0.864375
0.864375
0.864375
0.864375
0.864375
0.861979
0.861979
0.861979
0.861979
0.861979
0.861979
0.857917
0.857917
0.857917
0.857917
0.857917
0.857917
0.856458
0.856458
0.856458
0.856458
0.856458
0.856458
0.857187
0.857187
0.857187
0.857187
0.857187
0.857187
0.853021
0.853021
0.853021
0.853021
0.853021
0.853021
0.855521
0.855521
0.855521
0.855521
0.855521
0.855521
0.854375
0.854375
0.854375
0.854375
0.854375
0.854375
0.894861
0.894861
0.894861
0.894861
0.894861
0.894861
0.887465
0.887465
0.887465
0.887465
0.887465
0.887465
0.886944
0.886944
0.886944
0.886944
0.886944
0.886944
0.885694
0.885694
0.885694
0.885694
0.885694
0.885694
0.893507
0.893507
0.893507
0.893507
0.893507
0.893507
0.893715
0.893715
0.893715
0.893715
0.893715
0.893715
0.891736
0.891736
0.891736
0.891736
0.891736
0.891736
0.893194
0.893194
0.893194
0.893194
0.893194
0.893194
0.891424
0.891424
0.891424
0.891424
0.891424
0.891424
0.908021
0.908021
0.908021
0.908021
0.908021
0.908021
0.902882
0.902882
0.902882
0.902882
0.902882
0.902882
0.899132
0.899132
0.899132
0.899132
0.899132
0.899132
0.894444
0.894444
0.894444
0.894444
0.894444
0.894444
0.879861
0.879861
0.879861
0.879861
0.879861
0.879861
0.878715
0.878715
0.878715
0.878715
0.878715
0.878715
0.874965
0.874965
0.874965
0.874965
0.874965
0.874965
0.876528
0.876528
0.876528
0.876528
0.876528
0.876528
0.894514
0.894514
0.894514
0.894514
0.894514
0.894514
0.909375
0.909375
0.909375
0.909375
0.909375
0.909375
0.908854
0.908854
0.908854
0.908854
0.908854
0.908854
0.906111
0.906111
0.906111
0.906111
0.906111
0.906111
0.899687
0.899687
0.899687
0.899687
0.899687
0.899687
0.896458
0.896458
0.896458
0.896458
0.896458
0.896458
0.891736
0.891736
0.891736
0.891736
0.891736
0.891736
0.889201
0.889201
0.889201
0.889201
0.889201
0.889201
0.884375
0.884375
0.884375
0.884375
0.884375
0.884375
0.880313
0.880313
0.880313
0.880313
0.880313
0.880313
0.87691
0.87691
0.87691
0.87691
0.87691
0.87691
0.872917
0.872917
0.872917
0.872917
0.872917
0.872917
0.869792
0.869792
0.869792
0.869792
0.869792
0.869792
0.868125
0.868125
0.868125
0.868125
0.868125
0.868125
0.863229
0.863229
0.863229
0.863229
0.863229
0.863229
0.861875
0.861875
0.861875
0.861875
0.861875
0.861875
0.858021
0.858021
0.858021
0.858021
0.858021
0.858021
0.854479
0.854479
0.854479
0.854479
0.854479
0.854479
0.852674
0.852674
0.852674
0.852674
0.852674
0.852674
0.847569
0.847569
0.847569
0.847569
0.847569
0.847569
0.847257
0.847257
0.847257
0.847257
0.847257
0.847257
0.843299
0.843299
0.843299
0.843299
0.843299
0.843299
0.840903
0.840903
0.840903
0.840903
0.840903
0.840903
0.835382
0.835382
0.835382
0.835382
0.835382
0.835382
0.832882
0.832882
0.832882
0.832882
0.832882
0.832882
0.829028
0.829028
0.829028
0.829028
0.829028
0.829028
0.823299
0.823299
0.823299
0.823299
0.823299
0.823299
0.824028
0.824028
0.824028
0.824028
0.824028
0.824028
0.820278
0.820278
0.820278
0.820278
0.820278
0.820278
0.814132
0.814132
0.814132
0.814132
0.814132
0.814132
0.813194
0.813194
0.813194
0.813194
0.813194
0.813194
0.811944
0.811944
0.811944
0.811944
0.811944
0.811944
0.808299
0.808299
0.808299
0.808299
0.808299
0.808299
0.799306
0.799306
0.799306
0.799306
0.799306
0.799306
0.791389
0.791389
0.791389
0.791389
0.791389
0.791389
0.787014
0.787014
0.787014
0.787014
0.787014
0.787014
0.781597
0.781597
0.781597
0.781597
0.781597
0.781597
0.773681
0.773681
0.773681
0.773681
0.773681
0.773681
0.772326
0.772326
0.772326
0.772326
0.772326
0.772326
0.767292
0.767292
0.767292
0.767292
0.767292
0.767292
0.761806
0.761806
0.761806
0.761806
0.761806
0.761806
0.754792
0.754792
0.754792
0.754792
0.754792
0.754792
0.746979
0.746979
0.746979
0.746979
0.746979
0.746979
0.742917
0.742917
0.742917
0.742917
0.742917
0.742917
0.749583
0.749583
0.749583
0.749583
0.749583
0.749583
0.740243
0.740243
0.740243
0.740243
0.740243
0.740243
0.730208
0.730208
0.730208
0.730208
0.730208
0.730208
0.721875
0.721875
0.721875
0.721875
0.721875
0.721875
0.720625
0.720625
0.720625
0.720625
0.720625
0.720625
0.712396
0.712396
0.712396
0.712396
0.712396
0.712396
0.701562
0.701562
0.701562
0.701562
0.701562
0.701562
0.696771
0.696771
0.696771
0.696771
0.696771
0.696771
0.6925
0.6925
0.6925
0.6925
0.6925
0.6925
0.694826
0.694826
0.694826
0.694826
0.694826
0.694826
0.683958
0.683958
0.683958
0.683958
0.683958
0.683958
0.673125
0.673125
0.673125
0.673125
0.673125
0.673125
0.668194
0.668194
0.668194
0.668194
0.668194
0.668194
0.673576
0.673576
0.673576
0.673576
0.673576
0.673576
0.654653
0.654653
0.654653
0.654653
0.654653
0.654653
0.643194
0.643194
0.643194
0.643194
0.643194
0.643194
0.636181
0.636181
0.636181
0.636181
0.636181
0.636181
0.642014
0.642014
0.642014
0.642014
0.642014
0.642014
0.622951
0.622951
0.622951
0.622951
0.622951
0.622951
0.611389
0.611389
0.611389
0.611389
0.611389
0.611389
0.602743
0.602743
0.602743
0.602743
0.602743
0.602743
0.609375
0.609375
0.609375
0.609375
0.609375
0.609375
0.590313
0.590313
0.590313
0.590313
0.590313
0.590313
0.582917
0.582917
0.582917
0.582917
0.582917
0.582917
0.578854
0.578854
0.578854
0.578854
0.578854
0.578854
0.586285
0.586285
0.586285
0.586285
0.586285
0.586285
0.571181
0.571181
0.571181
0.571181
0.571181
0.571181
0.558889
0.558889
0.558889
0.558889
0.558889
0.558889
0.543576
0.543576
0.543576
0.543576
0.543576
0.543576
0.550694
0.550694
0.550694
0.550694
0.550694
0.550694
0.532778
0.532778
0.532778
0.532778
0.532778
0.532778
0.523611
0.523611
0.523611
0.523611
0.523611
0.523611
0.512778
0.512778
0.512778
0.512778
0.512778
0.512778
0.504549
0.504549
0.504549
0.504549
0.504549
0.504549
0.512882
0.512882
0.512882
0.512882
0.512882
0.512882
0.497361
0.497361
0.497361
0.497361
0.497361
0.497361
0.487153
0.487153
0.487153
0.487153
0.487153
0.487153
0.479132
0.479132
0.479132
0.479132
0.479132
0.479132
0.483854
0.483854
0.483854
0.483854
0.483854
0.483854
0.464444
0.464444
0.464444
0.464444
0.464444
0.464444
0.450903
0.450903
0.450903
0.450903
0.450903
0.450903
0.433403
0.433403
0.433403
0.433403
0.433403
0.433403
0.451042
0.451042
0.451042
0.451042
0.451042
0.451042
0.435417
0.435417
0.435417
0.435417
0.435417
0.435417
0.429583
0.429583
0.429583
0.429583
0.429583
0.429583
0.423819
0.423819
0.423819
0.423819
0.423819
0.423819
0.441215
0.441215
0.441215
0.441215
0.441215
0.441215
0.427569
0.427569
0.427569
0.427569
0.427569
0.427569
0.417812
0.417812
0.417812
0.417812
0.417812
0.417812
0.406146
0.406146
0.406146
0.406146
0.406146
0.406146
0.416042
0.416042
0.416042
0.416042
0.416042
0.416042
0.400313
0.400313
0.400313
0.400313
0.400313
0.400313
0.385486
0.385486
0.385486
0.385486
0.385486
0.385486
0.374132
0.374132
0.374132
0.374132
0.374132
0.374132
0.392049
0.392049
0.392049
0.392049
0.392049
0.392049
0.379757
0.379757
0.379757
0.379757
0.379757
0.379757
0.381111
0.381111
0.381111
0.381111
0.381111
0.381111
0.403715
0.403715
0.403715
0.403715
0.403715
0.403715
0.443264
0.443264
0.443264
0.443264
0.443264
0.443264
0.484201
0.484201
0.484201
0.484201
0.484201
0.484201
0.532118
0.532118
0.532118
0.532118
0.532118
0.532118
0.562986
0.562986
0.562986
0.562986
0.562986
0.562986
0.593403
0.593403
0.593403
0.593403
0.593403
0.593403
0.63309
0.63309
0.63309
0.63309
0.63309
0.63309
0.692396
0.692396
0.692396
0.692396
0.692396
0.692396
0.742569
0.742569
0.742569
0.742569
0.742569
0.742569
0.764236
0.764236
0.764236
0.764236
0.764236
0.764236
0.797153
0.797153
0.797153
0.797153
0.797153
0.797153
0.838819
0.838819
0.838819
0.838819
0.838819
0.838819
0.852674
0.852674
0.852674
0.852674
0.852674
0.852674
0.858715
0.858715
0.858715
0.858715
0.858715
0.858715
0.87559
0.87559
0.87559
0.87559
0.87559
0.87559
0.878507
0.878507
0.878507
0.878507
0.878507
0.878507
0.898924
0.898924
0.898924
0.898924
0.898924
0.898924
0.904132
0.904132
0.904132
0.904132
0.904132
0.904132
0.910278
0.910278
0.910278
0.910278
0.910278
0.910278
0.910278
0.910278
0.910278
0.910278
0.910278
0.910278
0.910174
0.910174
0.910174
0.910174
0.910174
0.910174
0.911319
0.911319
0.911319
0.911319
0.911319
0.911319
0.918299
0.918299
0.918299
0.918299
0.918299
0.918299
0.910382
0.910382
0.910382
0.910382
0.910382
0.910382
0.920382
0.920382
0.920382
0.920382
0.920382
0.920382
0.914549
0.914549
0.914549
0.914549
0.914549
0.914549
0.904549
0.904549
0.904549
0.904549
0.904549
0.904549
0.897153
0.897153
0.897153
0.897153
0.897153
0.897153
0.894132
0.894132
0.894132
0.894132
0.894132
0.894132
0.913194
0.913194
0.913194
0.913194
0.913194
0.913194
0.927569
0.927569
0.927569
0.927569
0.927569
0.927569
0.936424
0.936424
0.936424
0.936424
0.936424
0.936424
0.950694
0.950694
0.950694
0.950694
0.950694
0.950694
0.945486
0.945486
0.945486
0.945486
0.945486
0.945486
0.934861
0.934861
0.934861
0.934861
0.934861
0.934861
0.930382
0.930382
0.930382
0.930382
0.930382
0.930382
0.904167
0.904167
0.904167
0.904167
0.904167
0.904167
0.901736
0.901736
0.901736
0.901736
0.901736
0.901736
0.883299
0.883299
0.883299
0.883299
0.883299
0.883299
0.894306
0.894306
0.894306
0.894306
0.894306
0.894306
0.892882
0.892882
0.892882
0.892882
0.892882
0.892882
0.875799
0.875799
0.875799
0.875799
0.875799
0.875799
0.902569
0.902569
0.902569
0.902569
0.902569
0.902569
0.898681
0.898681
0.898681
0.898681
0.898681
0.898681
0.910417
0.910417
0.910417
0.910417
0.910417
0.910417
0.916215
0.916215
0.916215
0.916215
0.916215
0.916215
0.914965
0.914965
0.914965
0.914965
0.914965
0.914965
0.891042
0.891042
0.891042
0.891042
0.891042
0.891042
0.896424
0.896424
0.896424
0.896424
0.896424
0.896424
0.890278
0.890278
0.890278
0.890278
0.890278
0.890278
0.878299
0.878299
0.878299
0.878299
0.878299
0.878299
0.872986
0.872986
0.872986
0.872986
0.872986
0.872986
0.819236
0.819236
0.819236
0.819236
0.819236
0.819236
0.756528
0.756528
0.756528
0.756528
0.756528
0.756528
0.642674
0.642674
0.642674
0.642674
0.642674
0.642674
0.624965
0.624965
0.624965
0.624965
0.624965
0.624965
0.582049
0.582049
0.582049
0.582049
0.582049
0.582049
0.574861
0.574861
0.574861
0.574861
0.574861
0.574861
0.601111
0.601111
0.601111
0.601111
0.601111
0.601111
0.591111
0.591111
0.591111
0.591111
0.591111
0.591111
0.544549
0.544549
0.544549
0.544549
0.544549
0.544549
0.503194
0.503194
0.503194
0.503194
0.503194
0.503194
0.494965
0.494965
0.494965
0.494965
0.494965
0.494965
0.504965
0.504965
0.504965
0.504965
0.504965
0.504965
0.464549
0.464549
0.464549
0.464549
0.464549
0.464549
0.425278
0.425278
0.425278
0.425278
0.425278
0.425278
0.393924
0.393924
0.393924
0.393924
0.393924
0.393924
0.382257
0.382257
0.382257
0.382257
0.382257
0.382257
0.385347
0.385347
0.385347
0.385347
0.385347
0.385347
0.346319
0.346319
0.346319
0.346319
0.346319
0.346319
0.307882
0.307882
0.307882
0.307882
0.307882
0.307882
0.246111
0.246111
0.246111
0.246111
0.246111
0.246111
0.231319
0.231319
0.231319
0.231319
0.231319
0.231319
0.257118
0.257118
0.257118
0.257118
0.257118
0.257118
0.297257
0.297257
0.297257
0.297257
0.297257
0.297257
0.331944
0.331944
0.331944
0.331944
0.331944
0.331944
0.37934
0.37934
0.37934
0.37934
0.37934
0.37934
0.444236
0.444236
0.444236
0.444236
0.444236
0.444236
0.493403
0.493403
0.493403
0.493403
0.493403
0.493403
0.592674
0.592674
0.592674
0.592674
0.592674
0.592674
0.659792
0.659792
0.659792
0.659792
0.659792
0.659792
0.606354
0.606354
0.606354
0.606354
0.606354
0.606354
0.557778
0.557778
0.557778
0.557778
0.557778
0.557778
0.495174
0.495174
0.495174
0.495174
0.495174
0.495174
0.425486
0.425486
0.425486
0.425486
0.425486
0.425486
0.381007
0.381007
0.381007
0.381007
0.381007
0.381007
0.342674
0.342674
0.342674
0.342674
0.342674
0.342674
0.282361
0.282361
0.282361
0.282361
0.282361
0.282361
0.212361
0.212361
0.212361
0.212361
0.212361
0.212361
0.141354
0.141354
0.141354
0.141354
0.141354
0.141354
0.101562
0.101562
0.101562
0.101562
0.101562
0.101562
0.0757639
0.0757639
0.0757639
0.0757639
0.0757639
0.0757639
0.0757292
0.0757292
0.0757292
0.0757292
0.0757292
0.0757292
0.0745486
0.0745486
0.0745486
0.0745486
0.0745486
0.0745486
0.0731944
0.0731944
0.0731944
0.0731944
0.0731944
0.0731944
0.0756944
0.0756944
0.0756944
0.0756944
0.0756944
0.0756944
0.13934
0.13934
0.13934
0.13934
0.13934
0.13934
0.267882
0.267882
0.267882
0.267882
0.267882
0.267882
0.409757
0.409757
0.409757
0.409757
0.409757
0.409757
0.513507
0.513507
0.513507
0.513507
0.513507
0.513507
0.566771
0.566771
0.566771
0.566771
0.566771
0.566771
0.555382
0.555382
0.555382
0.555382
0.555382
0.555382
0.467569
0.467569
0.467569
0.467569
0.467569
0.467569
0.383715
0.383715
0.383715
0.383715
0.383715
0.383715
0.298611
0.298611
0.298611
0.298611
0.298611
0.298611
0.249653
0.249653
0.249653
0.249653
0.249653
0.249653
0.185278
0.185278
0.185278
0.185278
0.185278
0.185278
0.121806
0.121806
0.121806
0.121806
0.121806
0.121806
0.0779861
0.0779861
0.0779861
0.0779861
0.0779861
0.0779861
0.0678125
0.0678125
0.0678125
0.0678125
0.0678125
0.0678125
0.0660069
0.0660069
0.0660069
0.0660069
0.0660069
0.0660069
0.0622569
0.0622569
0.0622569
0.0622569
0.0622569
0.0622569
0.0792361
0.0792361
0.0792361
0.0792361
0.0792361
0.0792361
0.132153
0.132153
0.132153
0.132153
0.132153
0.132153
0.200486
0.200486
0.200486
0.200486
0.200486
0.200486
0.27309
0.27309
0.27309
0.27309
0.27309
0.27309
0.371319
0.371319
0.371319
0.371319
0.371319
0.371319
0.512396
0.512396
0.512396
0.512396
0.512396
0.512396
0.555625
0.555625
0.555625
0.555625
0.555625
0.555625
0.550417
0.550417
0.550417
0.550417
0.550417
0.550417
0.528611
0.528611
0.528611
0.528611
0.528611
0.528611
0.401736
0.401736
0.401736
0.401736
0.401736
0.401736
0.346215
0.346215
0.346215
0.346215
0.346215
0.346215
0.327257
0.327257
0.327257
0.327257
0.327257
0.327257
0.277153
0.277153
0.277153
0.277153
0.277153
0.277153
0.221146
0.221146
0.221146
0.221146
0.221146
0.221146
0.163958
0.163958
0.163958
0.163958
0.163958
0.163958
0.120139
0.120139
0.120139
0.120139
0.120139
0.120139
0.0798958
0.0798958
0.0798958
0.0798958
0.0798958
0.0798958
0.0634028
0.0634028
0.0634028
0.0634028
0.0634028
0.0634028
0.0518056
0.0518056
0.0518056
0.0518056
0.0518056
0.0518056
0.0516319
0.0516319
0.0516319
0.0516319
0.0516319
0.0516319
0.0504861
0.0504861
0.0504861
0.0504861
0.0504861
0.0504861
0.0501736
0.0501736
0.0501736
0.0501736
0.0501736
0.0501736
0.0498611
0.0498611
0.0498611
0.0498611
0.0498611
0.0498611
0.0496528
0.0496528
0.0496528
0.0496528
0.0496528
0.0496528
0.0488194
0.0488194
0.0488194
0.0488194
0.0488194
0.0488194
0.0495486
0.0495486
0.0495486
0.0495486
0.0495486
0.0495486
0.0488194
0.0488194
0.0488194
0.0488194
0.0488194
0.0488194
0.0495486
0.0495486
0.0495486
0.0495486
0.0495486
0.0495486
0.0682986
0.0682986
0.0682986
0.0682986
0.0682986
0.0682986
0.109896
0.109896
0.109896
0.109896
0.109896
0.109896
0.131042
0.131042
0.131042
0.131042
0.131042
0.131042
0.145729
0.145729
0.145729
0.145729
0.145729
0.145729
0.154479
0.154479
0.154479
0.154479
0.154479
0.154479
0.155521
0.155521
0.155521
0.155521
0.155521
0.155521
0.152083
0.152083
0.152083
0.152083
0.152083
0.152083
0.119132
0.119132
0.119132
0.119132
0.119132
0.119132
0.109896
0.109896
0.109896
0.109896
0.109896
0.109896
0.0963542
0.0963542
0.0963542
0.0963542
0.0963542
0.0963542
0.0855903
0.0855903
0.0855903
0.0855903
0.0855903
0.0855903
0.0646528
0.0646528
0.0646528
0.0646528
0.0646528
0.0646528
0.0569444
0.0569444
0.0569444
0.0569444
0.0569444
0.0569444
0.0579861
0.0579861
0.0579861
0.0579861
0.0579861
0.0579861
0.0528819
0.0528819
0.0528819
0.0528819
0.0528819
0.0528819
0.0517361
0.0517361
0.0517361
0.0517361
0.0517361
0.0517361
0.0563194
0.0563194
0.0563194
0.0563194
0.0563194
0.0563194
0.0599653
0.0599653
0.0599653
0.0599653
0.0599653
0.0599653
0.0579861
0.0579861
0.0579861
0.0579861
0.0579861
0.0579861
0.0503819
0.0503819
0.0503819
0.0503819
0.0503819
0.0503819
0.0964236
0.0964236
0.0964236
0.0964236
0.0964236
0.0964236
0.122049
0.122049
0.122049
0.122049
0.122049
0.122049
0.120799
0.120799
0.120799
0.120799
0.120799
0.120799
0.117257
0.117257
0.117257
0.117257
0.117257
0.117257
0.119132
0.119132
0.119132
0.119132
0.119132
0.119132
0.0809028
0.0809028
0.0809028
0.0809028
0.0809028
0.0809028
0.0467361
0.0467361
0.0467361
0.0467361
0.0467361
0.0467361
0.0419444
0.0419444
0.0419444
0.0419444
0.0419444
0.0419444
0.0762153
0.0762153
0.0762153
0.0762153
0.0762153
0.0762153
0.0812153
0.0812153
0.0812153
0.0812153
0.0812153
0.0812153
0.0819444
0.0819444
0.0819444
0.0819444
0.0819444
0.0819444
0.0691319
0.0691319
0.0691319
0.0691319
0.0691319
0.0691319
0.0892361
0.0892361
0.0892361
0.0892361
0.0892361
0.0892361
0.0668403
0.0668403
0.0668403
0.0668403
0.0668403
0.0668403
0.0453819
0.0453819
0.0453819
0.0453819
0.0453819
0.0453819
0.0403819
0.0403819
0.0403819
0.0403819
0.0403819
0.0403819
0.0442361
0.0442361
0.0442361
0.0442361
0.0442361
0.0442361
0.0457986
0.0457986
0.0457986
0.0457986
0.0457986
0.0457986
0.0502778
0.0502778
0.0502778
0.0502778
0.0502778
0.0502778
0.0537153
0.0537153
0.0537153
0.0537153
0.0537153
0.0537153
0.0522569
0.0522569
0.0522569
0.0522569
0.0522569
0.0522569
0.0781944
0.0781944
0.0781944
0.0781944
0.0781944
0.0781944
0.0855903
0.0855903
0.0855903
0.0855903
0.0855903
0.0855903
0.0946528
0.0946528
0.0946528
0.0946528
0.0946528
0.0946528
0.100694
0.100694
0.100694
0.100694
0.100694
0.100694
0.102986
0.102986
0.102986
0.102986
0.102986
0.102986
0.120069
0.120069
0.120069
0.120069
0.120069
0.120069
0.103819
0.103819
0.103819
0.103819
0.103819
0.103819
0.0636111
0.0636111
0.0636111
0.0636111
0.0636111
0.0636111
0.0336458
0.0336458
0.0336458
0.0336458
0.0336458
0.0336458
0.0231944
0.0231944
0.0231944
0.0231944
0.0231944
0.0231944
0.0223611
0.0223611
0.0223611
0.0223611
0.0223611
0.0223611
0.0219444
0.0219444
0.0219444
0.0219444
0.0219444
0.0219444
0.0214236
0.0214236
0.0214236
0.0214236
0.0214236
0.0214236
0.0211111
0.0211111
0.0211111
0.0211111
0.0211111
0.0211111
0.0203819
0.0203819
0.0203819
0.0203819
0.0203819
0.0203819
0.0201736
0.0201736
0.0201736
0.0201736
0.0201736
0.0201736
0.0201736
0.0201736
0.0201736
0.0201736
0.0201736
0.0201736
0.0188194
0.0188194
0.0188194
0.0188194
0.0188194
0.0188194
0.0179861
0.0179861
0.0179861
0.0179861
0.0179861
0.0179861
0.0416319
0.0416319
0.0416319
0.0416319
0.0416319
0.0416319
0.0588194
0.0588194
0.0588194
0.0588194
0.0588194
0.0588194
0.0898611
0.0898611
0.0898611
0.0898611
0.0898611
0.0898611
0.140799
0.140799
0.140799
0.140799
0.140799
0.140799
0.164861
0.164861
0.164861
0.164861
0.164861
0.164861
0.182257
0.182257
0.182257
0.182257
0.182257
0.182257
0.206736
0.206736
0.206736
0.206736
0.206736
0.206736
0.201424
0.201424
0.201424
0.201424
0.201424
0.201424
0.173611
0.173611
0.173611
0.173611
0.173611
0.173611
0.161771
0.161771
0.161771
0.161771
0.161771
0.161771
0.137535
0.137535
0.137535
0.137535
0.137535
0.137535
0.109965
0.109965
0.109965
0.109965
0.109965
0.109965
0.0792014
0.0792014
0.0792014
0.0792014
0.0792014
0.0792014
0.0642361
0.0642361
0.0642361
0.0642361
0.0642361
0.0642361
0.0697569
0.0697569
0.0697569
0.0697569
0.0697569
0.0697569
0.0721528
0.0721528
0.0721528
0.0721528
0.0721528
0.0721528
0.0744444
0.0744444
0.0744444
0.0744444
0.0744444
0.0744444
0.0859028
0.0859028
0.0859028
0.0859028
0.0859028
0.0859028
0.106215
0.106215
0.106215
0.106215
0.106215
0.106215
0.115382
0.115382
0.115382
0.115382
0.115382
0.115382
0.123194
0.123194
0.123194
0.123194
0.123194
0.123194
0.129757
0.129757
0.129757
0.129757
0.129757
0.129757
0.134444
0.134444
0.134444
0.134444
0.134444
0.134444
0.137882
0.137882
0.137882
0.137882
0.137882
0.137882
0.142361
0.142361
0.142361
0.142361
0.142361
0.142361
0.145799
0.145799
0.145799
0.145799
0.145799
0.145799
0.146528
0.146528
0.146528
0.146528
0.146528
0.146528
0.148924
0.148924
0.148924
0.148924
0.148924
0.148924
0.146528
0.146528
0.146528
0.146528
0.146528
0.146528
0.145174
0.145174
0.145174
0.145174
0.145174
0.145174
0.14434
0.14434
0.14434
0.14434
0.14434
0.14434
0.142153
0.142153
0.142153
0.142153
0.142153
0.142153
0.143507
0.143507
0.143507
0.143507
0.143507
0.143507
0.142986
0.142986
0.142986
0.142986
0.142986
0.142986
0.139757
0.139757
0.139757
0.139757
0.139757
0.139757
0.135278
0.135278
0.135278
0.135278
0.135278
0.135278
0.134549
0.134549
0.134549
0.134549
0.134549
0.134549
0.140694
0.140694
0.140694
0.140694
0.140694
0.140694
0.154028
0.154028
0.154028
0.154028
0.154028
0.154028
0.138299
0.138299
0.138299
0.138299
0.138299
0.138299
0.133299
0.133299
0.133299
0.133299
0.133299
0.133299
0.135903
0.135903
0.135903
0.135903
0.135903
0.135903
0.13309
0.13309
0.13309
0.13309
0.13309
0.13309
0.143646
0.143646
0.143646
0.143646
0.143646
0.143646
0.140625
0.140625
0.140625
0.140625
0.140625
0.140625
0.139375
0.139375
0.139375
0.139375
0.139375
0.139375
0.136563
0.136563
0.136563
0.136563
0.136563
0.136563
0.137778
0.137778
0.137778
0.137778
0.137778
0.137778
0.137465
0.137465
0.137465
0.137465
0.137465
0.137465
0.135694
0.135694
0.135694
0.135694
0.135694
0.135694
0.138507
0.138507
0.138507
0.138507
0.138507
0.138507
0.141007
0.141007
0.141007
0.141007
0.141007
0.141007
0.144444
0.144444
0.144444
0.144444
0.144444
0.144444
0.164687
0.164687
0.164687
0.164687
0.164687
0.164687
0.195799
0.195799
0.195799
0.195799
0.195799
0.195799
0.233611
0.233611
0.233611
0.233611
0.233611
0.233611
0.287778
0.287778
0.287778
0.287778
0.287778
0.287778
0.331736
0.331736
0.331736
0.331736
0.331736
0.331736
0.371944
0.371944
0.371944
0.371944
0.371944
0.371944
0.404757
0.404757
0.404757
0.404757
0.404757
0.404757
0.458472
0.458472
0.458472
0.458472
0.458472
0.458472
0.501285
0.501285
0.501285
0.501285
0.501285
0.501285
0.589653
0.589653
0.589653
0.589653
0.589653
0.589653
0.623681
0.623681
0.623681
0.623681
0.623681
0.623681
0.658438
0.658438
0.658438
0.658438
0.658438
0.658438
0.692257
0.692257
0.692257
0.692257
0.692257
0.692257
0.703611
0.703611
0.703611
0.703611
0.703611
0.703611
0.727569
0.727569
0.727569
0.727569
0.727569
0.727569
0.750486
0.750486
0.750486
0.750486
0.750486
0.750486
0.746319
0.746319
0.746319
0.746319
0.746319
0.746319
0.741528
0.741528
0.741528
0.741528
0.741528
0.741528
0.728715
0.728715
0.728715
0.728715
0.728715
0.728715
0.729861
0.729861
0.729861
0.729861
0.729861
0.729861
0.738403
0.738403
0.738403
0.738403
0.738403
0.738403
0.729097
0.729097
0.729097
0.729097
0.729097
0.729097
0.726424
0.726424
0.726424
0.726424
0.726424
0.726424
0.716736
0.716736
0.716736
0.716736
0.716736
0.716736
0.713576
0.713576
0.713576
0.713576
0.713576
0.713576
0.713368
0.713368
0.713368
0.713368
0.713368
0.713368
0.714132
0.714132
0.714132
0.714132
0.714132
0.714132
0.70934
0.70934
0.70934
0.70934
0.70934
0.70934
0.705069
0.705069
0.705069
0.705069
0.705069
0.705069
0.691319
0.691319
0.691319
0.691319
0.691319
0.691319
0.683611
0.683611
0.683611
0.683611
0.683611
0.683611
0.676007
0.676007
0.676007
0.676007
0.676007
0.676007
0.675799
0.675799
0.675799
0.675799
0.675799
0.675799
0.667049
0.667049
0.667049
0.667049
0.667049
0.667049
0.662049
0.662049
0.662049
0.662049
0.662049
0.662049
0.660174
0.660174
0.660174
0.660174
0.660174
0.660174
0.663299
0.663299
0.663299
0.663299
0.663299
0.663299
0.65434
0.65434
0.65434
0.65434
0.65434
0.65434
0.650174
0.650174
0.650174
0.650174
0.650174
0.650174
0.647882
0.647882
0.647882
0.647882
0.647882
0.647882
0.649653
0.649653
0.649653
0.649653
0.649653
0.649653
0.646632
0.646632
0.646632
0.646632
0.646632
0.646632
0.643194
0.643194
0.643194
0.643194
0.643194
0.643194
0.636424
0.636424
0.636424
0.636424
0.636424
0.636424
0.638611
0.638611
0.638611
0.638611
0.638611
0.638611
0.628611
0.628611
0.628611
0.628611
0.628611
0.628611
0.623403
0.623403
0.623403
0.623403
0.623403
0.623403
0.616736
0.616736
0.616736
0.616736
0.616736
0.616736
0.612361
0.612361
0.612361
0.612361
0.612361
0.612361
0.614757
0.614757
0.614757
0.614757
0.614757
0.614757
0.608819
0.608819
0.608819
0.608819
0.608819
0.608819
0.602882
0.602882
0.602882
0.602882
0.602882
0.602882
0.593403
0.593403
0.593403
0.593403
0.593403
0.593403
0.593299
0.593299
0.593299
0.593299
0.593299
0.593299
0.584653
0.584653
0.584653
0.584653
0.584653
0.584653
0.581736
0.581736
0.581736
0.581736
0.581736
0.581736
0.575486
0.575486
0.575486
0.575486
0.575486
0.575486
0.578194
0.578194
0.578194
0.578194
0.578194
0.578194
0.568194
0.568194
0.568194
0.568194
0.568194
0.568194
0.561528
0.561528
0.561528
0.561528
0.561528
0.561528
0.555278
0.555278
0.555278
0.555278
0.555278
0.555278
0.553194
0.553194
0.553194
0.553194
0.553194
0.553194
0.538819
0.538819
0.538819
0.538819
0.538819
0.538819
0.52684
0.52684
0.52684
0.52684
0.52684
0.52684
0.523299
0.523299
0.523299
0.523299
0.523299
0.523299
0.524757
0.524757
0.524757
0.524757
0.524757
0.524757
0.51559
0.51559
0.51559
0.51559
0.51559
0.51559
0.503194
0.503194
0.503194
0.503194
0.503194
0.503194
0.494236
0.494236
0.494236
0.494236
0.494236
0.494236
0.493194
0.493194
0.493194
0.493194
0.493194
0.493194
0.478715
0.478715
0.478715
0.478715
0.478715
0.478715
0.468819
0.468819
0.468819
0.468819
0.468819
0.468819
0.459965
0.459965
0.459965
0.459965
0.459965
0.459965
0.451111
0.451111
0.451111
0.451111
0.451111
0.451111
0.452986
0.452986
0.452986
0.452986
0.452986
0.452986
0.447778
0.447778
0.447778
0.447778
0.447778
0.447778
0.447465
0.447465
0.447465
0.447465
0.447465
0.447465
0.438299
0.438299
0.438299
0.438299
0.438299
0.438299
0.436632
0.436632
0.436632
0.436632
0.436632
0.436632
0.426528
0.426528
0.426528
0.426528
0.426528
0.426528
0.416215
0.416215
0.416215
0.416215
0.416215
0.416215
0.409132
0.409132
0.409132
0.409132
0.409132
0.409132
0.414236
0.414236
0.414236
0.414236
0.414236
0.414236
0.402361
0.402361
0.402361
0.402361
0.402361
0.402361
0.397986
0.397986
0.397986
0.397986
0.397986
0.397986
0.391736
0.391736
0.391736
0.391736
0.391736
0.391736
0.386319
0.386319
0.386319
0.386319
0.386319
0.386319
0.373403
0.373403
0.373403
0.373403
0.373403
0.373403
0.35934
0.35934
0.35934
0.35934
0.35934
0.35934
0.346528
0.346528
0.346528
0.346528
0.346528
0.346528
0.349861
0.349861
0.349861
0.349861
0.349861
0.349861
0.339444
0.339444
0.339444
0.339444
0.339444
0.339444
0.331111
0.331111
0.331111
0.331111
0.331111
0.331111
0.326319
0.326319
0.326319
0.326319
0.326319
0.326319
0.329549
0.329549
0.329549
0.329549
0.329549
0.329549
0.318819
0.318819
0.318819
0.318819
0.318819
0.318819
0.310799
0.310799
0.310799
0.310799
0.310799
0.310799
0.302882
0.302882
0.302882
0.302882
0.302882
0.302882
0.297361
0.297361
0.297361
0.297361
0.297361
0.297361
0.293507
0.293507
0.293507
0.293507
0.293507
0.293507
0.291319
0.291319
0.291319
0.291319
0.291319
0.291319
0.286111
0.286111
0.286111
0.286111
0.286111
0.286111
0.284757
0.284757
0.284757
0.284757
0.284757
0.284757
0.278299
0.278299
0.278299
0.278299
0.278299
0.278299
0.274444
0.274444
0.274444
0.274444
0.274444
0.274444
0.261424
0.261424
0.261424
0.261424
0.261424
0.261424
0.260382
0.260382
0.260382
0.260382
0.260382
0.260382
0.257882
0.257882
0.257882
0.257882
0.257882
0.257882
0.258194
0.258194
0.258194
0.258194
0.258194
0.258194
0.240799
0.240799
0.240799
0.240799
0.240799
0.240799
0.236319
0.236319
0.236319
0.236319
0.236319
0.236319
0.232778
0.232778
0.232778
0.232778
0.232778
0.232778
0.232361
0.232361
0.232361
0.232361
0.232361
0.232361
0.234965
0.234965
0.234965
0.234965
0.234965
0.234965
0.217257
0.217257
0.217257
0.217257
0.217257
0.217257
0.217465
0.217465
0.217465
0.217465
0.217465
0.217465
0.211632
0.211632
0.211632
0.211632
0.211632
0.211632
0.212569
0.212569
0.212569
0.212569
0.212569
0.212569
0.202465
0.202465
0.202465
0.202465
0.202465
0.202465
0.194132
0.194132
0.194132
0.194132
0.194132
0.194132
0.18684
0.18684
0.18684
0.18684
0.18684
0.18684
0.191007
0.191007
0.191007
0.191007
0.191007
0.191007
0.180174
0.180174
0.180174
0.180174
0.180174
0.180174
0.176736
0.176736
0.176736
0.176736
0.176736
0.176736
0.170486
0.170486
0.170486
0.170486
0.170486
0.170486
0.169444
0.169444
0.169444
0.169444
0.169444
0.169444
0.17434
0.17434
0.17434
0.17434
0.17434
0.17434
0.177257
0.177257
0.177257
0.177257
0.177257
0.177257
0.171528
0.171528
0.171528
0.171528
0.171528
0.171528
0.176944
0.176944
0.176944
0.176944
0.176944
0.176944
0.172569
0.172569
0.172569
0.172569
0.172569
0.172569
0.168194
0.168194
0.168194
0.168194
0.168194
0.168194
0.164653
0.164653
0.164653
0.164653
0.164653
0.164653
0.16934
0.16934
0.16934
0.16934
0.16934
0.16934
0.159757
0.159757
0.159757
0.159757
0.159757
0.159757
0.154132
0.154132
0.154132
0.154132
0.154132
0.154132
0.151424
0.151424
0.151424
0.151424
0.151424
0.151424
0.150278
0.150278
0.150278
0.150278
0.150278
0.150278
0.15934
0.15934
0.15934
0.15934
0.15934
0.15934
0.155278
0.155278
0.155278
0.155278
0.155278
0.155278
0.148715
0.148715
0.148715
0.148715
0.148715
0.148715
0.143194
0.143194
0.143194
0.143194
0.143194
0.143194
0.160069
0.160069
0.160069
0.160069
0.160069
0.160069
0.15559
0.15559
0.15559
0.15559
0.15559
0.15559
0.156424
0.156424
0.156424
0.156424
0.156424
0.156424
0.155486
0.155486
0.155486
0.155486
0.155486
0.155486
0.182257
0.182257
0.182257
0.182257
0.182257
0.182257
0.17059
0.17059
0.17059
0.17059
0.17059
0.17059
0.16559
0.16559
0.16559
0.16559
0.16559
0.16559
0.163819
0.163819
0.163819
0.163819
0.163819
0.163819
0.177361
0.177361
0.177361
0.177361
0.177361
0.177361
0.168194
0.168194
0.168194
0.168194
0.168194
0.168194
0.160278
0.160278
0.160278
0.160278
0.160278
0.160278
0.159132
0.159132
0.159132
0.159132
0.159132
0.159132
0.169236
0.169236
0.169236
0.169236
0.169236
0.169236
0.154653
0.154653
0.154653
0.154653
0.154653
0.154653
0.149861
0.149861
0.149861
0.149861
0.149861
0.149861
0.14684
0.14684
0.14684
0.14684
0.14684
0.14684
0.161736
0.161736
0.161736
0.161736
0.161736
0.161736
0.15934
0.15934
0.15934
0.15934
0.15934
0.15934
0.151736
0.151736
0.151736
0.151736
0.151736
0.151736
0.147153
0.147153
0.147153
0.147153
0.147153
0.147153
0.143715
0.143715
0.143715
0.143715
0.143715
0.143715
0.14434
0.14434
0.14434
0.14434
0.14434
0.14434
0.133611
0.133611
0.133611
0.133611
0.133611
0.133611
0.13184
0.13184
0.13184
0.13184
0.13184
0.13184
0.129549
0.129549
0.129549
0.129549
0.129549
0.129549
0.12559
0.12559
0.12559
0.12559
0.12559
0.12559
0.121319
0.121319
0.121319
0.121319
0.121319
0.121319
0.121007
0.121007
0.121007
0.121007
0.121007
0.121007
0.114653
0.114653
0.114653
0.114653
0.114653
0.114653
0.122257
0.122257
0.122257
0.122257
0.122257
0.122257
0.112465
0.112465
0.112465
0.112465
0.112465
0.112465
0.114132
0.114132
0.114132
0.114132
0.114132
0.114132
0.108819
0.108819
0.108819
0.108819
0.108819
0.108819
0.114757
0.114757
0.114757
0.114757
0.114757
0.114757
0.108819
0.108819
0.108819
0.108819
0.108819
0.108819
0.104549
0.104549
0.104549
0.104549
0.104549
0.104549
0.100486
0.100486
0.100486
0.100486
0.100486
0.100486
0.116319
0.116319
0.116319
0.116319
0.116319
0.116319
0.117569
0.117569
0.117569
0.117569
0.117569
0.117569
0.108299
0.108299
0.108299
0.108299
0.108299
0.108299
0.107778
0.107778
0.107778
0.107778
0.107778
0.107778
0.111007
0.111007
0.111007
0.111007
0.111007
0.111007
0.0955903
0.0955903
0.0955903
0.0955903
0.0955903
0.0955903
0.0914236
0.0914236
0.0914236
0.0914236
0.0914236
0.0914236
0.0950694
0.0950694
0.0950694
0.0950694
0.0950694
0.0950694
0.0919444
0.0919444
0.0919444
0.0919444
0.0919444
0.0919444
0.115174
0.115174
0.115174
0.115174
0.115174
0.115174
0.104028
0.104028
0.104028
0.104028
0.104028
0.104028
0.0950694
0.0950694
0.0950694
0.0950694
0.0950694
0.0950694
0.0912153
0.0912153
0.0912153
0.0912153
0.0912153
0.0912153
0.0988194
0.0988194
0.0988194
0.0988194
0.0988194
0.0988194
0.100799
0.100799
0.100799
0.100799
0.100799
0.100799
0.105069
0.105069
0.105069
0.105069
0.105069
0.105069
0.112986
0.112986
0.112986
0.112986
0.112986
0.112986
0.124965
0.124965
0.124965
0.124965
0.124965
0.124965
0.115903
0.115903
0.115903
0.115903
0.115903
0.115903
0.125486
0.125486
0.125486
0.125486
0.125486
0.125486
0.151424
0.151424
0.151424
0.151424
0.151424
0.151424
0.193819
0.193819
0.193819
0.193819
0.193819
0.193819
0.217257
0.217257
0.217257
0.217257
0.217257
0.217257
0.251632
0.251632
0.251632
0.251632
0.251632
0.251632
0.272986
0.272986
0.272986
0.272986
0.272986
0.272986
0.307812
0.307812
0.307812
0.307812
0.307812
0.307812
0.348194
0.348194
0.348194
0.348194
0.348194
0.348194
0.391424
0.391424
0.391424
0.391424
0.391424
0.391424
0.406736
0.406736
0.406736
0.406736
0.406736
0.406736
0.441701
0.441701
0.441701
0.441701
0.441701
0.441701
0.466736
0.466736
0.466736
0.466736
0.466736
0.466736
0.48809
0.48809
0.48809
0.48809
0.48809
0.48809
0.540486
0.540486
0.540486
0.540486
0.540486
0.540486
0.589236
0.589236
0.589236
0.589236
0.589236
0.589236
0.615938
0.615938
0.615938
0.615938
0.615938
0.615938
0.624861
0.624861
0.624861
0.624861
0.624861
0.624861
0.624444
0.624444
0.624444
0.624444
0.624444
0.624444
0.628958
0.628958
0.628958
0.628958
0.628958
0.628958
0.649965
0.649965
0.649965
0.649965
0.649965
0.649965
0.679861
0.679861
0.679861
0.679861
0.679861
0.679861
0.707778
0.707778
0.707778
0.707778
0.707778
0.707778
0.720451
0.720451
0.720451
0.720451
0.720451
0.720451
0.72934
0.72934
0.72934
0.72934
0.72934
0.72934
0.738681
0.738681
0.738681
0.738681
0.738681
0.738681
0.725174
0.725174
0.725174
0.725174
0.725174
0.725174
0.702049
0.702049
0.702049
0.702049
0.702049
0.702049
0.707361
0.707361
0.707361
0.707361
0.707361
0.707361
0.692014
0.692014
0.692014
0.692014
0.692014
0.692014
0.681215
0.681215
0.681215
0.681215
0.681215
0.681215
0.71434
0.71434
0.71434
0.71434
0.71434
0.71434
0.699653
0.699653
0.699653
0.699653
0.699653
0.699653
0.677951
0.677951
0.677951
0.677951
0.677951
0.677951
0.67066
0.67066
0.67066
0.67066
0.67066
0.67066
0.675174
0.675174
0.675174
0.675174
0.675174
0.675174
0.654028
0.654028
0.654028
0.654028
0.654028
0.654028
0.653194
0.653194
0.653194
0.653194
0.653194
0.653194
0.67309
0.67309
0.67309
0.67309
0.67309
0.67309
0.668229
0.668229
0.668229
0.668229
0.668229
0.668229
0.663507
0.663507
0.663507
0.663507
0.663507
0.663507
0.647257
0.647257
0.647257
0.647257
0.647257
0.647257
0.619236
0.619236
0.619236
0.619236
0.619236
0.619236
0.598611
0.598611
0.598611
0.598611
0.598611
0.598611
0.576632
0.576632
0.576632
0.576632
0.576632
0.576632
0.526215
0.526215
0.526215
0.526215
0.526215
0.526215
0.480486
0.480486
0.480486
0.480486
0.480486
0.480486
0.451632
0.451632
0.451632
0.451632
0.451632
0.451632
0.467049
0.467049
0.467049
0.467049
0.467049
0.467049
0.45809
0.45809
0.45809
0.45809
0.45809
0.45809
0.457778
0.457778
0.457778
0.457778
0.457778
0.457778
0.47941
0.47941
0.47941
0.47941
0.47941
0.47941
0.500382
0.500382
0.500382
0.500382
0.500382
0.500382
0.539722
0.539722
0.539722
0.539722
0.539722
0.539722
0.566944
0.566944
0.566944
0.566944
0.566944
0.566944
0.606215
0.606215
0.606215
0.606215
0.606215
0.606215
0.604028
0.604028
0.604028
0.604028
0.604028
0.604028
0.597465
0.597465
0.597465
0.597465
0.597465
0.597465
0.610174
0.610174
0.610174
0.610174
0.610174
0.610174
0.579861
0.579861
0.579861
0.579861
0.579861
0.579861
0.548611
0.548611
0.548611
0.548611
0.548611
0.548611
0.527569
0.527569
0.527569
0.527569
0.527569
0.527569
0.51875
0.51875
0.51875
0.51875
0.51875
0.51875
0.54434
0.54434
0.54434
0.54434
0.54434
0.54434
0.563299
0.563299
0.563299
0.563299
0.563299
0.563299
0.575174
0.575174
0.575174
0.575174
0.575174
0.575174
0.618299
0.618299
0.618299
0.618299
0.618299
0.618299
0.651944
0.651944
0.651944
0.651944
0.651944
0.651944
0.65184
0.65184
0.65184
0.65184
0.65184
0.65184
0.629444
0.629444
0.629444
0.629444
0.629444
0.629444
0.609965
0.609965
0.609965
0.609965
0.609965
0.609965
0.542431
0.542431
0.542431
0.542431
0.542431
0.542431
0.520625
0.520625
0.520625
0.520625
0.520625
0.520625
0.514653
0.514653
0.514653
0.514653
0.514653
0.514653
0.492674
0.492674
0.492674
0.492674
0.492674
0.492674
0.466215
0.466215
0.466215
0.466215
0.466215
0.466215
0.431736
0.431736
0.431736
0.431736
0.431736
0.431736
0.407986
0.407986
0.407986
0.407986
0.407986
0.407986
0.41934
0.41934
0.41934
0.41934
0.41934
0.41934
0.410764
0.410764
0.410764
0.410764
0.410764
0.410764
0.393472
0.393472
0.393472
0.393472
0.393472
0.393472
0.377882
0.377882
0.377882
0.377882
0.377882
0.377882
0.308611
0.308611
0.308611
0.308611
0.308611
0.308611
0.293715
0.293715
0.293715
0.293715
0.293715
0.293715
0.309063
0.309063
0.309063
0.309063
0.309063
0.309063
0.31559
0.31559
0.31559
0.31559
0.31559
0.31559
0.343368
0.343368
0.343368
0.343368
0.343368
0.343368
0.355903
0.355903
0.355903
0.355903
0.355903
0.355903
0.341528
0.341528
0.341528
0.341528
0.341528
0.341528
0.344757
0.344757
0.344757
0.344757
0.344757
0.344757
0.316424
0.316424
0.316424
0.316424
0.316424
0.316424
0.271736
0.271736
0.271736
0.271736
0.271736
0.271736
0.207882
0.207882
0.207882
0.207882
0.207882
0.207882
0.22934
0.22934
0.22934
0.22934
0.22934
0.22934
0.257465
0.257465
0.257465
0.257465
0.257465
0.257465
0.252882
0.252882
0.252882
0.252882
0.252882
0.252882
0.276736
0.276736
0.276736
0.276736
0.276736
0.276736
0.308611
0.308611
0.308611
0.308611
0.308611
0.308611
0.334722
0.334722
0.334722
0.334722
0.334722
0.334722
0.361736
0.361736
0.361736
0.361736
0.361736
0.361736
0.368507
0.368507
0.368507
0.368507
0.368507
0.368507
0.352361
0.352361
0.352361
0.352361
0.352361
0.352361
0.314757
0.314757
0.314757
0.314757
0.314757
0.314757
0.286354
0.286354
0.286354
0.286354
0.286354
0.286354
0.247569
0.247569
0.247569
0.247569
0.247569
0.247569
0.208785
0.208785
0.208785
0.208785
0.208785
0.208785
0.157569
0.157569
0.157569
0.157569
0.157569
0.157569
0.125903
0.125903
0.125903
0.125903
0.125903
0.125903
0.0902431
0.0902431
0.0902431
0.0902431
0.0902431
0.0902431
0.0494097
0.0494097
0.0494097
0.0494097
0.0494097
0.0494097
0.0193056
0.0193056
0.0193056
0.0193056
0.0193056
0.0193056
0.00475694
0.00475694
0.00475694
0.00475694
0.00475694
0.00475694
0.00392361
0.00392361
0.00392361
0.00392361
0.00392361
0.00392361
0.00361111
0.00361111
0.00361111
0.00361111
0.00361111
0.00361111
0.00350694
0.00350694
0.00350694
0.00350694
0.00350694
0.00350694
0.00340278
0.00340278
0.00340278
0.00340278
0.00340278
0.00340278
0.00329861
0.00329861
0.00329861
0.00329861
0.00329861
0.00329861
0.00309028
0.00309028
0.00309028
0.00309028
0.00309028
0.00309028
0.00454861
0.00454861
0.00454861
0.00454861
0.00454861
0.00454861
0.00444444
0.00444444
0.00444444
0.00444444
0.00444444
0.00444444
0.00475694
0.00475694
0.00475694
0.00475694
0.00475694
0.00475694
0.00371528
0.00371528
0.00371528
0.00371528
0.00371528
0.00371528
0.00329861
0.00329861
0.00329861
0.00329861
0.00329861
0.00329861
0.00288194
0.00288194
0.00288194
0.00288194
0.00288194
0.00288194
0.00309028
0.00309028
0.00309028
0.00309028
0.00309028
0.00309028
0.00277778
0.00277778
0.00277778
0.00277778
0.00277778
0.00277778
0.00319444
0.00319444
0.00319444
0.00319444
0.00319444
0.00319444
0.00288194
0.00288194
0.00288194
0.00288194
0.00288194
0.00288194
0.00246528
0.00246528
0.00246528
0.00246528
0.00246528
0.00246528
0.00944444
0.00944444
0.00944444
0.00944444
0.00944444
0.00944444
0.0117361
0.0117361
0.0117361
0.0117361
0.0117361
0.0117361
0.00673611
0.00673611
0.00673611
0.00673611
0.00673611
0.00673611
0.0309028
0.0309028
0.0309028
0.0309028
0.0309028
0.0309028
0.0422569
0.0422569
0.0422569
0.0422569
0.0422569
0.0422569
0.0768403
0.0768403
0.0768403
0.0768403
0.0768403
0.0768403
0.0939236
0.0939236
0.0939236
0.0939236
0.0939236
0.0939236
0.105278
0.105278
0.105278
0.105278
0.105278
0.105278
0.0980903
0.0980903
0.0980903
0.0980903
0.0980903
0.0980903
0.0895486
0.0895486
0.0895486
0.0895486
0.0895486
0.0895486
0.0680208
0.0680208
0.0680208
0.0680208
0.0680208
0.0680208
0.0510069
0.0510069
0.0510069
0.0510069
0.0510069
0.0510069
0.0513194
0.0513194
0.0513194
0.0513194
0.0513194
0.0513194
0.0560069
0.0560069
0.0560069
0.0560069
0.0560069
0.0560069
0.0673611
0.0673611
0.0673611
0.0673611
0.0673611
0.0673611
0.0713194
0.0713194
0.0713194
0.0713194
0.0713194
0.0713194
0.0857986
0.0857986
0.0857986
0.0857986
0.0857986
0.0857986
0.0866319
0.0866319
0.0866319
0.0866319
0.0866319
0.0866319
0.0710764
0.0710764
0.0710764
0.0710764
0.0710764
0.0710764
0.0266319
0.0266319
0.0266319
0.0266319
0.0266319
0.0266319
0.0123611
0.0123611
0.0123611
0.0123611
0.0123611
0.0123611
0.00496528
0.00496528
0.00496528
0.00496528
0.00496528
0.00496528
0.00631944
0.00631944
0.00631944
0.00631944
0.00631944
0.00631944
0.0128819
0.0128819
0.0128819
0.0128819
0.0128819
0.0128819
0.0253819
0.0253819
0.0253819
0.0253819
0.0253819
0.0253819
0.0760764
0.0760764
0.0760764
0.0760764
0.0760764
0.0760764
0.140486
0.140486
0.140486
0.140486
0.140486
0.140486
0.211944
0.211944
0.211944
0.211944
0.211944
0.211944
0.298715
0.298715
0.298715
0.298715
0.298715
0.298715
0.332049
0.332049
0.332049
0.332049
0.332049
0.332049
0.312778
0.312778
0.312778
0.312778
0.312778
0.312778
0.284549
0.284549
0.284549
0.284549
0.284549
0.284549
0.239965
0.239965
0.239965
0.239965
0.239965
0.239965
0.218299
0.218299
0.218299
0.218299
0.218299
0.218299
0.167361
0.167361
0.167361
0.167361
0.167361
0.167361
0.0960069
0.0960069
0.0960069
0.0960069
0.0960069
0.0960069
0.0294444
0.0294444
0.0294444
0.0294444
0.0294444
0.0294444
0.000590278
0.000590278
0.000590278
0.000590278
0.000590278
0.000590278
0.00246528
0.00246528
0.00246528
0.00246528
0.00246528
0.00246528
0.00215278
0.00215278
0.00215278
0.00215278
0.00215278
0.00215278
0.000902778
0.000902778
0.000902778
0.000902778
0.000902778
0.000902778
0.000590278
0.000590278
0.000590278
0.000590278
0.000590278
0.000590278
0.000590278
0.000590278
0.000590278
0.000590278
0.000590278
0.000590278
0.000798611
0.000798611
0.000798611
0.000798611
0.000798611
0.000798611
0.000590278
0.000590278
0.000590278
0.000590278
0.000590278
0.000590278
0.000486111
0.000486111
0.000486111
0.000486111
0.000486111
0.000486111
0.000173611
0.000173611
0.000173611
0.000173611
0.000173611
0.000173611
0.000173611
0.000173611
0.000173611
0.000173611
0.000173611
0.000173611
0.000173611
0.000173611
0.000173611
0.000173611
0.000173611
0.000173611
0.000173611
0.000173611
0.000173611
0.000173611
0.000173611
0.000173611
0.000173611
0.000173611
0.000173611
0.000173611
0.000173611
0.000173611
0.000173611
0.000173611
0.000173611
0.000173611
0.000173611
0.000173611
0.000173611
0.000173611
0.000173611
0.000173611
0.000173611
0.000173611
0.000173611
0.000173611
0.000173611
0.000173611
0.000173611
0.000173611
0.000173611
0.000173611
0.000173611
0.000173611
0.000173611
0.000173611
0.000173611
0.000173611
0.000173611
0.000173611
0.000173611
0.000173611
0.000173611
0.000173611
0.000173611
0.000173611
0.000173611
0.000173611
0.000173611
0.000173611
0.000173611
0.000173611
0.000173611
0.000173611
0.000173611
0.000173611
0.000173611
0.000173611
0.000173611
0.000173611
0.000173611
0.000173611
0.000173611
0.000173611
0.000173611
0.000173611
0.0273611
0.0273611
0.0273611
0.0273611
0.0273611
0.0273611
0.0411111
0.0411111
0.0411111
0.0411111
0.0411111
0.0411111
0.0470486
0.0470486
0.0470486
0.0470486
0.0470486
0.0470486
0.0497569
0.0497569
0.0497569
0.0497569
0.0497569
0.0497569
0.0584028
0.0584028
0.0584028
0.0584028
0.0584028
0.0584028
0.0845486
0.0845486
0.0845486
0.0845486
0.0845486
0.0845486
0.116319
0.116319
0.116319
0.116319
0.116319
0.116319
0.133924
0.133924
0.133924
0.133924
0.133924
0.133924
0.151007
0.151007
0.151007
0.151007
0.151007
0.151007
0.157986
0.157986
0.157986
0.157986
0.157986
0.157986
0.148403
0.148403
0.148403
0.148403
0.148403
0.148403
0.143403
0.143403
0.143403
0.143403
0.143403
0.143403
0.15309
0.15309
0.15309
0.15309
0.15309
0.15309
0.159965
0.159965
0.159965
0.159965
0.159965
0.159965
0.167569
0.167569
0.167569
0.167569
0.167569
0.167569
0.174861
0.174861
0.174861
0.174861
0.174861
0.174861
0.194653
0.194653
0.194653
0.194653
0.194653
0.194653
0.212778
0.212778
0.212778
0.212778
0.212778
0.212778
0.218403
0.218403
0.218403
0.218403
0.218403
0.218403
0.222986
0.222986
0.222986
0.222986
0.222986
0.222986
0.217465
0.217465
0.217465
0.217465
0.217465
0.217465
0.241632
0.241632
0.241632
0.241632
0.241632
0.241632
0.261319
0.261319
0.261319
0.261319
0.261319
0.261319
0.269653
0.269653
0.269653
0.269653
0.269653
0.269653
0.255382
0.255382
0.255382
0.255382
0.255382
0.255382
0.250278
0.250278
0.250278
0.250278
0.250278
0.250278
0.255486
0.255486
0.255486
0.255486
0.255486
0.255486
0.280382
0.280382
0.280382
0.280382
0.280382
0.280382
0.290382
0.290382
0.290382
0.290382
0.290382
0.290382
0.331111
0.331111
0.331111
0.331111
0.331111
0.331111
0.366528
0.366528
0.366528
0.366528
0.366528
0.366528
0.40191
0.40191
0.40191
0.40191
0.40191
0.40191
0.411944
0.411944
0.411944
0.411944
0.411944
0.411944
0.400694
0.400694
0.400694
0.400694
0.400694
0.400694
0.401215
0.401215
0.401215
0.401215
0.401215
0.401215
0.404444
0.404444
0.404444
0.404444
0.404444
0.404444
0.392882
0.392882
0.392882
0.392882
0.392882
0.392882
0.419028
0.419028
0.419028
0.419028
0.419028
0.419028
0.451319
0.451319
0.451319
0.451319
0.451319
0.451319
0.482153
0.482153
0.482153
0.482153
0.482153
0.482153
0.494132
0.494132
0.494132
0.494132
0.494132
0.494132
0.502882
0.502882
0.502882
0.502882
0.502882
0.502882
0.49434
0.49434
0.49434
0.49434
0.49434
0.49434
0.507257
0.507257
0.507257
0.507257
0.507257
0.507257
0.502153
0.502153
0.502153
0.502153
0.502153
0.502153
0.506528
0.506528
0.506528
0.506528
0.506528
0.506528
0.513819
0.513819
0.513819
0.513819
0.513819
0.513819
0.524236
0.524236
0.524236
0.524236
0.524236
0.524236
0.515278
0.515278
0.515278
0.515278
0.515278
0.515278
0.515903
0.515903
0.515903
0.515903
0.515903
0.515903
0.51559
0.51559
0.51559
0.51559
0.51559
0.51559
0.531944
0.531944
0.531944
0.531944
0.531944
0.531944
0.550174
0.550174
0.550174
0.550174
0.550174
0.550174
0.555486
0.555486
0.555486
0.555486
0.555486
0.555486
0.559653
0.559653
0.559653
0.559653
0.559653
0.559653
0.568889
0.568889
0.568889
0.568889
0.568889
0.568889
0.583194
0.583194
0.583194
0.583194
0.583194
0.583194
0.574653
0.574653
0.574653
0.574653
0.574653
0.574653
0.577778
0.577778
0.577778
0.577778
0.577778
0.577778
0.576528
0.576528
0.576528
0.576528
0.576528
0.576528
0.587778
0.587778
0.587778
0.587778
0.587778
0.587778
0.580903
0.580903
0.580903
0.580903
0.580903
0.580903
0.57309
0.57309
0.57309
0.57309
0.57309
0.57309
0.574653
0.574653
0.574653
0.574653
0.574653
0.574653
0.616111
0.616111
0.616111
0.616111
0.616111
0.616111
0.603646
0.603646
0.603646
0.603646
0.603646
0.603646
0.591319
0.591319
0.591319
0.591319
0.591319
0.591319
0.591875
0.591875
0.591875
0.591875
0.591875
0.591875
0.592812
0.592812
0.592812
0.592812
0.592812
0.592812
0.583264
0.583264
0.583264
0.583264
0.583264
0.583264
0.57809
0.57809
0.57809
0.57809
0.57809
0.57809
0.578299
0.578299
0.578299
0.578299
0.578299
0.578299
0.573819
0.573819
0.573819
0.573819
0.573819
0.573819
0.55809
0.55809
0.55809
0.55809
0.55809
0.55809
0.551215
0.551215
0.551215
0.551215
0.551215
0.551215
0.557049
0.557049
0.557049
0.557049
0.557049
0.557049
0.558194
0.558194
0.558194
0.558194
0.558194
0.558194
0.609757
0.609757
0.609757
0.609757
0.609757
0.609757
0.594549
0.594549
0.594549
0.594549
0.594549
0.594549
0.587465
