0
0
0
0
0
0
0
0
0.125521
0.125521
0.125521
0.125521
0.125521
0.125521
0.125521
0.125521
0.166875
0.166875
0.166875
0.166875
0.166875
0.166875
0.166875
0.166875
0.187257
0.187257
0.187257
0.187257
0.187257
0.187257
0.187257
0.187257
0.199271
0.199271
0.199271
0.199271
0.199271
0.199271
0.199271
0.199271
0.196875
0.196875
0.196875
0.196875
0.196875
0.196875
0.196875
0.196875
0.197187
0.197187
0.197187
0.197187
0.197187
0.197187
0.197187
0.197187
0.204687
0.204687
0.204687
0.204687
0.204687
0.204687
0.204687
0.204687
0.217083
0.217083
0.217083
0.217083
0.217083
0.217083
0.217083
0.217083
0.216875
0.216875
0.216875
0.216875
0.216875
0.216875
0.216875
0.216875
0.209479
0.209479
0.209479
0.209479
0.209479
0.209479
0.209479
0.209479
0.259583
0.259583
0.259583
0.259583
0.259583
0.259583
0.259583
0.259583
0.329271
0.329271
0.329271
0.329271
0.329271
0.329271
0.329271
0.329271
0.355104
0.355104
0.355104
0.355104
0.355104
0.355104
0.355104
0.355104
0.342604
0.342604
0.342604
0.342604
0.342604
0.342604
0.342604
0.342604
0.327813
0.327813
0.327813
0.327813
0.327813
0.327813
0.327813
0.327813
0.330694
0.330694
0.330694
0.330694
0.330694
0.330694
0.330694
0.330694
0.334132
0.334132
0.334132
0.334132
0.334132
0.334132
0.334132
0.334132
0.331354
0.331354
0.331354
0.331354
0.331354
0.331354
0.331354
0.331354
0.326667
0.326667
0.326667
0.326667
0.326667
0.326667
0.326667
0.326667
0.315417
0.315417
0.315417
0.315417
0.315417
0.315417
0.315417
0.315417
0.307604
0.307604
0.307604
0.307604
0.307604
0.307604
0.307604
0.307604
0.305625
0.305625
0.305625
0.305625
0.305625
0.305625
0.305625
0.305625
0.295625
0.295625
0.295625
0.295625
0.295625
0.295625
0.295625
0.295625
0.288958
0.288958
0.288958
0.288958
0.288958
0.288958
0.288958
0.288958
0.290417
0.290417
0.290417
0.290417
0.290417
0.290417
0.290417
0.290417
0.288438
0.288438
0.288438
0.288438
0.288438
0.288438
0.288438
0.288438
0.285
0.285
0.285
0.285
0.285
0.285
0.285
0.285
0.28191
0.28191
0.28191
0.28191
0.28191
0.28191
0.28191
0.28191
0.280347
0.280347
0.280347
0.280347
0.280347
0.280347
0.280347
0.280347
0.275938
0.275938
0.275938
0.275938
0.275938
0.275938
0.275938
0.275938
0.283021
0.283021
0.283021
0.283021
0.283021
0.283021
0.283021
0.283021
0.280104
0.280104
0.280104
0.280104
0.280104
0.280104
0.280104
0.280104
0.277049
0.277049
0.277049
0.277049
0.277049
0.277049
0.277049
0.277049
0.276354
0.276354
0.276354
0.276354
0.276354
0.276354
0.276354
0.276354
0.284375
0.284375
0.284375
0.284375
0.284375
0.284375
0.284375
0.284375
0.306771
0.306771
0.306771
0.306771
0.306771
0.306771
0.306771
0.306771
0.301042
0.301042
0.301042
0.301042
0.301042
0.301042
0.301042
0.301042
0.288715
0.288715
0.288715
0.288715
0.288715
0.288715
0.288715
0.288715
0.281979
0.281979
0.281979
0.281979
0.281979
0.281979
0.281979
0.281979
0.28375
0.28375
0.28375
0.28375
0.28375
0.28375
0.28375
0.28375
0.270729
0.270729
0.270729
0.270729
0.270729
0.270729
0.270729
0.270729
0.268229
0.268229
0.268229
0.268229
0.268229
0.268229
0.268229
0.268229
0.27375
0.27375
0.27375
0.27375
0.27375
0.27375
0.27375
0.27375
0.277917
0.277917
0.277917
0.277917
0.277917
0.277917
0.277917
0.277917
0.275521
0.275521
0.275521
0.275521
0.275521
0.275521
0.275521
0.275521
0.275417
0.275417
0.275417
0.275417
0.275417
0.275417
0.275417
0.275417
0.271042
0.271042
0.271042
0.271042
0.271042
0.271042
0.271042
0.271042
0.270625
0.270625
0.270625
0.270625
0.270625
0.270625
0.270625
0.270625
0.284062
0.284062
0.284062
0.284062
0.284062
0.284062
0.284062
0.284062
0.290347
0.290347
0.290347
0.290347
0.290347
0.290347
0.290347
0.290347
0.319063
0.319063
0.319063
0.319063
0.319063
0.319063
0.319063
0.319063
0.370417
0.370417
0.370417
0.370417
0.370417
0.370417
0.370417
0.370417
0.441181
0.441181
0.441181
0.441181
0.441181
0.441181
0.441181
0.441181
0.504792
0.504792
0.504792
0.504792
0.504792
0.504792
0.504792
0.504792
0.543229
0.543229
0.543229
0.543229
0.543229
0.543229
0.543229
0.543229
0.580451
0.580451
0.580451
0.580451
0.580451
0.580451
0.580451
0.580451
0.605417
0.605417
0.605417
0.605417
0.605417
0.605417
0.605417
0.605417
0.627396
0.627396
0.627396
0.627396
0.627396
0.627396
0.627396
0.627396
0.641667
0.641667
0.641667
0.641667
0.641667
0.641667
0.641667
0.641667
0.643437
0.643437
0.643437
0.643437
0.643437
0.643437
0.643437
0.643437
0.645625
0.645625
0.645625
0.645625
0.645625
0.645625
0.645625
0.645625
0.647708
0.647708
0.647708
0.647708
0.647708
0.647708
0.647708
0.647708
0.660243
0.660243
0.660243
0.660243
0.660243
0.660243
0.660243
0.660243
0.680417
0.680417
0.680417
0.680417
0.680417
0.680417
0.680417
0.680417
0.706979
0.706979
0.706979
0.706979
0.706979
0.706979
0.706979
0.706979
0.722083
0.722083
0.722083
0.722083
0.722083
0.722083
0.722083
0.722083
0.723958
0.723958
0.723958
0.723958
0.723958
0.723958
0.723958
0.723958
0.747292
0.747292
0.747292
0.747292
0.747292
0.747292
0.747292
0.747292
0.739896
0.739896
0.739896
0.739896
0.739896
0.739896
0.739896
0.739896
0.731875
0.731875
0.731875
0.731875
0.731875
0.731875
0.731875
0.731875
0.730486
0.730486
0.730486
0.730486
0.730486
0.730486
0.730486
0.730486
0.727292
0.727292
0.727292
0.727292
0.727292
0.727292
0.727292
0.727292
0.742396
0.742396
0.742396
0.742396
0.742396
0.742396
0.742396
0.742396
0.763333
0.763333
0.763333
0.763333
0.763333
0.763333
0.763333
0.763333
0.79875
0.79875
0.79875
0.79875
0.79875
0.79875
0.79875
0.79875
0.823542
0.823542
0.823542
0.823542
0.823542
0.823542
0.823542
0.823542
0.852187
0.852187
0.852187
0.852187
0.852187
0.852187
0.852187
0.852187
0.895278
0.895278
0.895278
0.895278
0.895278
0.895278
0.895278
0.895278
0.90059
0.90059
0.90059
0.90059
0.90059
0.90059
0.90059
0.90059
0.90309
0.90309
0.90309
0.90309
0.90309
0.90309
0.90309
0.90309
0.934583
0.934583
0.934583
0.934583
0.934583
0.934583
0.934583
0.934583
0.93
0.93
0.93
0.93
0.93
0.93
0.93
0.93
0.929375
0.929375
0.929375
0.929375
0.929375
0.929375
0.929375
0.929375
0.917569
0.917569
0.917569
0.917569
0.917569
0.917569
0.917569
0.917569
0.909965
0.909965
0.909965
0.909965
0.909965
0.909965
0.909965
0.909965
0.907569
0.907569
0.907569
0.907569
0.907569
0.907569
0.907569
0.907569
0.916007
0.916007
0.916007
0.916007
0.916007
0.916007
0.916007
0.916007
0.910868
0.910868
0.910868
0.910868
0.910868
0.910868
0.910868
0.910868
0.912917
0.912917
0.912917
0.912917
0.912917
0.912917
0.912917
0.912917
0.945799
0.945799
0.945799
0.945799
0.945799
0.945799
0.945799
0.945799
0.94125
0.94125
0.94125
0.94125
0.94125
0.94125
0.94125
0.94125
0.941771
0.941771
0.941771
0.941771
0.941771
0.941771
0.941771
0.941771
0.947257
0.947257
0.947257
0.947257
0.947257
0.947257
0.947257
0.947257
0.951944
0.951944
0.951944
0.951944
0.951944
0.951944
0.951944
0.951944
0.95309
0.95309
0.95309
0.95309
0.95309
0.95309
0.95309
0.95309
0.95375
0.95375
0.95375
0.95375
0.95375
0.95375
0.95375
0.95375
0.966354
0.966354
0.966354
0.966354
0.966354
0.966354
0.966354
0.966354
0.963646
0.963646
0.963646
0.963646
0.963646
0.963646
0.963646
0.963646
0.961146
0.961146
0.961146
0.961146
0.961146
0.961146
0.961146
0.961146
0.946875
0.946875
0.946875
0.946875
0.946875
0.946875
0.946875
0.946875
0.943924
0.943924
0.943924
0.943924
0.943924
0.943924
0.943924
0.943924
0.946771
0.946771
0.946771
0.946771
0.946771
0.946771
0.946771
0.946771
0.971562
0.971562
0.971562
0.971562
0.971562
0.971562
0.971562
0.971562
0.979167
0.979167
0.979167
0.979167
0.979167
0.979167
0.979167
0.979167
0.976979
0.976979
0.976979
0.976979
0.976979
0.976979
0.976979
0.976979
0.976979
0.976979
0.976979
0.976979
0.976979
0.976979
0.976979
0.976979
0.974896
0.974896
0.974896
0.974896
0.974896
0.974896
0.974896
0.974896
0.974167
0.974167
0.974167
0.974167
0.974167
0.974167
0.974167
0.974167
0.974375
0.974375
0.974375
0.974375
0.974375
0.974375
0.974375
0.974375
0.975417
0.975417
0.975417
0.975417
0.975417
0.975417
0.975417
0.975417
0.972708
0.972708
0.972708
0.972708
0.972708
0.972708
0.972708
0.972708
0.969792
0.969792
0.969792
0.969792
0.969792
0.969792
0.969792
0.969792
0.968021
0.968021
0.968021
0.968021
0.968021
0.968021
0.968021
0.968021
0.965938
0.965938
0.965938
0.965938
0.965938
0.965938
0.965938
0.965938
0.965417
0.965417
0.965417
0.965417
0.965417
0.965417
0.965417
0.965417
0.964688
0.964688
0.964688
0.964688
0.964688
0.964688
0.964688
0.964688
0.963854
0.963854
0.963854
0.963854
0.963854
0.963854
0.963854
0.963854
0.964583
0.964583
0.964583
0.964583
0.964583
0.964583
0.964583
0.964583
0.96125
0.96125
0.96125
0.96125
0.96125
0.96125
0.96125
0.96125
0.9575
0.9575
0.9575
0.9575
0.9575
0.9575
0.9575
0.9575
0.958438
0.958438
0.958438
0.958438
0.958438
0.958438
0.958438
0.958438
0.957396
0.957396
0.957396
0.957396
0.957396
0.957396
0.957396
0.957396
0.954792
0.954792
0.954792
0.954792
0.954792
0.954792
0.954792
0.954792
0.953333
0.953333
0.953333
0.953333
0.953333
0.953333
0.953333
0.953333
0.947187
0.947187
0.947187
0.947187
0.947187
0.947187
0.947187
0.947187
0.945
0.945
0.945
0.945
0.945
0.945
0.945
0.945
0.940382
0.940382
0.940382
0.940382
0.940382
0.940382
0.940382
0.940382
0.93684
0.93684
0.93684
0.93684
0.93684
0.93684
0.93684
0.93684
0.933819
0.933819
0.933819
0.933819
0.933819
0.933819
0.933819
0.933819
0.932049
0.932049
0.932049
0.932049
0.932049
0.932049
0.932049
0.932049
0.926424
0.926424
0.926424
0.926424
0.926424
0.926424
0.926424
0.926424
0.919965
0.919965
0.919965
0.919965
0.919965
0.919965
0.919965
0.919965
0.918958
0.918958
0.918958
0.918958
0.918958
0.918958
0.918958
0.918958
0.914687
0.914687
0.914687
0.914687
0.914687
0.914687
0.914687
0.914687
0.911979
0.911979
0.911979
0.911979
0.911979
0.911979
0.911979
0.911979
0.912396
0.912396
0.912396
0.912396
0.912396
0.912396
0.912396
0.912396
0.906667
0.906667
0.906667
0.906667
0.906667
0.906667
0.906667
0.906667
0.901563
0.901563
0.901563
0.901563
0.901563
0.901563
0.901563
0.901563
0.899167
0.899167
0.899167
0.899167
0.899167
0.899167
0.899167
0.899167
0.889583
0.889583
0.889583
0.889583
0.889583
0.889583
0.889583
0.889583
0.885729
0.885729
0.885729
0.885729
0.885729
0.885729
0.885729
0.885729
0.891042
0.891042
0.891042
0.891042
0.891042
0.891042
0.891042
0.891042
0.880208
0.880208
0.880208
0.880208
0.880208
0.880208
0.880208
0.880208
0.871042
0.871042
0.871042
0.871042
0.871042
0.871042
0.871042
0.871042
0.867917
0.867917
0.867917
0.867917
0.867917
0.867917
0.867917
0.867917
0.860972
0.860972
0.860972
0.860972
0.860972
0.860972
0.860972
0.860972
0.854931
0.854931
0.854931
0.854931
0.854931
0.854931
0.854931
0.854931
0.848368
0.848368
0.848368
0.848368
0.848368
0.848368
0.848368
0.848368
0.847743
0.847743
0.847743
0.847743
0.847743
0.847743
0.847743
0.847743
0.838264
0.838264
0.838264
0.838264
0.838264
0.838264
0.838264
0.838264
0.829826
0.829826
0.829826
0.829826
0.829826
0.829826
0.829826
0.829826
0.820139
0.820139
0.820139
0.820139
0.820139
0.820139
0.820139
0.820139
0.815035
0.815035
0.815035
0.815035
0.815035
0.815035
0.815035
0.815035
0.810556
0.810556
0.810556
0.810556
0.810556
0.810556
0.810556
0.810556
0.813368
0.813368
0.813368
0.813368
0.813368
0.813368
0.813368
0.813368
0.804931
0.804931
0.804931
0.804931
0.804931
0.804931
0.804931
0.804931
0.792674
0.792674
0.792674
0.792674
0.792674
0.792674
0.792674
0.792674
0.787743
0.787743
0.787743
0.787743
0.787743
0.787743
0.787743
0.787743
0.776597
0.776597
0.776597
0.776597
0.776597
0.776597
0.776597
0.776597
0.765139
0.765139
0.765139
0.765139
0.765139
0.765139
0.765139
0.765139
0.771701
0.771701
0.771701
0.771701
0.771701
0.771701
0.771701
0.771701
0.763333
0.763333
0.763333
0.763333
0.763333
0.763333
0.763333
0.763333
0.752535
0.752535
0.752535
0.752535
0.752535
0.752535
0.752535
0.752535
0.747431
0.747431
0.747431
0.747431
0.747431
0.747431
0.747431
0.747431
0.736771
0.736771
0.736771
0.736771
0.736771
0.736771
0.736771
0.736771
0.726875
0.726875
0.726875
0.726875
0.726875
0.726875
0.726875
0.726875
0.729375
0.729375
0.729375
0.729375
0.729375
0.729375
0.729375
0.729375
0.714688
0.714688
0.714688
0.714688
0.714688
0.714688
0.714688
0.714688
0.705764
0.705764
0.705764
0.705764
0.705764
0.705764
0.705764
0.705764
0.717951
0.717951
0.717951
0.717951
0.717951
0.717951
0.717951
0.717951
0.696042
0.696042
0.696042
0.696042
0.696042
0.696042
0.696042
0.696042
0.685243
0.685243
0.685243
0.685243
0.685243
0.685243
0.685243
0.685243
0.679479
0.679479
0.679479
0.679479
0.679479
0.679479
0.679479
0.679479
0.683021
0.683021
0.683021
0.683021
0.683021
0.683021
0.683021
0.683021
0.670868
0.670868
0.670868
0.670868
0.670868
0.670868
0.670868
0.670868
0.664201
0.664201
0.664201
0.664201
0.664201
0.664201
0.664201
0.664201
0.672708
0.672708
0.672708
0.672708
0.672708
0.672708
0.672708
0.672708
0.675451
0.675451
0.675451
0.675451
0.675451
0.675451
0.675451
0.675451
0.703472
0.703472
0.703472
0.703472
0.703472
0.703472
0.703472
0.703472
0.734062
0.734062
0.734062
0.734062
0.734062
0.734062
0.734062
0.734062
0.764687
0.764687
0.764687
0.764687
0.764687
0.764687
0.764687
0.764687
0.787708
0.787708
0.787708
0.787708
0.787708
0.787708
0.787708
0.787708
0.814271
0.814271
0.814271
0.814271
0.814271
0.814271
0.814271
0.814271
0.847674
0.847674
0.847674
0.847674
0.847674
0.847674
0.847674
0.847674
0.87
0.87
0.87
0.87
0.87
0.87
0.87
0.87
0.894271
0.894271
0.894271
0.894271
0.894271
0.894271
0.894271
0.894271
0.92125
0.92125
0.92125
0.92125
0.92125
0.92125
0.92125
0.92125
0.927326
0.927326
0.927326
0.927326
0.927326
0.927326
0.927326
0.927326
0.938646
0.938646
0.938646
0.938646
0.938646
0.938646
0.938646
0.938646
0.937917
0.937917
0.937917
0.937917
0.937917
0.937917
0.937917
0.937917
0.942639
0.942639
0.942639
0.942639
0.942639
0.942639
0.942639
0.942639
0.947292
0.947292
0.947292
0.947292
0.947292
0.947292
0.947292
0.947292
0.946667
0.946667
0.946667
0.946667
0.946667
0.946667
0.946667
0.946667
0.938542
0.938542
0.938542
0.938542
0.938542
0.938542
0.938542
0.938542
0.945104
0.945104
0.945104
0.945104
0.945104
0.945104
0.945104
0.945104
0.948438
0.948438
0.948438
0.948438
0.948438
0.948438
0.948438
0.948438
0.947083
0.947083
0.947083
0.947083
0.947083
0.947083
0.947083
0.947083
0.936875
0.936875
0.936875
0.936875
0.936875
0.936875
0.936875
0.936875
0.929618
0.929618
0.929618
0.929618
0.929618
0.929618
0.929618
0.929618
0.939896
0.939896
0.939896
0.939896
0.939896
0.939896
0.939896
0.939896
0.953993
0.953993
0.953993
0.953993
0.953993
0.953993
0.953993
0.953993
0.962187
0.962187
0.962187
0.962187
0.962187
0.962187
0.962187
0.962187
0.972708
0.972708
0.972708
0.972708
0.972708
0.972708
0.972708
0.972708
0.964688
0.964688
0.964688
0.964688
0.964688
0.964688
0.964688
0.964688
0.957917
0.957917
0.957917
0.957917
0.957917
0.957917
0.957917
0.957917
0.934236
0.934236
0.934236
0.934236
0.934236
0.934236
0.934236
0.934236
0.925
0.925
0.925
0.925
0.925
0.925
0.925
0.925
0.934896
0.934896
0.934896
0.934896
0.934896
0.934896
0.934896
0.934896
0.9275
0.9275
0.9275
0.9275
0.9275
0.9275
0.9275
0.9275
0.938646
0.938646
0.938646
0.938646
0.938646
0.938646
0.938646
0.938646
0.941042
0.941042
0.941042
0.941042
0.941042
0.941042
0.941042
0.941042
0.939792
0.939792
0.939792
0.939792
0.939792
0.939792
0.939792
0.939792
0.942118
0.942118
0.942118
0.942118
0.942118
0.942118
0.942118
0.942118
0.934167
0.934167
0.934167
0.934167
0.934167
0.934167
0.934167
0.934167
0.924896
0.924896
0.924896
0.924896
0.924896
0.924896
0.924896
0.924896
0.919479
0.919479
0.919479
0.919479
0.919479
0.919479
0.919479
0.919479
0.921285
0.921285
0.921285
0.921285
0.921285
0.921285
0.921285
0.921285
0.814375
0.814375
0.814375
0.814375
0.814375
0.814375
0.814375
0.814375
0.658542
0.658542
0.658542
0.658542
0.658542
0.658542
0.658542
0.658542
0.632917
0.632917
0.632917
0.632917
0.632917
0.632917
0.632917
0.632917
0.611875
0.611875
0.611875
0.611875
0.611875
0.611875
0.611875
0.611875
0.643542
0.643542
0.643542
0.643542
0.643542
0.643542
0.643542
0.643542
0.613542
0.613542
0.613542
0.613542
0.613542
0.613542
0.613542
0.613542
0.545937
0.545937
0.545937
0.545937
0.545937
0.545937
0.545937
0.545937
0.525208
0.525208
0.525208
0.525208
0.525208
0.525208
0.525208
0.525208
0.52684
0.52684
0.52684
0.52684
0.52684
0.52684
0.52684
0.52684
0.474271
0.474271
0.474271
0.474271
0.474271
0.474271
0.474271
0.474271
0.428438
0.428438
0.428438
0.428438
0.428438
0.428438
0.428438
0.428438
0.413229
0.413229
0.413229
0.413229
0.413229
0.413229
0.413229
0.413229
0.393056
0.393056
0.393056
0.393056
0.393056
0.393056
0.393056
0.393056
0.336215
0.336215
0.336215
0.336215
0.336215
0.336215
0.336215
0.336215
0.263472
0.263472
0.263472
0.263472
0.263472
0.263472
0.263472
0.263472
0.256528
0.256528
0.256528
0.256528
0.256528
0.256528
0.256528
0.256528
0.310729
0.310729
0.310729
0.310729
0.310729
0.310729
0.310729
0.310729
0.357917
0.357917
0.357917
0.357917
0.357917
0.357917
0.357917
0.357917
0.426146
0.426146
0.426146
0.426146
0.426146
0.426146
0.426146
0.426146
0.507188
0.507188
0.507188
0.507188
0.507188
0.507188
0.507188
0.507188
0.652396
0.652396
0.652396
0.652396
0.652396
0.652396
0.652396
0.652396
0.655104
0.655104
0.655104
0.655104
0.655104
0.655104
0.655104
0.655104
0.579514
0.579514
0.579514
0.579514
0.579514
0.579514
0.579514
0.579514
0.504583
0.504583
0.504583
0.504583
0.504583
0.504583
0.504583
0.504583
0.415417
0.415417
0.415417
0.415417
0.415417
0.415417
0.415417
0.415417
0.360556
0.360556
0.360556
0.360556
0.360556
0.360556
0.360556
0.360556
0.277292
0.277292
0.277292
0.277292
0.277292
0.277292
0.277292
0.277292
0.179688
0.179688
0.179688
0.179688
0.179688
0.179688
0.179688
0.179688
0.122604
0.122604
0.122604
0.122604
0.122604
0.122604
0.122604
0.122604
0.0824306
0.0824306
0.0824306
0.0824306
0.0824306
0.0824306
0.0824306
0.0824306
0.0832639
0.0832639
0.0832639
0.0832639
0.0832639
0.0832639
0.0832639
0.0832639
0.0812847
0.0812847
0.0812847
0.0812847
0.0812847
0.0812847
0.0812847
0.0812847
0.0884722
0.0884722
0.0884722
0.0884722
0.0884722
0.0884722
0.0884722
0.0884722
0.225347
0.225347
0.225347
0.225347
0.225347
0.225347
0.225347
0.225347
0.423333
0.423333
0.423333
0.423333
0.423333
0.423333
0.423333
0.423333
0.556146
0.556146
0.556146
0.556146
0.556146
0.556146
0.556146
0.556146
0.588854
0.588854
0.588854
0.588854
0.588854
0.588854
0.588854
0.588854
0.5075
0.5075
0.5075
0.5075
0.5075
0.5075
0.5075
0.5075
0.378958
0.378958
0.378958
0.378958
0.378958
0.378958
0.378958
0.378958
0.283854
0.283854
0.283854
0.283854
0.283854
0.283854
0.283854
0.283854
0.212812
0.212812
0.212812
0.212812
0.212812
0.212812
0.212812
0.212812
0.129826
0.129826
0.129826
0.129826
0.129826
0.129826
0.129826
0.129826
0.0790972
0.0790972
0.0790972
0.0790972
0.0790972
0.0790972
0.0790972
0.0790972
0.0727431
0.0727431
0.0727431
0.0727431
0.0727431
0.0727431
0.0727431
0.0727431
0.0707986
0.0707986
0.0707986
0.0707986
0.0707986
0.0707986
0.0707986
0.0707986
0.115521
0.115521
0.115521
0.115521
0.115521
0.115521
0.115521
0.115521
0.212951
0.212951
0.212951
0.212951
0.212951
0.212951
0.212951
0.212951
0.326979
0.326979
0.326979
0.326979
0.326979
0.326979
0.326979
0.326979
0.573542
0.573542
0.573542
0.573542
0.573542
0.573542
0.573542
0.573542
0.677674
0.677674
0.677674
0.677674
0.677674
0.677674
0.677674
0.677674
0.644687
0.644687
0.644687
0.644687
0.644687
0.644687
0.644687
0.644687
0.565521
0.565521
0.565521
0.565521
0.565521
0.565521
0.565521
0.565521
0.372396
0.372396
0.372396
0.372396
0.372396
0.372396
0.372396
0.372396
0.333646
0.333646
0.333646
0.333646
0.333646
0.333646
0.333646
0.333646
0.250278
0.250278
0.250278
0.250278
0.250278
0.250278
0.250278
0.250278
0.179479
0.179479
0.179479
0.179479
0.179479
0.179479
0.179479
0.179479
0.115729
0.115729
0.115729
0.115729
0.115729
0.115729
0.115729
0.115729
0.0791667
0.0791667
0.0791667
0.0791667
0.0791667
0.0791667
0.0791667
0.0791667
0.0595833
0.0595833
0.0595833
0.0595833
0.0595833
0.0595833
0.0595833
0.0595833
0.0573958
0.0573958
0.0573958
0.0573958
0.0573958
0.0573958
0.0573958
0.0573958
0.0580208
0.0580208
0.0580208
0.0580208
0.0580208
0.0580208
0.0580208
0.0580208
0.0570833
0.0570833
0.0570833
0.0570833
0.0570833
0.0570833
0.0570833
0.0570833
0.0559375
0.0559375
0.0559375
0.0559375
0.0559375
0.0559375
0.0559375
0.0559375
0.05625
0.05625
0.05625
0.05625
0.05625
0.05625
0.05625
0.05625
0.0571875
0.0571875
0.0571875
0.0571875
0.0571875
0.0571875
0.0571875
0.0571875
0.0598958
0.0598958
0.0598958
0.0598958
0.0598958
0.0598958
0.0598958
0.0598958
0.105729
0.105729
0.105729
0.105729
0.105729
0.105729
0.105729
0.105729
0.146875
0.146875
0.146875
0.146875
0.146875
0.146875
0.146875
0.146875
0.16625
0.16625
0.16625
0.16625
0.16625
0.16625
0.16625
0.16625
0.17125
0.17125
0.17125
0.17125
0.17125
0.17125
0.17125
0.17125
0.1625
0.1625
0.1625
0.1625
0.1625
0.1625
0.1625
0.1625
0.1275
0.1275
0.1275
0.1275
0.1275
0.1275
0.1275
0.1275
0.112708
0.112708
0.112708
0.112708
0.112708
0.112708
0.112708
0.112708
0.0953472
0.0953472
0.0953472
0.0953472
0.0953472
0.0953472
0.0953472
0.0953472
0.0685417
0.0685417
0.0685417
0.0685417
0.0685417
0.0685417
0.0685417
0.0685417
0.0694792
0.0694792
0.0694792
0.0694792
0.0694792
0.0694792
0.0694792
0.0694792
0.0625
0.0625
0.0625
0.0625
0.0625
0.0625
0.0625
0.0625
0.0630208
0.0630208
0.0630208
0.0630208
0.0630208
0.0630208
0.0630208
0.0630208
0.0733333
0.0733333
0.0733333
0.0733333
0.0733333
0.0733333
0.0733333
0.0733333
0.0692708
0.0692708
0.0692708
0.0692708
0.0692708
0.0692708
0.0692708
0.0692708
0.0682292
0.0682292
0.0682292
0.0682292
0.0682292
0.0682292
0.0682292
0.0682292
0.129271
0.129271
0.129271
0.129271
0.129271
0.129271
0.129271
0.129271
0.136042
0.136042
0.136042
0.136042
0.136042
0.136042
0.136042
0.136042
0.134896
0.134896
0.134896
0.134896
0.134896
0.134896
0.134896
0.134896
0.10809
0.10809
0.10809
0.10809
0.10809
0.10809
0.10809
0.10809
0.0560417
0.0560417
0.0560417
0.0560417
0.0560417
0.0560417
0.0560417
0.0560417
0.0559375
0.0559375
0.0559375
0.0559375
0.0559375
0.0559375
0.0559375
0.0559375
0.0908333
0.0908333
0.0908333
0.0908333
0.0908333
0.0908333
0.0908333
0.0908333
0.0917708
0.0917708
0.0917708
0.0917708
0.0917708
0.0917708
0.0917708
0.0917708
0.0819792
0.0819792
0.0819792
0.0819792
0.0819792
0.0819792
0.0819792
0.0819792
0.0896875
0.0896875
0.0896875
0.0896875
0.0896875
0.0896875
0.0896875
0.0896875
0.0583333
0.0583333
0.0583333
0.0583333
0.0583333
0.0583333
0.0583333
0.0583333
0.055625
0.055625
0.055625
0.055625
0.055625
0.055625
0.055625
0.055625
0.0610417
0.0610417
0.0610417
0.0610417
0.0610417
0.0610417
0.0610417
0.0610417
0.0655208
0.0655208
0.0655208
0.0655208
0.0655208
0.0655208
0.0655208
0.0655208
0.0703125
0.0703125
0.0703125
0.0703125
0.0703125
0.0703125
0.0703125
0.0703125
0.0766667
0.0766667
0.0766667
0.0766667
0.0766667
0.0766667
0.0766667
0.0766667
0.106458
0.106458
0.106458
0.106458
0.106458
0.106458
0.106458
0.106458
0.122083
0.122083
0.122083
0.122083
0.122083
0.122083
0.122083
0.122083
0.118021
0.118021
0.118021
0.118021
0.118021
0.118021
0.118021
0.118021
0.138229
0.138229
0.138229
0.138229
0.138229
0.138229
0.138229
0.138229
0.108958
0.108958
0.108958
0.108958
0.108958
0.108958
0.108958
0.108958
0.0658333
0.0658333
0.0658333
0.0658333
0.0658333
0.0658333
0.0658333
0.0658333
0.0401042
0.0401042
0.0401042
0.0401042
0.0401042
0.0401042
0.0401042
0.0401042
0.0403125
0.0403125
0.0403125
0.0403125
0.0403125
0.0403125
0.0403125
0.0403125
0.039375
0.039375
0.039375
0.039375
0.039375
0.039375
0.039375
0.039375
0.0396875
0.0396875
0.0396875
0.0396875
0.0396875
0.0396875
0.0396875
0.0396875
0.0395833
0.0395833
0.0395833
0.0395833
0.0395833
0.0395833
0.0395833
0.0395833
0.0389583
0.0389583
0.0389583
0.0389583
0.0389583
0.0389583
0.0389583
0.0389583
0.0379167
0.0379167
0.0379167
0.0379167
0.0379167
0.0379167
0.0379167
0.0379167
0.0384375
0.0384375
0.0384375
0.0384375
0.0384375
0.0384375
0.0384375
0.0384375
0.0758333
0.0758333
0.0758333
0.0758333
0.0758333
0.0758333
0.0758333
0.0758333
0.111979
0.111979
0.111979
0.111979
0.111979
0.111979
0.111979
0.111979
0.175417
0.175417
0.175417
0.175417
0.175417
0.175417
0.175417
0.175417
0.182188
0.182188
0.182188
0.182188
0.182188
0.182188
0.182188
0.182188
0.229063
0.229063
0.229063
0.229063
0.229063
0.229063
0.229063
0.229063
0.212604
0.212604
0.212604
0.212604
0.212604
0.212604
0.212604
0.212604
0.174757
0.174757
0.174757
0.174757
0.174757
0.174757
0.174757
0.174757
0.155625
0.155625
0.155625
0.155625
0.155625
0.155625
0.155625
0.155625
0.123958
0.123958
0.123958
0.123958
0.123958
0.123958
0.123958
0.123958
0.0944792
0.0944792
0.0944792
0.0944792
0.0944792
0.0944792
0.0944792
0.0944792
0.0959375
0.0959375
0.0959375
0.0959375
0.0959375
0.0959375
0.0959375
0.0959375
0.0995833
0.0995833
0.0995833
0.0995833
0.0995833
0.0995833
0.0995833
0.0995833
0.104479
0.104479
0.104479
0.104479
0.104479
0.104479
0.104479
0.104479
0.131979
0.131979
0.131979
0.131979
0.131979
0.131979
0.131979
0.131979
0.143125
0.143125
0.143125
0.143125
0.143125
0.143125
0.143125
0.143125
0.1575
0.1575
0.1575
0.1575
0.1575
0.1575
0.1575
0.1575
0.163229
0.163229
0.163229
0.163229
0.163229
0.163229
0.163229
0.163229
0.170104
0.170104
0.170104
0.170104
0.170104
0.170104
0.170104
0.170104
0.172708
0.172708
0.172708
0.172708
0.172708
0.172708
0.172708
0.172708
0.171146
0.171146
0.171146
0.171146
0.171146
0.171146
0.171146
0.171146
0.167708
0.167708
0.167708
0.167708
0.167708
0.167708
0.167708
0.167708
0.162917
0.162917
0.162917
0.162917
0.162917
0.162917
0.162917
0.162917
0.159132
0.159132
0.159132
0.159132
0.159132
0.159132
0.159132
0.159132
0.155729
0.155729
0.155729
0.155729
0.155729
0.155729
0.155729
0.155729
0.15875
0.15875
0.15875
0.15875
0.15875
0.15875
0.15875
0.15875
0.157812
0.157812
0.157812
0.157812
0.157812
0.157812
0.157812
0.157812
0.153438
0.153438
0.153438
0.153438
0.153438
0.153438
0.153438
0.153438
0.149201
0.149201
0.149201
0.149201
0.149201
0.149201
0.149201
0.149201
0.170833
0.170833
0.170833
0.170833
0.170833
0.170833
0.170833
0.170833
0.155104
0.155104
0.155104
0.155104
0.155104
0.155104
0.155104
0.155104
0.154688
0.154688
0.154688
0.154688
0.154688
0.154688
0.154688
0.154688
0.150104
0.150104
0.150104
0.150104
0.150104
0.150104
0.150104
0.150104
0.160417
0.160417
0.160417
0.160417
0.160417
0.160417
0.160417
0.160417
0.159896
0.159896
0.159896
0.159896
0.159896
0.159896
0.159896
0.159896
0.158646
0.158646
0.158646
0.158646
0.158646
0.158646
0.158646
0.158646
0.158854
0.158854
0.158854
0.158854
0.158854
0.158854
0.158854
0.158854
0.158958
0.158958
0.158958
0.158958
0.158958
0.158958
0.158958
0.158958
0.161042
0.161042
0.161042
0.161042
0.161042
0.161042
0.161042
0.161042
0.162604
0.162604
0.162604
0.162604
0.162604
0.162604
0.162604
0.162604
0.174514
0.174514
0.174514
0.174514
0.174514
0.174514
0.174514
0.174514
0.219583
0.219583
0.219583
0.219583
0.219583
0.219583
0.219583
0.219583
0.284687
0.284687
0.284687
0.284687
0.284687
0.284687
0.284687
0.284687
0.344792
0.344792
0.344792
0.344792
0.344792
0.344792
0.344792
0.344792
0.413438
0.413438
0.413438
0.413438
0.413438
0.413438
0.413438
0.413438
0.467569
0.467569
0.467569
0.467569
0.467569
0.467569
0.467569
0.467569
0.564688
0.564688
0.564688
0.564688
0.564688
0.564688
0.564688
0.564688
0.677917
0.677917
0.677917
0.677917
0.677917
0.677917
0.677917
0.677917
0.710208
0.710208
0.710208
0.710208
0.710208
0.710208
0.710208
0.710208
0.765764
0.765764
0.765764
0.765764
0.765764
0.765764
0.765764
0.765764
0.784201
0.784201
0.784201
0.784201
0.784201
0.784201
0.784201
0.784201
0.815347
0.815347
0.815347
0.815347
0.815347
0.815347
0.815347
0.815347
0.826042
0.826042
0.826042
0.826042
0.826042
0.826042
0.826042
0.826042
0.814826
0.814826
0.814826
0.814826
0.814826
0.814826
0.814826
0.814826
0.806389
0.806389
0.806389
0.806389
0.806389
0.806389
0.806389
0.806389
0.810278
0.810278
0.810278
0.810278
0.810278
0.810278
0.810278
0.810278
0.806076
0.806076
0.806076
0.806076
0.806076
0.806076
0.806076
0.806076
0.804826
0.804826
0.804826
0.804826
0.804826
0.804826
0.804826
0.804826
0.793333
0.793333
0.793333
0.793333
0.793333
0.793333
0.793333
0.793333
0.794618
0.794618
0.794618
0.794618
0.794618
0.794618
0.794618
0.794618
0.794201
0.794201
0.794201
0.794201
0.794201
0.794201
0.794201
0.794201
0.791319
0.791319
0.791319
0.791319
0.791319
0.791319
0.791319
0.791319
0.779965
0.779965
0.779965
0.779965
0.779965
0.779965
0.779965
0.779965
0.775069
0.775069
0.775069
0.775069
0.775069
0.775069
0.775069
0.775069
0.769271
0.769271
0.769271
0.769271
0.769271
0.769271
0.769271
0.769271
0.761875
0.761875
0.761875
0.761875
0.761875
0.761875
0.761875
0.761875
0.752674
0.752674
0.752674
0.752674
0.752674
0.752674
0.752674
0.752674
0.753403
0.753403
0.753403
0.753403
0.753403
0.753403
0.753403
0.753403
0.745903
0.745903
0.745903
0.745903
0.745903
0.745903
0.745903
0.745903
0.743229
0.743229
0.743229
0.743229
0.743229
0.743229
0.743229
0.743229
0.736875
0.736875
0.736875
0.736875
0.736875
0.736875
0.736875
0.736875
0.732604
0.732604
0.732604
0.732604
0.732604
0.732604
0.732604
0.732604
0.732604
0.732604
0.732604
0.732604
0.732604
0.732604
0.732604
0.732604
0.728785
0.728785
0.728785
0.728785
0.728785
0.728785
0.728785
0.728785
0.725938
0.725938
0.725938
0.725938
0.725938
0.725938
0.725938
0.725938
0.720521
0.720521
0.720521
0.720521
0.720521
0.720521
0.720521
0.720521
0.714792
0.714792
0.714792
0.714792
0.714792
0.714792
0.714792
0.714792
0.714583
0.714583
0.714583
0.714583
0.714583
0.714583
0.714583
0.714583
0.706875
0.706875
0.706875
0.706875
0.706875
0.706875
0.706875
0.706875
0.704271
0.704271
0.704271
0.704271
0.704271
0.704271
0.704271
0.704271
0.702812
0.702812
0.702812
0.702812
0.702812
0.702812
0.702812
0.702812
0.697396
0.697396
0.697396
0.697396
0.697396
0.697396
0.697396
0.697396
0.699375
0.699375
0.699375
0.699375
0.699375
0.699375
0.699375
0.699375
0.698125
0.698125
0.698125
0.698125
0.698125
0.698125
0.698125
0.698125
0.690208
0.690208
0.690208
0.690208
0.690208
0.690208
0.690208
0.690208
0.685312
0.685312
0.685312
0.685312
0.685312
0.685312
0.685312
0.685312
0.688958
0.688958
0.688958
0.688958
0.688958
0.688958
0.688958
0.688958
0.680208
0.680208
0.680208
0.680208
0.680208
0.680208
0.680208
0.680208
0.675312
0.675312
0.675312
0.675312
0.675312
0.675312
0.675312
0.675312
0.675625
0.675625
0.675625
0.675625
0.675625
0.675625
0.675625
0.675625
0.665521
0.665521
0.665521
0.665521
0.665521
0.665521
0.665521
0.665521
0.653229
0.653229
0.653229
0.653229
0.653229
0.653229
0.653229
0.653229
0.65625
0.65625
0.65625
0.65625
0.65625
0.65625
0.65625
0.65625
0.641458
0.641458
0.641458
0.641458
0.641458
0.641458
0.641458
0.641458
0.635104
0.635104
0.635104
0.635104
0.635104
0.635104
0.635104
0.635104
0.628125
0.628125
0.628125
0.628125
0.628125
0.628125
0.628125
0.628125
0.6275
0.6275
0.6275
0.6275
0.6275
0.6275
0.6275
0.6275
0.624271
0.624271
0.624271
0.624271
0.624271
0.624271
0.624271
0.624271
0.619479
0.619479
0.619479
0.619479
0.619479
0.619479
0.619479
0.619479
0.613437
0.613437
0.613437
0.613437
0.613437
0.613437
0.613437
0.613437
0.604062
0.604062
0.604062
0.604062
0.604062
0.604062
0.604062
0.604062
0.596354
0.596354
0.596354
0.596354
0.596354
0.596354
0.596354
0.596354
0.598646
0.598646
0.598646
0.598646
0.598646
0.598646
0.598646
0.598646
0.593229
0.593229
0.593229
0.593229
0.593229
0.593229
0.593229
0.593229
0.586146
0.586146
0.586146
0.586146
0.586146
0.586146
0.586146
0.586146
0.581562
0.581562
0.581562
0.581562
0.581562
0.581562
0.581562
0.581562
0.563333
0.563333
0.563333
0.563333
0.563333
0.563333
0.563333
0.563333
0.550833
0.550833
0.550833
0.550833
0.550833
0.550833
0.550833
0.550833
0.546875
0.546875
0.546875
0.546875
0.546875
0.546875
0.546875
0.546875
0.534062
0.534062
0.534062
0.534062
0.534062
0.534062
0.534062
0.534062
0.525417
0.525417
0.525417
0.525417
0.525417
0.525417
0.525417
0.525417
0.521667
0.521667
0.521667
0.521667
0.521667
0.521667
0.521667
0.521667
0.512188
0.512188
0.512188
0.512188
0.512188
0.512188
0.512188
0.512188
0.5
0.5
0.5
0.5
0.5
0.5
0.5
0.5
0.502708
0.502708
0.502708
0.502708
0.502708
0.502708
0.502708
0.502708
0.489687
0.489687
0.489687
0.489687
0.489687
0.489687
0.489687
0.489687
0.484375
0.484375
0.484375
0.484375
0.484375
0.484375
0.484375
0.484375
0.482812
0.482812
0.482812
0.482812
0.482812
0.482812
0.482812
0.482812
0.469583
0.469583
0.469583
0.469583
0.469583
0.469583
0.469583
0.469583
0.458333
0.458333
0.458333
0.458333
0.458333
0.458333
0.458333
0.458333
0.451875
0.451875
0.451875
0.451875
0.451875
0.451875
0.451875
0.451875
0.444792
0.444792
0.444792
0.444792
0.444792
0.444792
0.444792
0.444792
0.438333
0.438333
0.438333
0.438333
0.438333
0.438333
0.438333
0.438333
0.427951
0.427951
0.427951
0.427951
0.427951
0.427951
0.427951
0.427951
0.426458
0.426458
0.426458
0.426458
0.426458
0.426458
0.426458
0.426458
0.431667
0.431667
0.431667
0.431667
0.431667
0.431667
0.431667
0.431667
0.415938
0.415938
0.415938
0.415938
0.415938
0.415938
0.415938
0.415938
0.419375
0.419375
0.419375
0.419375
0.419375
0.419375
0.419375
0.419375
0.418958
0.418958
0.418958
0.418958
0.418958
0.418958
0.418958
0.418958
0.400208
0.400208
0.400208
0.400208
0.400208
0.400208
0.400208
0.400208
0.388229
0.388229
0.388229
0.388229
0.388229
0.388229
0.388229
0.388229
0.382083
0.382083
0.382083
0.382083
0.382083
0.382083
0.382083
0.382083
0.368333
0.368333
0.368333
0.368333
0.368333
0.368333
0.368333
0.368333
0.356493
0.356493
0.356493
0.356493
0.356493
0.356493
0.356493
0.356493
0.359167
0.359167
0.359167
0.359167
0.359167
0.359167
0.359167
0.359167
0.357187
0.357187
0.357187
0.357187
0.357187
0.357187
0.357187
0.357187
0.353333
0.353333
0.353333
0.353333
0.353333
0.353333
0.353333
0.353333
0.359479
0.359479
0.359479
0.359479
0.359479
0.359479
0.359479
0.359479
0.353542
0.353542
0.353542
0.353542
0.353542
0.353542
0.353542
0.353542
0.345625
0.345625
0.345625
0.345625
0.345625
0.345625
0.345625
0.345625
0.341979
0.341979
0.341979
0.341979
0.341979
0.341979
0.341979
0.341979
0.332708
0.332708
0.332708
0.332708
0.332708
0.332708
0.332708
0.332708
0.325313
0.325313
0.325313
0.325313
0.325313
0.325313
0.325313
0.325313
0.320937
0.320937
0.320937
0.320937
0.320937
0.320937
0.320937
0.320937
0.323958
0.323958
0.323958
0.323958
0.323958
0.323958
0.323958
0.323958
0.318333
0.318333
0.318333
0.318333
0.318333
0.318333
0.318333
0.318333
0.314896
0.314896
0.314896
0.314896
0.314896
0.314896
0.314896
0.314896
0.314063
0.314063
0.314063
0.314063
0.314063
0.314063
0.314063
0.314063
0.309792
0.309792
0.309792
0.309792
0.309792
0.309792
0.309792
0.309792
0.303229
0.303229
0.303229
0.303229
0.303229
0.303229
0.303229
0.303229
0.344479
0.344479
0.344479
0.344479
0.344479
0.344479
0.344479
0.344479
0.324896
0.324896
0.324896
0.324896
0.324896
0.324896
0.324896
0.324896
0.316458
0.316458
0.316458
0.316458
0.316458
0.316458
0.316458
0.316458
0.323542
0.323542
0.323542
0.323542
0.323542
0.323542
0.323542
0.323542
0.310521
0.310521
0.310521
0.310521
0.310521
0.310521
0.310521
0.310521
0.301667
0.301667
0.301667
0.301667
0.301667
0.301667
0.301667
0.301667
0.307083
0.307083
0.307083
0.307083
0.307083
0.307083
0.307083
0.307083
0.288646
0.288646
0.288646
0.288646
0.288646
0.288646
0.288646
0.288646
0.284583
0.284583
0.284583
0.284583
0.284583
0.284583
0.284583
0.284583
0.302604
0.302604
0.302604
0.302604
0.302604
0.302604
0.302604
0.302604
0.289167
0.289167
0.289167
0.289167
0.289167
0.289167
0.289167
0.289167
0.283438
0.283438
0.283438
0.283438
0.283438
0.283438
0.283438
0.283438
0.284271
0.284271
0.284271
0.284271
0.284271
0.284271
0.284271
0.284271
0.260521
0.260521
0.260521
0.260521
0.260521
0.260521
0.260521
0.260521
0.253542
0.253542
0.253542
0.253542
0.253542
0.253542
0.253542
0.253542
0.255625
0.255625
0.255625
0.255625
0.255625
0.255625
0.255625
0.255625
0.240417
0.240417
0.240417
0.240417
0.240417
0.240417
0.240417
0.240417
0.237604
0.237604
0.237604
0.237604
0.237604
0.237604
0.237604
0.237604
0.22375
0.22375
0.22375
0.22375
0.22375
0.22375
0.22375
0.22375
0.229687
0.229687
0.229687
0.229687
0.229687
0.229687
0.229687
0.229687
0.226771
0.226771
0.226771
0.226771
0.226771
0.226771
0.226771
0.226771
0.215938
0.215938
0.215938
0.215938
0.215938
0.215938
0.215938
0.215938
0.217083
0.217083
0.217083
0.217083
0.217083
0.217083
0.217083
0.217083
0.208229
0.208229
0.208229
0.208229
0.208229
0.208229
0.208229
0.208229
0.205729
0.205729
0.205729
0.205729
0.205729
0.205729
0.205729
0.205729
0.222083
0.222083
0.222083
0.222083
0.222083
0.222083
0.222083
0.222083
0.205313
0.205313
0.205313
0.205313
0.205313
0.205313
0.205313
0.205313
0.201563
0.201563
0.201563
0.201563
0.201563
0.201563
0.201563
0.201563
0.198021
0.198021
0.198021
0.198021
0.198021
0.198021
0.198021
0.198021
0.185729
0.185729
0.185729
0.185729
0.185729
0.185729
0.185729
0.185729
0.182708
0.182708
0.182708
0.182708
0.182708
0.182708
0.182708
0.182708
0.200313
0.200313
0.200313
0.200313
0.200313
0.200313
0.200313
0.200313
0.187812
0.187812
0.187812
0.187812
0.187812
0.187812
0.187812
0.187812
0.175625
0.175625
0.175625
0.175625
0.175625
0.175625
0.175625
0.175625
0.186667
0.186667
0.186667
0.186667
0.186667
0.186667
0.186667
0.186667
0.18
0.18
0.18
0.18
0.18
0.18
0.18
0.18
0.185833
0.185833
0.185833
0.185833
0.185833
0.185833
0.185833
0.185833
0.204479
0.204479
0.204479
0.204479
0.204479
0.204479
0.204479
0.204479
0.194167
0.194167
0.194167
0.194167
0.194167
0.194167
0.194167
0.194167
0.220208
0.220208
0.220208
0.220208
0.220208
0.220208
0.220208
0.220208
0.276875
0.276875
0.276875
0.276875
0.276875
0.276875
0.276875
0.276875
0.299687
0.299687
0.299687
0.299687
0.299687
0.299687
0.299687
0.299687
0.337396
0.337396
0.337396
0.337396
0.337396
0.337396
0.337396
0.337396
0.365
0.365
0.365
0.365
0.365
0.365
0.365
0.365
0.413021
0.413021
0.413021
0.413021
0.413021
0.413021
0.413021
0.413021
0.463056
0.463056
0.463056
0.463056
0.463056
0.463056
0.463056
0.463056
0.494583
0.494583
0.494583
0.494583
0.494583
0.494583
0.494583
0.494583
0.538021
0.538021
0.538021
0.538021
0.538021
0.538021
0.538021
0.538021
0.570521
0.570521
0.570521
0.570521
0.570521
0.570521
0.570521
0.570521
0.654201
0.654201
0.654201
0.654201
0.654201
0.654201
0.654201
0.654201
0.700208
0.700208
0.700208
0.700208
0.700208
0.700208
0.700208
0.700208
0.701319
0.701319
0.701319
0.701319
0.701319
0.701319
0.701319
0.701319
0.719688
0.719688
0.719688
0.719688
0.719688
0.719688
0.719688
0.719688
0.733993
0.733993
0.733993
0.733993
0.733993
0.733993
0.733993
0.733993
0.752535
0.752535
0.752535
0.752535
0.752535
0.752535
0.752535
0.752535
0.788958
0.788958
0.788958
0.788958
0.788958
0.788958
0.788958
0.788958
0.800764
0.800764
0.800764
0.800764
0.800764
0.800764
0.800764
0.800764
0.810208
0.810208
0.810208
0.810208
0.810208
0.810208
0.810208
0.810208
0.787639
0.787639
0.787639
0.787639
0.787639
0.787639
0.787639
0.787639
0.78
0.78
0.78
0.78
0.78
0.78
0.78
0.78
0.765938
0.765938
0.765938
0.765938
0.765938
0.765938
0.765938
0.765938
0.767986
0.767986
0.767986
0.767986
0.767986
0.767986
0.767986
0.767986
0.75684
0.75684
0.75684
0.75684
0.75684
0.75684
0.75684
0.75684
0.727083
0.727083
0.727083
0.727083
0.727083
0.727083
0.727083
0.727083
0.7375
0.7375
0.7375
0.7375
0.7375
0.7375
0.7375
0.7375
0.705451
0.705451
0.705451
0.705451
0.705451
0.705451
0.705451
0.705451
0.705035
0.705035
0.705035
0.705035
0.705035
0.705035
0.705035
0.705035
0.720729
0.720729
0.720729
0.720729
0.720729
0.720729
0.720729
0.720729
0.712674
0.712674
0.712674
0.712674
0.712674
0.712674
0.712674
0.712674
0.697083
0.697083
0.697083
0.697083
0.697083
0.697083
0.697083
0.697083
0.657188
0.657188
0.657188
0.657188
0.657188
0.657188
0.657188
0.657188
0.629687
0.629687
0.629687
0.629687
0.629687
0.629687
0.629687
0.629687
0.563646
0.563646
0.563646
0.563646
0.563646
0.563646
0.563646
0.563646
0.49375
0.49375
0.49375
0.49375
0.49375
0.49375
0.49375
0.49375
0.510451
0.510451
0.510451
0.510451
0.510451
0.510451
0.510451
0.510451
0.510208
0.510208
0.510208
0.510208
0.510208
0.510208
0.510208
0.510208
0.515104
0.515104
0.515104
0.515104
0.515104
0.515104
0.515104
0.515104
0.534062
0.534062
0.534062
0.534062
0.534062
0.534062
0.534062
0.534062
0.584618
0.584618
0.584618
0.584618
0.584618
0.584618
0.584618
0.584618
0.632222
0.632222
0.632222
0.632222
0.632222
0.632222
0.632222
0.632222
0.641146
0.641146
0.641146
0.641146
0.641146
0.641146
0.641146
0.641146
0.643333
0.643333
0.643333
0.643333
0.643333
0.643333
0.643333
0.643333
0.631042
0.631042
0.631042
0.631042
0.631042
0.631042
0.631042
0.631042
0.589896
0.589896
0.589896
0.589896
0.589896
0.589896
0.589896
0.589896
0.567396
0.567396
0.567396
0.567396
0.567396
0.567396
0.567396
0.567396
0.576771
0.576771
0.576771
0.576771
0.576771
0.576771
0.576771
0.576771
0.628854
0.628854
0.628854
0.628854
0.628854
0.628854
0.628854
0.628854
0.641458
0.641458
0.641458
0.641458
0.641458
0.641458
0.641458
0.641458
0.713368
0.713368
0.713368
0.713368
0.713368
0.713368
0.713368
0.713368
0.725521
0.725521
0.725521
0.725521
0.725521
0.725521
0.725521
0.725521
0.699583
0.699583
0.699583
0.699583
0.699583
0.699583
0.699583
0.699583
0.654062
0.654062
0.654062
0.654062
0.654062
0.654062
0.654062
0.654062
0.609479
0.609479
0.609479
0.609479
0.609479
0.609479
0.609479
0.609479
0.604236
0.604236
0.604236
0.604236
0.604236
0.604236
0.604236
0.604236
0.556354
0.556354
0.556354
0.556354
0.556354
0.556354
0.556354
0.556354
0.505451
0.505451
0.505451
0.505451
0.505451
0.505451
0.505451
0.505451
0.472743
0.472743
0.472743
0.472743
0.472743
0.472743
0.472743
0.472743
0.487014
0.487014
0.487014
0.487014
0.487014
0.487014
0.487014
0.487014
0.474375
0.474375
0.474375
0.474375
0.474375
0.474375
0.474375
0.474375
0.446458
0.446458
0.446458
0.446458
0.446458
0.446458
0.446458
0.446458
0.365
0.365
0.365
0.365
0.365
0.365
0.365
0.365
0.360139
0.360139
0.360139
0.360139
0.360139
0.360139
0.360139
0.360139
0.394375
0.394375
0.394375
0.394375
0.394375
0.394375
0.394375
0.394375
0.42316
0.42316
0.42316
0.42316
0.42316
0.42316
0.42316
0.42316
0.41375
0.41375
0.41375
0.41375
0.41375
0.41375
0.41375
0.41375
0.407917
0.407917
0.407917
0.407917
0.407917
0.407917
0.407917
0.407917
0.343438
0.343438
0.343438
0.343438
0.343438
0.343438
0.343438
0.343438
0.248646
0.248646
0.248646
0.248646
0.248646
0.248646
0.248646
0.248646
0.257812
0.257812
0.257812
0.257812
0.257812
0.257812
0.257812
0.257812
0.282847
0.282847
0.282847
0.282847
0.282847
0.282847
0.282847
0.282847
0.308646
0.308646
0.308646
0.308646
0.308646
0.308646
0.308646
0.308646
0.342292
0.342292
0.342292
0.342292
0.342292
0.342292
0.342292
0.342292
0.407708
0.407708
0.407708
0.407708
0.407708
0.407708
0.407708
0.407708
0.416042
0.416042
0.416042
0.416042
0.416042
0.416042
0.416042
0.416042
0.380521
0.380521
0.380521
0.380521
0.380521
0.380521
0.380521
0.380521
0.341146
0.341146
0.341146
0.341146
0.341146
0.341146
0.341146
0.341146
0.281979
0.281979
0.281979
0.281979
0.281979
0.281979
0.281979
0.281979
0.214167
0.214167
0.214167
0.214167
0.214167
0.214167
0.214167
0.214167
0.160208
0.160208
0.160208
0.160208
0.160208
0.160208
0.160208
0.160208
0.109653
0.109653
0.109653
0.109653
0.109653
0.109653
0.109653
0.109653
0.0576042
0.0576042
0.0576042
0.0576042
0.0576042
0.0576042
0.0576042
0.0576042
0.0275
0.0275
0.0275
0.0275
0.0275
0.0275
0.0275
0.0275
0.0239583
0.0239583
0.0239583
0.0239583
0.0239583
0.0239583
0.0239583
0.0239583
0.0227083
0.0227083
0.0227083
0.0227083
0.0227083
0.0227083
0.0227083
0.0227083
0.021875
0.021875
0.021875
0.021875
0.021875
0.021875
0.021875
0.021875
0.021875
0.021875
0.021875
0.021875
0.021875
0.021875
0.021875
0.021875
0.0214583
0.0214583
0.0214583
0.0214583
0.0214583
0.0214583
0.0214583
0.0214583
0.0236458
0.0236458
0.0236458
0.0236458
0.0236458
0.0236458
0.0236458
0.0236458
0.0233333
0.0233333
0.0233333
0.0233333
0.0233333
0.0233333
0.0233333
0.0233333
0.0214583
0.0214583
0.0214583
0.0214583
0.0214583
0.0214583
0.0214583
0.0214583
0.0210417
0.0210417
0.0210417
0.0210417
0.0210417
0.0210417
0.0210417
0.0210417
0.0189583
0.0189583
0.0189583
0.0189583
0.0189583
0.0189583
0.0189583
0.0189583
0.0180208
0.0180208
0.0180208
0.0180208
0.0180208
0.0180208
0.0180208
0.0180208
0.0184375
0.0184375
0.0184375
0.0184375
0.0184375
0.0184375
0.0184375
0.0184375
0.0176042
0.0176042
0.0176042
0.0176042
0.0176042
0.0176042
0.0176042
0.0176042
0.0270833
0.0270833
0.0270833
0.0270833
0.0270833
0.0270833
0.0270833
0.0270833
0.0220833
0.0220833
0.0220833
0.0220833
0.0220833
0.0220833
0.0220833
0.0220833
0.0448958
0.0448958
0.0448958
0.0448958
0.0448958
0.0448958
0.0448958
0.0448958
0.0665625
0.0665625
0.0665625
0.0665625
0.0665625
0.0665625
0.0665625
0.0665625
0.101875
0.101875
0.101875
0.101875
0.101875
0.101875
0.101875
0.101875
0.13125
0.13125
0.13125
0.13125
0.13125
0.13125
0.13125
0.13125
0.101146
0.101146
0.101146
0.101146
0.101146
0.101146
0.101146
0.101146
0.0891667
0.0891667
0.0891667
0.0891667
0.0891667
0.0891667
0.0891667
0.0891667
0.0630208
0.0630208
0.0630208
0.0630208
0.0630208
0.0630208
0.0630208
0.0630208
0.0658333
0.0658333
0.0658333
0.0658333
0.0658333
0.0658333
0.0658333
0.0658333
0.085
0.085
0.085
0.085
0.085
0.085
0.085
0.085
0.0883333
0.0883333
0.0883333
0.0883333
0.0883333
0.0883333
0.0883333
0.0883333
0.0945833
0.0945833
0.0945833
0.0945833
0.0945833
0.0945833
0.0945833
0.0945833
0.0874306
0.0874306
0.0874306
0.0874306
0.0874306
0.0874306
0.0874306
0.0874306
0.0412153
0.0412153
0.0412153
0.0412153
0.0412153
0.0412153
0.0412153
0.0412153
0.0172917
0.0172917
0.0172917
0.0172917
0.0172917
0.0172917
0.0172917
0.0172917
0.0142708
0.0142708
0.0142708
0.0142708
0.0142708
0.0142708
0.0142708
0.0142708
0.0219792
0.0219792
0.0219792
0.0219792
0.0219792
0.0219792
0.0219792
0.0219792
0.0488542
0.0488542
0.0488542
0.0488542
0.0488542
0.0488542
0.0488542
0.0488542
0.128194
0.128194
0.128194
0.128194
0.128194
0.128194
0.128194
0.128194
0.236563
0.236563
0.236563
0.236563
0.236563
0.236563
0.236563
0.236563
0.343958
0.343958
0.343958
0.343958
0.343958
0.343958
0.343958
0.343958
0.346042
0.346042
0.346042
0.346042
0.346042
0.346042
0.346042
0.346042
0.303646
0.303646
0.303646
0.303646
0.303646
0.303646
0.303646
0.303646
0.248646
0.248646
0.248646
0.248646
0.248646
0.248646
0.248646
0.248646
0.209479
0.209479
0.209479
0.209479
0.209479
0.209479
0.209479
0.209479
0.109201
0.109201
0.109201
0.109201
0.109201
0.109201
0.109201
0.109201
0.0302083
0.0302083
0.0302083
0.0302083
0.0302083
0.0302083
0.0302083
0.0302083
0.00802083
0.00802083
0.00802083
0.00802083
0.00802083
0.00802083
0.00802083
0.00802083
0.00822917
0.00822917
0.00822917
0.00822917
0.00822917
0.00822917
0.00822917
0.00822917
0.00770833
0.00770833
0.00770833
0.00770833
0.00770833
0.00770833
0.00770833
0.00770833
0.00739583
0.00739583
0.00739583
0.00739583
0.00739583
0.00739583
0.00739583
0.00739583
0.00677083
0.00677083
0.00677083
0.00677083
0.00677083
0.00677083
0.00677083
0.00677083
0.00677083
0.00677083
0.00677083
0.00677083
0.00677083
0.00677083
0.00677083
0.00677083
0.00625
0.00625
0.00625
0.00625
0.00625
0.00625
0.00625
0.00625
0.00583333
0.00583333
0.00583333
0.00583333
0.00583333
0.00583333
0.00583333
0.00583333
0.0059375
0.0059375
0.0059375
0.0059375
0.0059375
0.0059375
0.0059375
0.0059375
0.005625
0.005625
0.005625
0.005625
0.005625
0.005625
0.005625
0.005625
0.005625
0.005625
0.005625
0.005625
0.005625
0.005625
0.005625
0.005625
0.0046875
0.0046875
0.0046875
0.0046875
0.0046875
0.0046875
0.0046875
0.0046875
0.0046875
0.0046875
0.0046875
0.0046875
0.0046875
0.0046875
0.0046875
0.0046875
0.00458333
0.00458333
0.00458333
0.00458333
0.00458333
0.00458333
0.00458333
0.00458333
0.00458333
0.00458333
0.00458333
0.00458333
0.00458333
0.00458333
0.00458333
0.00458333
0.00479167
0.00479167
0.00479167
0.00479167
0.00479167
0.00479167
0.00479167
0.00479167
0.0046875
0.0046875
0.0046875
0.0046875
0.0046875
0.0046875
0.0046875
0.0046875
0.0409375
0.0409375
0.0409375
0.0409375
0.0409375
0.0409375
0.0409375
0.0409375
0.051875
0.051875
0.051875
0.051875
0.051875
0.051875
0.051875
0.051875
0.0576042
0.0576042
0.0576042
0.0576042
0.0576042
0.0576042
0.0576042
0.0576042
0.07
0.07
0.07
0.07
0.07
0.07
0.07
0.07
0.124479
0.124479
0.124479
0.124479
0.124479
0.124479
0.124479
0.124479
0.158854
0.158854
0.158854
0.158854
0.158854
0.158854
0.158854
0.158854
0.180104
0.180104
0.180104
0.180104
0.180104
0.180104
0.180104
0.180104
0.182292
0.182292
0.182292
0.182292
0.182292
0.182292
0.182292
0.182292
0.170625
0.170625
0.170625
0.170625
0.170625
0.170625
0.170625
0.170625
0.188125
0.188125
0.188125
0.188125
0.188125
0.188125
0.188125
0.188125
0.196458
0.196458
0.196458
0.196458
0.196458
0.196458
0.196458
0.196458
0.201458
0.201458
0.201458
0.201458
0.201458
0.201458
0.201458
0.201458
0.233333
0.233333
0.233333
0.233333
0.233333
0.233333
0.233333
0.233333
0.247292
0.247292
0.247292
0.247292
0.247292
0.247292
0.247292
0.247292
0.251771
0.251771
0.251771
0.251771
0.251771
0.251771
0.251771
0.251771
0.247292
0.247292
0.247292
0.247292
0.247292
0.247292
0.247292
0.247292
0.289167
0.289167
0.289167
0.289167
0.289167
0.289167
0.289167
0.289167
0.291458
0.291458
0.291458
0.291458
0.291458
0.291458
0.291458
0.291458
0.279479
0.279479
0.279479
0.279479
0.279479
0.279479
0.279479
0.279479
0.277813
0.277813
0.277813
0.277813
0.277813
0.277813
0.277813
0.277813
0.317188
0.317188
0.317188
0.317188
0.317188
0.317188
0.317188
0.317188
0.336667
0.336667
0.336667
0.336667
0.336667
0.336667
0.336667
0.336667
0.393437
0.393437
0.393437
0.393437
0.393437
0.393437
0.393437
0.393437
0.440382
0.440382
0.440382
0.440382
0.440382
0.440382
0.440382
0.440382
0.449479
0.449479
0.449479
0.449479
0.449479
0.449479
0.449479
0.449479
0.449583
0.449583
0.449583
0.449583
0.449583
0.449583
0.449583
0.449583
0.450104
0.450104
0.450104
0.450104
0.450104
0.450104
0.450104
0.450104
0.445417
0.445417
0.445417
0.445417
0.445417
0.445417
0.445417
0.445417
0.490104
0.490104
0.490104
0.490104
0.490104
0.490104
0.490104
0.490104
0.521667
0.521667
0.521667
0.521667
0.521667
0.521667
0.521667
0.521667
0.537986
0.537986
0.537986
0.537986
0.537986
0.537986
0.537986
0.537986
0.549132
0.549132
0.549132
0.549132
0.549132
0.549132
0.549132
0.549132
0.553646
0.553646
0.553646
0.553646
0.553646
0.553646
0.553646
0.553646
0.5625
0.5625
0.5625
0.5625
0.5625
0.5625
0.5625
0.5625
0.570937
0.570937
0.570937
0.570937
0.570937
0.570937
0.570937
0.570937
0.581458
0.581458
0.581458
0.581458
0.581458
0.581458
0.581458
0.581458
0.578021
0.578021
0.578021
0.578021
0.578021
0.578021
0.578021
0.578021
0.581979
0.581979
0.581979
0.581979
0.581979
0.581979
0.581979
0.581979
0.597604
0.597604
0.597604
0.597604
0.597604
0.597604
0.597604
0.597604
0.617465
0.617465
0.617465
0.617465
0.617465
0.617465
0.617465
0.617465
0.624896
0.624896
0.624896
0.624896
0.624896
0.624896
0.624896
0.624896
0.633958
0.633958
0.633958
0.633958
0.633958
0.633958
0.633958
0.633958
0.654271
0.654271
0.654271
0.654271
0.654271
0.654271
0.654271
0.654271
0.638333
0.638333
0.638333
0.638333
0.638333
0.638333
0.638333
0.638333
0.646563
0.646563
0.646563
0.646563
0.646563
0.646563
0.646563
0.646563
0.65625
0.65625
0.65625
0.65625
0.65625
0.65625
0.65625
0.65625
0.64875
0.64875
0.64875
0.64875
0.64875
0.64875
0.64875
0.64875
0.641979
0.641979
0.641979
0.641979
0.641979
0.641979
0.641979
0.641979
0.682187
0.682187
0.682187
0.682187
0.682187
0.682187
0.682187
0.682187
0.666458
0.666458
0.666458
0.666458
0.666458
0.666458
0.666458
0.666458
0.663125
0.663125
0.663125
0.663125
0.663125
0.663125
0.663125
0.663125
0.665417
0.665417
0.665417
0.665417
0.665417
0.665417
0.665417
0.665417
0.657083
0.657083
0.657083
0.657083
0.657083
0.657083
0.657083
0.657083
0.648646
0.648646
0.648646
0.648646
0.648646
0.648646
0.648646
0.648646
0.631979
0.631979
0.631979
0.631979
0.631979
0.631979
0.631979
0.631979
0.628125
0.628125
0.628125
0.628125
0.628125
0.628125
0.628125
0.628125
0.627188
0.627188
0.627188
0.627188
0.627188
0.627188
0.627188
0.627188
0.679375
0.679375
0.679375
0.679375
0.679375
0.679375
0.679375
0.679375
0.659896
0.659896
0.659896
0.659896
0.659896
0.659896
0.659896
0.659896
0.654375
