0
0.0159336
0.0247978
0.0398379
0.048275
0.0499012
0.0619749
0.0778889
0.0799149
0.0973102
0.110242
0.115293
0.127916
0.138951
0.141271
0.159536
0.168392
0.213857
0.214049
0.214821
0.217847
0.231057
0.240505
0.262434
0.273846
0.276902
0.2901
0.305086
0.30875
0.322802
0.334284
0.341256
0.352201
0.360924
0.371407
0.376285
0.377524
0.388292
0.392983
0.392775
0.420579
0.421582
0.421888
0.42601
0.441015
0.449617
0.479258
0.499397
0.537334
0.558346
0.562312
0.578167
0.594645
0.595817
0.6059
0.611751
0.61112
0.615697
0.617656
0.630717
0.637117
0.640938
0.647921
0.664642
0.658787
0.662992
0.666417
0.663984
0.67266
0.680423
0.699123
0.703112
0.703422
0.708081
0.710111
0.707521
0.717784
0.719038
0.717553
0.726582
0.733373
0.742597
0.752688
0.748911
0.755839
0.761098
0.76727
0.765828
0.777502
0.779434
0.781381
0.789278
0.797824
0.801367
0.800078
0.81038
0.820792
0.821513
0.825122
0.831835
0.832501
0.833924
0.836937
0.843391
0.846268
0.847835
0.854493
0.857491
0.856151
0.861457
0.857072
0.852667
0.845805
0.837956
0.834794
0.847753
0.856766
0.861167
0.861919
0.86094
0.859674
0.863953
0.873139
0.874773
0.871802
0.874079
0.878652
0.880988
0.885008
0.886435
0.884362
0.889503
0.890401
0.884715
0.888978
0.890381
0.887975
0.884985
0.884425
0.88792
0.895217
0.894629
0.900617
0.900319
0.902321
0.902713
0.901291
0.897768
0.895197
0.893971
0.890303
0.887454
0.885447
0.882579
0.87585
0.8727
0.872265
0.868875
0.869271
0.870403
0.869592
0.867664
0.868777
0.86429
0.861739
0.862926
0.858729
0.861183
0.868248
0.870568
0.878644
0.884362
0.896392
0.897505
0.899586
0.904347
0.893493
0.895009
0.891083
0.890256
0.889523
0.89093
0.896769
0.895232
0.896283
0.893857
0.896392
0.897117
0.898175
0.894523
0.892117
0.887438
0.887532
0.886368
0.883257
0.888618
0.886827
0.886486
0.88241
0.878852
0.882591
0.883182
0.877457
0.875263
0.867656
0.862056
0.852299
0.84749
0.838955
0.831796
0.825773
0.81973
0.814216
0.808417
0.808401
0.806692
0.797609
0.790539
0.781526
0.778791
0.777694
0.770722
0.768555
0.765307
0.769355
0.778199
0.77876
0.778673
0.779473
0.780272
0.782596
0.783368
0.781483
0.779571
0.775805
0.769629
0.767054
0.755619
0.754628
0.763038
0.76834
0.779786
0.792295
0.79389
0.796421
0.797922
0.792503
0.796151
0.798146
0.796465
0.798867
0.803381
0.802413
0.799999
0.799623
0.800501
0.802962
0.807112
0.813229
0.817598
0.816235
