0
0.0159336
0.0252014
0.0393951
0.0480516
0.0496857
0.0616183
0.0778184
0.0804635
0.0974552
0.110281
0.114819
0.127445
0.138825
0.140761
0.158431
0.168972
0.213007
0.214206
0.214112
0.216299
0.230351
0.239466
0.261411
0.273317
0.276087
0.288698
0.30402
0.308354
0.3235
0.334457
0.340848
0.351495
0.359623
0.370944
0.375118
0.378076
0.389296
0.392192
0.394872
0.420026
0.420857
0.420783
0.425458
0.442567
0.450275
0.479779
0.499479
0.537788
0.554243
0.561395
0.578383
0.5947
0.598164
0.607667
0.612562
0.6086
0.616308
0.617178
0.632293
0.638328
0.640585
0.646608
0.665022
0.657921
0.663447
0.666531
0.663917
0.673216
0.682794
0.698809
0.704441
0.705656
0.708367
0.710154
0.708493
0.718199
0.719344
0.720841
0.728298
0.734635
0.741661
0.750576
0.750529
0.755941
0.763108
0.766188
0.767862
0.780586
0.779743
0.783348
0.790128
0.797041
0.802574
0.802241
0.808546
0.819734
0.822724
0.826329
0.831318
0.829739
0.835385
0.835895
0.845496
0.846738
0.846997
0.852632
0.855524
0.855226
0.860563
0.856308
0.850767
0.843842
0.837023
0.834273
0.847436
0.856065
0.861367
0.862045
0.859564
0.860352
0.862703
0.871289
0.872484
0.873072
0.87585
0.879103
0.882442
0.887948
0.887132
0.883382
0.890064
0.88926
0.885777
0.88676
0.890001
0.889495
0.886098
0.885146
0.890354
0.893751
0.894645
0.901546
0.901205
0.903427
0.904226
0.903078
0.900194
0.895503
0.894931
0.893402
0.892199
0.888073
0.884515
0.877484
0.87618
0.874545
0.871841
0.868801
0.871395
0.871732
0.872539
0.868769
0.863843
0.860465
0.861128
0.857566
0.859419
0.864341
0.868679
0.877488
0.881266
0.895276
0.898873
0.898846
0.903611
0.89343
0.892219
0.890973
0.888551
0.886987
0.889225
0.893857
0.895142
0.89582
0.895805
0.896553
0.897517
0.89787
0.894609
0.893038
0.888602
0.886886
0.88542
0.882344
0.889879
0.885549
0.884766
0.87915
0.876085
0.879142
0.879318
0.876411
0.871591
0.867554
0.861927
0.854129
0.850018
0.841734
0.831682
0.824621
0.817696
0.813119
0.805192
0.80574
0.804404
0.796555
0.787687
0.782737
0.778807
0.774813
0.769915
0.769425
0.767399
0.767521
0.779814
0.780938
0.78153
0.782008
0.780899
0.782283
0.787471
0.78251
0.777478
0.776263
0.772113
0.769382
0.757959
0.753382
0.761694
0.767564
0.781518
0.790465
0.794439
0.796312
0.796006
0.792518
0.799317
0.800744
0.798655
0.800426
0.802252
0.803687
0.801328
0.799858
0.800003
0.803487
0.807272
0.814083
0.816336
0.816325
0.816423
0.818633
0.814984
0.816748
0.810482
0.813033
0.809095
0.80574
0.805799
0.812324
0.809345
0.815173
0.810729
0.80614
0.811681
0.814369
0.819675
0.816603
0.813186
0.804463
0.79197
0.78802
0.780676
0.772121
0.770021
0.769696
0.766956
0.769511
0.761368
0.759664
0.767325
0.771945
0.777592
0.78046
0.790057
0.802535
0.821913
0.81373
0.819671
0.836855
0.835946
0.841448
0.841405
0.874992
0.880267
0.882285
0.879577
0.882806
0.896976
0.900644
0.896334
0.893559
0.895703
0.894221
0.89247
0.891635
0.891341
0.888461
0.888277
0.88328
0.876411
0.877641
0.872323
0.873029
0.875662
0.866551
0.868965
0.864772
0.860563
0.85793
0.852745
0.857895
0.858898
0.854513
0.857111
0.855191
0.852718
0.855442
0.861151
0.855657
0.854885
0.856504
0.856445
0.851746
0.84334
0.842075
0.838767
0.835154
0.82783
0.827709
0.817955
0.818292
0.814632
0.808683
0.807284
0.800889
0.794725
0.805736
0.801661
0.800164
0.795524
0.798346
0.800603
0.796155
0.798514
0.798965
0.792123
0.784826
0.778548
0.774484
0.771404
0.773187
0.76613
0.763222
0.759217
0.755322
0.746571
0.738722
0.737389
0.734227
0.72282
0.71923
0.7149
0.707972
0.711432
0.708297
0.695463
0.688562
0.673643
0.660084
0.650989
0.643018
0.643594
0.637861
0.630482
0.621105
0.609764
0.601731
0.597032
0.589418
0.579492
0.574146
0.564357
0.568206
0.567007
0.56161
0.562073
0.56
0.551837
0.548635
0.544607
0.541178
0.534665
0.527059
0.522019
0.527051
0.520127
0.517423
0.51622
0.509703
0.500114
0.494706
0.511607
0.509777
0.508343
0.51562
0.525687
0.53512
0.545622
0.556594
0.575032
0.583646
0.596158
0.607091
0.608204
0.608247
0.610348
0.613381
0.60418
0.604771
0.60021
0.601899
0.608055
0.612437
0.616183
0.625921
0.623766
0.625717
0.626654
0.62344
0.616465
0.605344
0.597212
0.589245
0.577885
0.573288
0.573723
0.569542
0.55496
0.550082
0.538941
0.527576
0.523622
0.51821
0.512567
0.498809
0.47876
0.468721
0.457239
0.446352
0.437402
0.432668
0.425783
0.414254
0.40579
0.39816
0.385667
