5.78704e-05
5.78704e-05
5.78704e-05
5.78704e-05
5.78704e-05
5.78704e-05
5.78704e-05
5.78704e-05
5.78704e-05
5.78704e-05
5.78704e-05
0.153461
0.153461
0.153461
0.153461
0.153461
0.153461
0.153461
0.153461
0.153461
0.153461
0.153461
0.195127
0.195127
0.195127
0.195127
0.195127
0.195127
0.195127
0.195127
0.195127
0.195127
0.195127
0.204676
0.204676
0.204676
0.204676
0.204676
0.204676
0.204676
0.204676
0.204676
0.204676
0.204676
0.208507
0.208507
0.208507
0.208507
0.208507
0.208507
0.208507
0.208507
0.208507
0.208507
0.208507
0.212951
0.212951
0.212951
0.212951
0.212951
0.212951
0.212951
0.212951
0.212951
0.212951
0.212951
0.225486
0.225486
0.225486
0.225486
0.225486
0.225486
0.225486
0.225486
0.225486
0.225486
0.225486
0.219537
0.219537
0.219537
0.219537
0.219537
0.219537
0.219537
0.219537
0.219537
0.219537
0.219537
0.269884
0.269884
0.269884
0.269884
0.269884
0.269884
0.269884
0.269884
0.269884
0.269884
0.269884
0.349919
0.349919
0.349919
0.349919
0.349919
0.349919
0.349919
0.349919
0.349919
0.349919
0.349919
0.360856
0.360856
0.360856
0.360856
0.360856
0.360856
0.360856
0.360856
0.360856
0.360856
0.360856
0.341377
0.341377
0.341377
0.341377
0.341377
0.341377
0.341377
0.341377
0.341377
0.341377
0.341377
0.342269
0.342269
0.342269
0.342269
0.342269
0.342269
0.342269
0.342269
0.342269
0.342269
0.342269
0.342419
0.342419
0.342419
0.342419
0.342419
0.342419
0.342419
0.342419
0.342419
0.342419
0.342419
0.332292
0.332292
0.332292
0.332292
0.332292
0.332292
0.332292
0.332292
0.332292
0.332292
0.332292
0.320822
0.320822
0.320822
0.320822
0.320822
0.320822
0.320822
0.320822
0.320822
0.320822
0.320822
0.312546
0.312546
0.312546
0.312546
0.312546
0.312546
0.312546
0.312546
0.312546
0.312546
0.312546
0.303495
0.303495
0.303495
0.303495
0.303495
0.303495
0.303495
0.303495
0.303495
0.303495
0.303495
0.300301
0.300301
0.300301
0.300301
0.300301
0.300301
0.300301
0.300301
0.300301
0.300301
0.300301
0.297454
0.297454
0.297454
0.297454
0.297454
0.297454
0.297454
0.297454
0.297454
0.297454
0.297454
0.294572
0.294572
0.294572
0.294572
0.294572
0.294572
0.294572
0.294572
0.294572
0.294572
0.294572
0.289815
0.289815
0.289815
0.289815
0.289815
0.289815
0.289815
0.289815
0.289815
0.289815
0.289815
0.292523
0.292523
0.292523
0.292523
0.292523
0.292523
0.292523
0.292523
0.292523
0.292523
0.292523
0.29162
0.29162
0.29162
0.29162
0.29162
0.29162
0.29162
0.29162
0.29162
0.29162
0.29162
0.289711
0.289711
0.289711
0.289711
0.289711
0.289711
0.289711
0.289711
0.289711
0.289711
0.289711
0.290093
0.290093
0.290093
0.290093
0.290093
0.290093
0.290093
0.290093
0.290093
0.290093
0.290093
0.316065
0.316065
0.316065
0.316065
0.316065
0.316065
0.316065
0.316065
0.316065
0.316065
0.316065
0.312697
0.312697
0.312697
0.312697
0.312697
0.312697
0.312697
0.312697
0.312697
0.312697
0.312697
0.298877
0.298877
0.298877
0.298877
0.298877
0.298877
0.298877
0.298877
0.298877
0.298877
0.298877
0.294016
0.294016
0.294016
0.294016
0.294016
0.294016
0.294016
0.294016
0.294016
0.294016
0.294016
0.283565
0.283565
0.283565
0.283565
0.283565
0.283565
0.283565
0.283565
0.283565
0.283565
0.283565
0.283356
0.283356
0.283356
0.283356
0.283356
0.283356
0.283356
0.283356
0.283356
0.283356
0.283356
0.291632
0.291632
0.291632
0.291632
0.291632
0.291632
0.291632
0.291632
0.291632
0.291632
0.291632
0.291875
0.291875
0.291875
0.291875
0.291875
0.291875
0.291875
0.291875
0.291875
0.291875
0.291875
0.291146
0.291146
0.291146
0.291146
0.291146
0.291146
0.291146
0.291146
0.291146
0.291146
0.291146
0.291111
0.291111
0.291111
0.291111
0.291111
0.291111
0.291111
0.291111
0.291111
0.291111
0.291111
0.309549
0.309549
0.309549
0.309549
0.309549
0.309549
0.309549
0.309549
0.309549
0.309549
0.309549
0.331146
0.331146
0.331146
0.331146
0.331146
0.331146
0.331146
0.331146
0.331146
0.331146
0.331146
0.406551
0.406551
0.406551
0.406551
0.406551
0.406551
0.406551
0.406551
0.406551
0.406551
0.406551
0.499398
0.499398
0.499398
0.499398
0.499398
0.499398
0.499398
0.499398
0.499398
0.499398
0.499398
0.56066
0.56066
0.56066
0.56066
0.56066
0.56066
0.56066
0.56066
0.56066
0.56066
0.56066
0.60809
0.60809
0.60809
0.60809
0.60809
0.60809
0.60809
0.60809
0.60809
0.60809
0.60809
0.64015
0.64015
0.64015
0.64015
0.64015
0.64015
0.64015
0.64015
0.64015
0.64015
0.64015
0.659167
0.659167
0.659167
0.659167
0.659167
0.659167
0.659167
0.659167
0.659167
0.659167
0.659167
0.664572
0.664572
0.664572
0.664572
0.664572
0.664572
0.664572
0.664572
0.664572
0.664572
0.664572
0.671516
0.671516
0.671516
0.671516
0.671516
0.671516
0.671516
0.671516
0.671516
0.671516
0.671516
0.688449
0.688449
0.688449
0.688449
0.688449
0.688449
0.688449
0.688449
0.688449
0.688449
0.688449
0.71588
0.71588
0.71588
0.71588
0.71588
0.71588
0.71588
0.71588
0.71588
0.71588
0.71588
0.750231
0.750231
0.750231
0.750231
0.750231
0.750231
0.750231
0.750231
0.750231
0.750231
0.750231
0.751088
0.751088
0.751088
0.751088
0.751088
0.751088
0.751088
0.751088
0.751088
0.751088
0.751088
0.760174
0.760174
0.760174
0.760174
0.760174
0.760174
0.760174
0.760174
0.760174
0.760174
0.760174
0.752546
0.752546
0.752546
0.752546
0.752546
0.752546
0.752546
0.752546
0.752546
0.752546
0.752546
0.747454
0.747454
0.747454
0.747454
0.747454
0.747454
0.747454
0.747454
0.747454
0.747454
0.747454
0.769178
0.769178
0.769178
0.769178
0.769178
0.769178
0.769178
0.769178
0.769178
0.769178
0.769178
0.80419
0.80419
0.80419
0.80419
0.80419
0.80419
0.80419
0.80419
0.80419
0.80419
0.80419
0.831088
0.831088
0.831088
0.831088
0.831088
0.831088
0.831088
0.831088
0.831088
0.831088
0.831088
0.887222
0.887222
0.887222
0.887222
0.887222
0.887222
0.887222
0.887222
0.887222
0.887222
0.887222
0.924595
0.924595
0.924595
0.924595
0.924595
0.924595
0.924595
0.924595
0.924595
0.924595
0.924595
0.936088
0.936088
0.936088
0.936088
0.936088
0.936088
0.936088
0.936088
0.936088
0.936088
0.936088
0.959225
0.959225
0.959225
0.959225
0.959225
0.959225
0.959225
0.959225
0.959225
0.959225
0.959225
0.955509
0.955509
0.955509
0.955509
0.955509
0.955509
0.955509
0.955509
0.955509
0.955509
0.955509
0.948021
0.948021
0.948021
0.948021
0.948021
0.948021
0.948021
0.948021
0.948021
0.948021
0.948021
0.946921
0.946921
0.946921
0.946921
0.946921
0.946921
0.946921
0.946921
0.946921
0.946921
0.946921
0.945972
0.945972
0.945972
0.945972
0.945972
0.945972
0.945972
0.945972
0.945972
0.945972
0.945972
0.952025
0.952025
0.952025
0.952025
0.952025
0.952025
0.952025
0.952025
0.952025
0.952025
0.952025
0.95765
0.95765
0.95765
0.95765
0.95765
0.95765
0.95765
0.95765
0.95765
0.95765
0.95765
0.970185
0.970185
0.970185
0.970185
0.970185
0.970185
0.970185
0.970185
0.970185
0.970185
0.970185
0.968461
0.968461
0.968461
0.968461
0.968461
0.968461
0.968461
0.968461
0.968461
0.968461
0.968461
0.977176
0.977176
0.977176
0.977176
0.977176
0.977176
0.977176
0.977176
0.977176
0.977176
0.977176
0.976655
0.976655
0.976655
0.976655
0.976655
0.976655
0.976655
0.976655
0.976655
0.976655
0.976655
0.984549
0.984549
0.984549
0.984549
0.984549
0.984549
0.984549
0.984549
0.984549
0.984549
0.984549
0.980544
0.980544
0.980544
0.980544
0.980544
0.980544
0.980544
0.980544
0.980544
0.980544
0.980544
0.978877
0.978877
0.978877
0.978877
0.978877
0.978877
0.978877
0.978877
0.978877
0.978877
0.978877
0.974676
0.974676
0.974676
0.974676
0.974676
0.974676
0.974676
0.974676
0.974676
0.974676
0.974676
0.977373
0.977373
0.977373
0.977373
0.977373
0.977373
0.977373
0.977373
0.977373
0.977373
0.977373
0.98728
0.98728
0.98728
0.98728
0.98728
0.98728
0.98728
0.98728
0.98728
0.98728
0.98728
0.985266
0.985266
0.985266
0.985266
0.985266
0.985266
0.985266
0.985266
0.985266
0.985266
0.985266
0.986863
0.986863
0.986863
0.986863
0.986863
0.986863
0.986863
0.986863
0.986863
0.986863
0.986863
0.985405
0.985405
0.985405
0.985405
0.985405
0.985405
0.985405
0.985405
0.985405
0.985405
0.985405
0.985544
0.985544
0.985544
0.985544
0.985544
0.985544
0.985544
0.985544
0.985544
0.985544
0.985544
0.985405
0.985405
0.985405
0.985405
0.985405
0.985405
0.985405
0.985405
0.985405
0.985405
0.985405
0.984884
0.984884
0.984884
0.984884
0.984884
0.984884
0.984884
0.984884
0.984884
0.984884
0.984884
0.984676
0.984676
0.984676
0.984676
0.984676
0.984676
0.984676
0.984676
0.984676
0.984676
0.984676
0.983009
0.983009
0.983009
0.983009
0.983009
0.983009
0.983009
0.983009
0.983009
0.983009
0.983009
0.982697
0.982697
0.982697
0.982697
0.982697
0.982697
0.982697
0.982697
0.982697
0.982697
0.982697
0.983079
0.983079
0.983079
0.983079
0.983079
0.983079
0.983079
0.983079
0.983079
0.983079
0.983079
0.982558
0.982558
0.982558
0.982558
0.982558
0.982558
0.982558
0.982558
0.982558
0.982558
0.982558
0.980787
0.980787
0.980787
0.980787
0.980787
0.980787
0.980787
0.980787
0.980787
0.980787
0.980787
0.980544
0.980544
0.980544
0.980544
0.980544
0.980544
0.980544
0.980544
0.980544
0.980544
0.980544
0.980544
0.980544
0.980544
0.980544
0.980544
0.980544
0.980544
0.980544
0.980544
0.980544
0.980544
0.980891
0.980891
0.980891
0.980891
0.980891
0.980891
0.980891
0.980891
0.980891
0.980891
0.980891
0.979919
0.979919
0.979919
0.979919
0.979919
0.979919
0.979919
0.979919
0.979919
0.979919
0.979919
0.979676
0.979676
0.979676
0.979676
0.979676
0.979676
0.979676
0.979676
0.979676
0.979676
0.979676
0.978773
0.978773
0.978773
0.978773
0.978773
0.978773
0.978773
0.978773
0.978773
0.978773
0.978773
0.978391
0.978391
0.978391
0.978391
0.978391
0.978391
0.978391
0.978391
0.978391
0.978391
0.978391
0.978634
0.978634
0.978634
0.978634
0.978634
0.978634
0.978634
0.978634
0.978634
0.978634
0.978634
0.977697
0.977697
0.977697
0.977697
0.977697
0.977697
0.977697
0.977697
0.977697
0.977697
0.977697
0.976447
0.976447
0.976447
0.976447
0.976447
0.976447
0.976447
0.976447
0.976447
0.976447
0.976447
0.976655
0.976655
0.976655
0.976655
0.976655
0.976655
0.976655
0.976655
0.976655
0.976655
0.976655
0.976447
0.976447
0.976447
0.976447
0.976447
0.976447
0.976447
0.976447
0.976447
0.976447
0.976447
0.973843
0.973843
0.973843
0.973843
0.973843
0.973843
0.973843
0.973843
0.973843
0.973843
0.973843
0.974537
0.974537
0.974537
0.974537
0.974537
0.974537
0.974537
0.974537
0.974537
0.974537
0.974537
0.973009
0.973009
0.973009
0.973009
0.973009
0.973009
0.973009
0.973009
0.973009
0.973009
0.973009
0.974711
0.974711
0.974711
0.974711
0.974711
0.974711
0.974711
0.974711
0.974711
0.974711
0.974711
0.972662
0.972662
0.972662
0.972662
0.972662
0.972662
0.972662
0.972662
0.972662
0.972662
0.972662
0.971551
0.971551
0.971551
0.971551
0.971551
0.971551
0.971551
0.971551
0.971551
0.971551
0.971551
0.97287
0.97287
0.97287
0.97287
0.97287
0.97287
0.97287
0.97287
0.97287
0.97287
0.97287
0.971794
0.971794
0.971794
0.971794
0.971794
0.971794
0.971794
0.971794
0.971794
0.971794
0.971794
0.970301
0.970301
0.970301
0.970301
0.970301
0.970301
0.970301
0.970301
0.970301
0.970301
0.970301
0.966655
0.966655
0.966655
0.966655
0.966655
0.966655
0.966655
0.966655
0.966655
0.966655
0.966655
0.966377
0.966377
0.966377
0.966377
0.966377
0.966377
0.966377
0.966377
0.966377
0.966377
0.966377
0.963356
0.963356
0.963356
0.963356
0.963356
0.963356
0.963356
0.963356
0.963356
0.963356
0.963356
0.96015
0.96015
0.96015
0.96015
0.96015
0.96015
0.96015
0.96015
0.96015
0.96015
0.96015
0.960046
0.960046
0.960046
0.960046
0.960046
0.960046
0.960046
0.960046
0.960046
0.960046
0.960046
0.957477
0.957477
0.957477
0.957477
0.957477
0.957477
0.957477
0.957477
0.957477
0.957477
0.957477
0.955289
0.955289
0.955289
0.955289
0.955289
0.955289
0.955289
0.955289
0.955289
0.955289
0.955289
0.952095
0.952095
0.952095
0.952095
0.952095
0.952095
0.952095
0.952095
0.952095
0.952095
0.952095
0.950868
0.950868
0.950868
0.950868
0.950868
0.950868
0.950868
0.950868
0.950868
0.950868
0.950868
0.950058
0.950058
0.950058
0.950058
0.950058
0.950058
0.950058
0.950058
0.950058
0.950058
0.950058
0.947801
0.947801
0.947801
0.947801
0.947801
0.947801
0.947801
0.947801
0.947801
0.947801
0.947801
0.948148
0.948148
0.948148
0.948148
0.948148
0.948148
0.948148
0.948148
0.948148
0.948148
0.948148
0.943438
0.943438
0.943438
0.943438
0.943438
0.943438
0.943438
0.943438
0.943438
0.943438
0.943438
0.941042
0.941042
0.941042
0.941042
0.941042
0.941042
0.941042
0.941042
0.941042
0.941042
0.941042
0.937292
0.937292
0.937292
0.937292
0.937292
0.937292
0.937292
0.937292
0.937292
0.937292
0.937292
0.937616
0.937616
0.937616
0.937616
0.937616
0.937616
0.937616
0.937616
0.937616
0.937616
0.937616
0.932836
0.932836
0.932836
0.932836
0.932836
0.932836
0.932836
0.932836
0.932836
0.932836
0.932836
0.932315
0.932315
0.932315
0.932315
0.932315
0.932315
0.932315
0.932315
0.932315
0.932315
0.932315
0.928808
0.928808
0.928808
0.928808
0.928808
0.928808
0.928808
0.928808
0.928808
0.928808
0.928808
0.925127
0.925127
0.925127
0.925127
0.925127
0.925127
0.925127
0.925127
0.925127
0.925127
0.925127
0.928322
0.928322
0.928322
0.928322
0.928322
0.928322
0.928322
0.928322
0.928322
0.928322
0.928322
0.932083
0.932083
0.932083
0.932083
0.932083
0.932083
0.932083
0.932083
0.932083
0.932083
0.932083
0.939618
0.939618
0.939618
0.939618
0.939618
0.939618
0.939618
0.939618
0.939618
0.939618
0.939618
0.947951
0.947951
0.947951
0.947951
0.947951
0.947951
0.947951
0.947951
0.947951
0.947951
0.947951
0.957928
0.957928
0.957928
0.957928
0.957928
0.957928
0.957928
0.957928
0.957928
0.957928
0.957928
0.965868
0.965868
0.965868
0.965868
0.965868
0.965868
0.965868
0.965868
0.965868
0.965868
0.965868
0.970104
0.970104
0.970104
0.970104
0.970104
0.970104
0.970104
0.970104
0.970104
0.970104
0.970104
0.978252
0.978252
0.978252
0.978252
0.978252
0.978252
0.978252
0.978252
0.978252
0.978252
0.978252
0.974225
0.974225
0.974225
0.974225
0.974225
0.974225
0.974225
0.974225
0.974225
0.974225
0.974225
0.979236
0.979236
0.979236
0.979236
0.979236
0.979236
0.979236
0.979236
0.979236
0.979236
0.979236
0.982141
0.982141
0.982141
0.982141
0.982141
0.982141
0.982141
0.982141
0.982141
0.982141
0.982141
0.985162
0.985162
0.985162
0.985162
0.985162
0.985162
0.985162
0.985162
0.985162
0.985162
0.985162
0.978634
0.978634
0.978634
0.978634
0.978634
0.978634
0.978634
0.978634
0.978634
0.978634
0.978634
0.98103
0.98103
0.98103
0.98103
0.98103
0.98103
0.98103
0.98103
0.98103
0.98103
0.98103
0.979873
0.979873
0.979873
0.979873
0.979873
0.979873
0.979873
0.979873
0.979873
0.979873
0.979873
0.971481
0.971481
0.971481
0.971481
0.971481
0.971481
0.971481
0.971481
0.971481
0.971481
0.971481
0.972164
0.972164
0.972164
0.972164
0.972164
0.972164
0.972164
0.972164
0.972164
0.972164
0.972164
0.973264
0.973264
0.973264
0.973264
0.973264
0.973264
0.973264
0.973264
0.973264
0.973264
0.973264
0.981412
0.981412
0.981412
0.981412
0.981412
0.981412
0.981412
0.981412
0.981412
0.981412
0.981412
0.987454
0.987454
0.987454
0.987454
0.987454
0.987454
0.987454
0.987454
0.987454
0.987454
0.987454
0.985428
0.985428
0.985428
0.985428
0.985428
0.985428
0.985428
0.985428
0.985428
0.985428
0.985428
0.974479
0.974479
0.974479
0.974479
0.974479
0.974479
0.974479
0.974479
0.974479
0.974479
0.974479
0.968646
0.968646
0.968646
0.968646
0.968646
0.968646
0.968646
0.968646
0.968646
0.968646
0.968646
0.972396
0.972396
0.972396
0.972396
0.972396
0.972396
0.972396
0.972396
0.972396
0.972396
0.972396
0.971644
0.971644
0.971644
0.971644
0.971644
0.971644
0.971644
0.971644
0.971644
0.971644
0.971644
0.972002
0.972002
0.972002
0.972002
0.972002
0.972002
0.972002
0.972002
0.972002
0.972002
0.972002
0.972118
0.972118
0.972118
0.972118
0.972118
0.972118
0.972118
0.972118
0.972118
0.972118
0.972118
0.953623
0.953623
0.953623
0.953623
0.953623
0.953623
0.953623
0.953623
0.953623
0.953623
0.953623
0.946921
0.946921
0.946921
0.946921
0.946921
0.946921
0.946921
0.946921
0.946921
0.946921
0.946921
0.922975
0.922975
0.922975
0.922975
0.922975
0.922975
0.922975
0.922975
0.922975
0.922975
0.922975
0.726759
0.726759
0.726759
0.726759
0.726759
0.726759
0.726759
0.726759
0.726759
0.726759
0.726759
0.649711
0.649711
0.649711
0.649711
0.649711
0.649711
0.649711
0.649711
0.649711
0.649711
0.649711
0.643183
0.643183
0.643183
0.643183
0.643183
0.643183
0.643183
0.643183
0.643183
0.643183
0.643183
0.658912
0.658912
0.658912
0.658912
0.658912
0.658912
0.658912
0.658912
0.658912
0.658912
0.658912
0.565961
0.565961
0.565961
0.565961
0.565961
0.565961
0.565961
0.565961
0.565961
0.565961
0.565961
0.558623
0.558623
0.558623
0.558623
0.558623
0.558623
0.558623
0.558623
0.558623
0.558623
0.558623
0.519259
0.519259
0.519259
0.519259
0.519259
0.519259
0.519259
0.519259
0.519259
0.519259
0.519259
0.467199
0.467199
0.467199
0.467199
0.467199
0.467199
0.467199
0.467199
0.467199
0.467199
0.467199
0.43544
0.43544
0.43544
0.43544
0.43544
0.43544
0.43544
0.43544
0.43544
0.43544
0.43544
0.375671
0.375671
0.375671
0.375671
0.375671
0.375671
0.375671
0.375671
0.375671
0.375671
0.375671
0.284884
0.284884
0.284884
0.284884
0.284884
0.284884
0.284884
0.284884
0.284884
0.284884
0.284884
0.320799
0.320799
0.320799
0.320799
0.320799
0.320799
0.320799
0.320799
0.320799
0.320799
0.320799
0.388681
0.388681
0.388681
0.388681
0.388681
0.388681
0.388681
0.388681
0.388681
0.388681
0.388681
0.498252
0.498252
0.498252
0.498252
0.498252
0.498252
0.498252
0.498252
0.498252
0.498252
0.498252
0.653461
0.653461
0.653461
0.653461
0.653461
0.653461
0.653461
0.653461
0.653461
0.653461
0.653461
0.660856
0.660856
0.660856
0.660856
0.660856
0.660856
0.660856
0.660856
0.660856
0.660856
0.660856
0.539225
0.539225
0.539225
0.539225
0.539225
0.539225
0.539225
0.539225
0.539225
0.539225
0.539225
0.436609
0.436609
0.436609
0.436609
0.436609
0.436609
0.436609
0.436609
0.436609
0.436609
0.436609
0.348218
0.348218
0.348218
0.348218
0.348218
0.348218
0.348218
0.348218
0.348218
0.348218
0.348218
0.23816
0.23816
0.23816
0.23816
0.23816
0.23816
0.23816
0.23816
0.23816
0.23816
0.23816
0.141898
0.141898
0.141898
0.141898
0.141898
0.141898
0.141898
0.141898
0.141898
0.141898
0.141898
0.0986574
0.0986574
0.0986574
0.0986574
0.0986574
0.0986574
0.0986574
0.0986574
0.0986574
0.0986574
0.0986574
0.0960648
0.0960648
0.0960648
0.0960648
0.0960648
0.0960648
0.0960648
0.0960648
0.0960648
0.0960648
0.0960648
0.124595
0.124595
0.124595
0.124595
0.124595
0.124595
0.124595
0.124595
0.124595
0.124595
0.124595
0.362211
0.362211
0.362211
0.362211
0.362211
0.362211
0.362211
0.362211
0.362211
0.362211
0.362211
0.583426
0.583426
0.583426
0.583426
0.583426
0.583426
0.583426
0.583426
0.583426
0.583426
0.583426
0.63228
0.63228
0.63228
0.63228
0.63228
0.63228
0.63228
0.63228
0.63228
0.63228
0.63228
0.425046
0.425046
0.425046
0.425046
0.425046
0.425046
0.425046
0.425046
0.425046
0.425046
0.425046
0.290382
0.290382
0.290382
0.290382
0.290382
0.290382
0.290382
0.290382
0.290382
0.290382
0.290382
0.202569
0.202569
0.202569
0.202569
0.202569
0.202569
0.202569
0.202569
0.202569
0.202569
0.202569
0.0944792
0.0944792
0.0944792
0.0944792
0.0944792
0.0944792
0.0944792
0.0944792
0.0944792
0.0944792
0.0944792
0.0830208
0.0830208
0.0830208
0.0830208
0.0830208
0.0830208
0.0830208
0.0830208
0.0830208
0.0830208
0.0830208
0.103067
0.103067
0.103067
0.103067
0.103067
0.103067
0.103067
0.103067
0.103067
0.103067
0.103067
0.224421
0.224421
0.224421
0.224421
0.224421
0.224421
0.224421
0.224421
0.224421
0.224421
0.224421
0.446655
0.446655
0.446655
0.446655
0.446655
0.446655
0.446655
0.446655
0.446655
0.446655
0.446655
0.774259
0.774259
0.774259
0.774259
0.774259
0.774259
0.774259
0.774259
0.774259
0.774259
0.774259
0.760336
0.760336
0.760336
0.760336
0.760336
0.760336
0.760336
0.760336
0.760336
0.760336
0.760336
0.451505
0.451505
0.451505
0.451505
0.451505
0.451505
0.451505
0.451505
0.451505
0.451505
0.451505
0.371875
0.371875
0.371875
0.371875
0.371875
0.371875
0.371875
0.371875
0.371875
0.371875
0.371875
0.25456
0.25456
0.25456
0.25456
0.25456
0.25456
0.25456
0.25456
0.25456
0.25456
0.25456
0.162975
0.162975
0.162975
0.162975
0.162975
0.162975
0.162975
0.162975
0.162975
0.162975
0.162975
0.0903935
0.0903935
0.0903935
0.0903935
0.0903935
0.0903935
0.0903935
0.0903935
0.0903935
0.0903935
0.0903935
0.0684606
0.0684606
0.0684606
0.0684606
0.0684606
0.0684606
0.0684606
0.0684606
0.0684606
0.0684606
0.0684606
0.0677778
0.0677778
0.0677778
0.0677778
0.0677778
0.0677778
0.0677778
0.0677778
0.0677778
0.0677778
0.0677778
0.0679282
0.0679282
0.0679282
0.0679282
0.0679282
0.0679282
0.0679282
0.0679282
0.0679282
0.0679282
0.0679282
0.0675
0.0675
0.0675
0.0675
0.0675
0.0675
0.0675
0.0675
0.0675
0.0675
0.0675
0.0701157
0.0701157
0.0701157
0.0701157
0.0701157
0.0701157
0.0701157
0.0701157
0.0701157
0.0701157
0.0701157
0.0741782
0.0741782
0.0741782
0.0741782
0.0741782
0.0741782
0.0741782
0.0741782
0.0741782
0.0741782
0.0741782
0.151539
0.151539
0.151539
0.151539
0.151539
0.151539
0.151539
0.151539
0.151539
0.151539
0.151539
0.178773
0.178773
0.178773
0.178773
0.178773
0.178773
0.178773
0.178773
0.178773
0.178773
0.178773
0.178738
0.178738
0.178738
0.178738
0.178738
0.178738
0.178738
0.178738
0.178738
0.178738
0.178738
0.14353
0.14353
0.14353
0.14353
0.14353
0.14353
0.14353
0.14353
0.14353
0.14353
0.14353
0.122593
0.122593
0.122593
0.122593
0.122593
0.122593
0.122593
0.122593
0.122593
0.122593
0.122593
0.0936574
0.0936574
0.0936574
0.0936574
0.0936574
0.0936574
0.0936574
0.0936574
0.0936574
0.0936574
0.0936574
0.0820023
0.0820023
0.0820023
0.0820023
0.0820023
0.0820023
0.0820023
0.0820023
0.0820023
0.0820023
0.0820023
0.0745023
0.0745023
0.0745023
0.0745023
0.0745023
0.0745023
0.0745023
0.0745023
0.0745023
0.0745023
0.0745023
0.0807639
0.0807639
0.0807639
0.0807639
0.0807639
0.0807639
0.0807639
0.0807639
0.0807639
0.0807639
0.0807639
0.0814931
0.0814931
0.0814931
0.0814931
0.0814931
0.0814931
0.0814931
0.0814931
0.0814931
0.0814931
0.0814931
0.108194
0.108194
0.108194
0.108194
0.108194
0.108194
0.108194
0.108194
0.108194
0.108194
0.108194
0.158102
0.158102
0.158102
0.158102
0.158102
0.158102
0.158102
0.158102
0.158102
0.158102
0.158102
0.148762
0.148762
0.148762
0.148762
0.148762
0.148762
0.148762
0.148762
0.148762
0.148762
0.148762
0.0938889
0.0938889
0.0938889
0.0938889
0.0938889
0.0938889
0.0938889
0.0938889
0.0938889
0.0938889
0.0938889
0.064919
0.064919
0.064919
0.064919
0.064919
0.064919
0.064919
0.064919
0.064919
0.064919
0.064919
0.105868
0.105868
0.105868
0.105868
0.105868
0.105868
0.105868
0.105868
0.105868
0.105868
0.105868
0.0875694
0.0875694
0.0875694
0.0875694
0.0875694
0.0875694
0.0875694
0.0875694
0.0875694
0.0875694
0.0875694
0.106806
0.106806
0.106806
0.106806
0.106806
0.106806
0.106806
0.106806
0.106806
0.106806
0.106806
0.064919
0.064919
0.064919
0.064919
0.064919
0.064919
0.064919
0.064919
0.064919
0.064919
0.064919
0.0753125
0.0753125
0.0753125
0.0753125
0.0753125
0.0753125
0.0753125
0.0753125
0.0753125
0.0753125
0.0753125
0.0818403
0.0818403
0.0818403
0.0818403
0.0818403
0.0818403
0.0818403
0.0818403
0.0818403
0.0818403
0.0818403
0.0825694
0.0825694
0.0825694
0.0825694
0.0825694
0.0825694
0.0825694
0.0825694
0.0825694
0.0825694
0.0825694
0.127928
0.127928
0.127928
0.127928
0.127928
0.127928
0.127928
0.127928
0.127928
0.127928
0.127928
0.138831
0.138831
0.138831
0.138831
0.138831
0.138831
0.138831
0.138831
0.138831
0.138831
0.138831
0.143576
0.143576
0.143576
0.143576
0.143576
0.143576
0.143576
0.143576
0.143576
0.143576
0.143576
0.125023
0.125023
0.125023
0.125023
0.125023
0.125023
0.125023
0.125023
0.125023
0.125023
0.125023
0.0686343
0.0686343
0.0686343
0.0686343
0.0686343
0.0686343
0.0686343
0.0686343
0.0686343
0.0686343
0.0686343
0.0571991
0.0571991
0.0571991
0.0571991
0.0571991
0.0571991
0.0571991
0.0571991
0.0571991
0.0571991
0.0571991
0.0564583
0.0564583
0.0564583
0.0564583
0.0564583
0.0564583
0.0564583
0.0564583
0.0564583
0.0564583
0.0564583
0.0562153
0.0562153
0.0562153
0.0562153
0.0562153
0.0562153
0.0562153
0.0562153
0.0562153
0.0562153
0.0562153
0.0564236
0.0564236
0.0564236
0.0564236
0.0564236
0.0564236
0.0564236
0.0564236
0.0564236
0.0564236
0.0564236
0.0555903
0.0555903
0.0555903
0.0555903
0.0555903
0.0555903
0.0555903
0.0555903
0.0555903
0.0555903
0.0555903
0.0830903
0.0830903
0.0830903
0.0830903
0.0830903
0.0830903
0.0830903
0.0830903
0.0830903
0.0830903
0.0830903
0.131875
0.131875
0.131875
0.131875
0.131875
0.131875
0.131875
0.131875
0.131875
0.131875
0.131875
0.215347
0.215347
0.215347
0.215347
0.215347
0.215347
0.215347
0.215347
0.215347
0.215347
0.215347
0.245417
0.245417
0.245417
0.245417
0.245417
0.245417
0.245417
0.245417
0.245417
0.245417
0.245417
0.235521
0.235521
0.235521
0.235521
0.235521
0.235521
0.235521
0.235521
0.235521
0.235521
0.235521
0.18956
0.18956
0.18956
0.18956
0.18956
0.18956
0.18956
0.18956
0.18956
0.18956
0.18956
0.157153
0.157153
0.157153
0.157153
0.157153
0.157153
0.157153
0.157153
0.157153
0.157153
0.157153
0.117778
0.117778
0.117778
0.117778
0.117778
0.117778
0.117778
0.117778
0.117778
0.117778
0.117778
0.122153
0.122153
0.122153
0.122153
0.122153
0.122153
0.122153
0.122153
0.122153
0.122153
0.122153
0.126111
0.126111
0.126111
0.126111
0.126111
0.126111
0.126111
0.126111
0.126111
0.126111
0.126111
0.164525
0.164525
0.164525
0.164525
0.164525
0.164525
0.164525
0.164525
0.164525
0.164525
0.164525
0.181296
0.181296
0.181296
0.181296
0.181296
0.181296
0.181296
0.181296
0.181296
0.181296
0.181296
0.189502
0.189502
0.189502
0.189502
0.189502
0.189502
0.189502
0.189502
0.189502
0.189502
0.189502
0.193461
0.193461
0.193461
0.193461
0.193461
0.193461
0.193461
0.193461
0.193461
0.193461
0.193461
0.196134
0.196134
0.196134
0.196134
0.196134
0.196134
0.196134
0.196134
0.196134
0.196134
0.196134
0.18816
0.18816
0.18816
0.18816
0.18816
0.18816
0.18816
0.18816
0.18816
0.18816
0.18816
0.178565
0.178565
0.178565
0.178565
0.178565
0.178565
0.178565
0.178565
0.178565
0.178565
0.178565
0.17206
0.17206
0.17206
0.17206
0.17206
0.17206
0.17206
0.17206
0.17206
0.17206
0.17206
0.172106
0.172106
0.172106
0.172106
0.172106
0.172106
0.172106
0.172106
0.172106
0.172106
0.172106
0.17287
0.17287
0.17287
0.17287
0.17287
0.17287
0.17287
0.17287
0.17287
0.17287
0.17287
0.16978
0.16978
0.16978
0.16978
0.16978
0.16978
0.16978
0.16978
0.16978
0.16978
0.16978
0.178808
0.178808
0.178808
0.178808
0.178808
0.178808
0.178808
0.178808
0.178808
0.178808
0.178808
0.173183
0.173183
0.173183
0.173183
0.173183
0.173183
0.173183
0.173183
0.173183
0.173183
0.173183
0.177141
0.177141
0.177141
0.177141
0.177141
0.177141
0.177141
0.177141
0.177141
0.177141
0.177141
0.181586
0.181586
0.181586
0.181586
0.181586
0.181586
0.181586
0.181586
0.181586
0.181586
0.181586
0.183391
0.183391
0.183391
0.183391
0.183391
0.183391
0.183391
0.183391
0.183391
0.183391
0.183391
0.181377
0.181377
0.181377
0.181377
0.181377
0.181377
0.181377
0.181377
0.181377
0.181377
0.181377
0.17985
0.17985
0.17985
0.17985
0.17985
0.17985
0.17985
0.17985
0.17985
0.17985
0.17985
0.185833
0.185833
0.185833
0.185833
0.185833
0.185833
0.185833
0.185833
0.185833
0.185833
0.185833
0.223009
0.223009
0.223009
0.223009
0.223009
0.223009
0.223009
0.223009
0.223009
0.223009
0.223009
0.287662
0.287662
0.287662
0.287662
0.287662
0.287662
0.287662
0.287662
0.287662
0.287662
0.287662
0.39544
0.39544
0.39544
0.39544
0.39544
0.39544
0.39544
0.39544
0.39544
0.39544
0.39544
0.482083
0.482083
0.482083
0.482083
0.482083
0.482083
0.482083
0.482083
0.482083
0.482083
0.482083
0.667824
0.667824
0.667824
0.667824
0.667824
0.667824
0.667824
0.667824
0.667824
0.667824
0.667824
0.805208
0.805208
0.805208
0.805208
0.805208
0.805208
0.805208
0.805208
0.805208
0.805208
0.805208
0.849676
0.849676
0.849676
0.849676
0.849676
0.849676
0.849676
0.849676
0.849676
0.849676
0.849676
0.878993
0.878993
0.878993
0.878993
0.878993
0.878993
0.878993
0.878993
0.878993
0.878993
0.878993
0.901285
0.901285
0.901285
0.901285
0.901285
0.901285
0.901285
0.901285
0.901285
0.901285
0.901285
0.889907
0.889907
0.889907
0.889907
0.889907
0.889907
0.889907
0.889907
0.889907
0.889907
0.889907
0.888553
0.888553
0.888553
0.888553
0.888553
0.888553
0.888553
0.888553
0.888553
0.888553
0.888553
0.883692
0.883692
0.883692
0.883692
0.883692
0.883692
0.883692
0.883692
0.883692
0.883692
0.883692
0.880706
0.880706
0.880706
0.880706
0.880706
0.880706
0.880706
0.880706
0.880706
0.880706
0.880706
0.873623
0.873623
0.873623
0.873623
0.873623
0.873623
0.873623
0.873623
0.873623
0.873623
0.873623
0.87169
0.87169
0.87169
0.87169
0.87169
0.87169
0.87169
0.87169
0.87169
0.87169
0.87169
0.869525
0.869525
0.869525
0.869525
0.869525
0.869525
0.869525
0.869525
0.869525
0.869525
0.869525
0.85963
0.85963
0.85963
0.85963
0.85963
0.85963
0.85963
0.85963
0.85963
0.85963
0.85963
0.856701
0.856701
0.856701
0.856701
0.856701
0.856701
0.856701
0.856701
0.856701
0.856701
0.856701
0.846319
0.846319
0.846319
0.846319
0.846319
0.846319
0.846319
0.846319
0.846319
0.846319
0.846319
0.835799
0.835799
0.835799
0.835799
0.835799
0.835799
0.835799
0.835799
0.835799
0.835799
0.835799
0.830984
0.830984
0.830984
0.830984
0.830984
0.830984
0.830984
0.830984
0.830984
0.830984
0.830984
0.827731
0.827731
0.827731
0.827731
0.827731
0.827731
0.827731
0.827731
0.827731
0.827731
0.827731
0.824225
0.824225
0.824225
0.824225
0.824225
0.824225
0.824225
0.824225
0.824225
0.824225
0.824225
0.81956
0.81956
0.81956
0.81956
0.81956
0.81956
0.81956
0.81956
0.81956
0.81956
0.81956
0.818519
0.818519
0.818519
0.818519
0.818519
0.818519
0.818519
0.818519
0.818519
0.818519
0.818519
0.814132
0.814132
0.814132
0.814132
0.814132
0.814132
0.814132
0.814132
0.814132
0.814132
0.814132
0.811736
0.811736
0.811736
0.811736
0.811736
0.811736
0.811736
0.811736
0.811736
0.811736
0.811736
0.8075
0.8075
0.8075
0.8075
0.8075
0.8075
0.8075
0.8075
0.8075
0.8075
0.8075
0.802303
0.802303
0.802303
0.802303
0.802303
0.802303
0.802303
0.802303
0.802303
0.802303
0.802303
0.802963
0.802963
0.802963
0.802963
0.802963
0.802963
0.802963
0.802963
0.802963
0.802963
0.802963
0.801574
0.801574
0.801574
0.801574
0.801574
0.801574
0.801574
0.801574
0.801574
0.801574
0.801574
0.798113
0.798113
0.798113
0.798113
0.798113
0.798113
0.798113
0.798113
0.798113
0.798113
0.798113
0.795498
0.795498
0.795498
0.795498
0.795498
0.795498
0.795498
0.795498
0.795498
0.795498
0.795498
0.793773
0.793773
0.793773
0.793773
0.793773
0.793773
0.793773
0.793773
0.793773
0.793773
0.793773
0.78794
0.78794
0.78794
0.78794
0.78794
0.78794
0.78794
0.78794
0.78794
0.78794
0.78794
0.785405
0.785405
0.785405
0.785405
0.785405
0.785405
0.785405
0.785405
0.785405
0.785405
0.785405
0.778715
0.778715
0.778715
0.778715
0.778715
0.778715
0.778715
0.778715
0.778715
0.778715
0.778715
0.76919
0.76919
0.76919
0.76919
0.76919
0.76919
0.76919
0.76919
0.76919
0.76919
0.76919
0.762535
0.762535
0.762535
0.762535
0.762535
0.762535
0.762535
0.762535
0.762535
0.762535
0.762535
0.760093
0.760093
0.760093
0.760093
0.760093
0.760093
0.760093
0.760093
0.760093
0.760093
0.760093
0.759745
0.759745
0.759745
0.759745
0.759745
0.759745
0.759745
0.759745
0.759745
0.759745
0.759745
0.759572
0.759572
0.759572
0.759572
0.759572
0.759572
0.759572
0.759572
0.759572
0.759572
0.759572
0.75728
0.75728
0.75728
0.75728
0.75728
0.75728
0.75728
0.75728
0.75728
0.75728
0.75728
0.75037
0.75037
0.75037
0.75037
0.75037
0.75037
0.75037
0.75037
0.75037
0.75037
0.75037
0.745336
0.745336
0.745336
0.745336
0.745336
0.745336
0.745336
0.745336
0.745336
0.745336
0.745336
0.745544
0.745544
0.745544
0.745544
0.745544
0.745544
0.745544
0.745544
0.745544
0.745544
0.745544
0.741331
0.741331
0.741331
0.741331
0.741331
0.741331
0.741331
0.741331
0.741331
0.741331
0.741331
0.735845
0.735845
0.735845
0.735845
0.735845
0.735845
0.735845
0.735845
0.735845
0.735845
0.735845
0.724421
0.724421
0.724421
0.724421
0.724421
0.724421
0.724421
0.724421
0.724421
0.724421
0.724421
0.723137
0.723137
0.723137
0.723137
0.723137
0.723137
0.723137
0.723137
0.723137
0.723137
0.723137
0.710509
0.710509
0.710509
0.710509
0.710509
0.710509
0.710509
0.710509
0.710509
0.710509
0.710509
0.704259
0.704259
0.704259
0.704259
0.704259
0.704259
0.704259
0.704259
0.704259
0.704259
0.704259
0.703322
0.703322
0.703322
0.703322
0.703322
0.703322
0.703322
0.703322
0.703322
0.703322
0.703322
0.697002
0.697002
0.697002
0.697002
0.697002
0.697002
0.697002
0.697002
0.697002
0.697002
0.697002
0.690822
0.690822
0.690822
0.690822
0.690822
0.690822
0.690822
0.690822
0.690822
0.690822
0.690822
0.686829
0.686829
0.686829
0.686829
0.686829
0.686829
0.686829
0.686829
0.686829
0.686829
0.686829
0.683634
0.683634
0.683634
0.683634
0.683634
0.683634
0.683634
0.683634
0.683634
0.683634
0.683634
0.678218
0.678218
0.678218
0.678218
0.678218
0.678218
0.678218
0.678218
0.678218
0.678218
0.678218
0.67103
0.67103
0.67103
0.67103
0.67103
0.67103
0.67103
0.67103
0.67103
0.67103
0.67103
0.664398
0.664398
0.664398
0.664398
0.664398
0.664398
0.664398
0.664398
0.664398
0.664398
0.664398
0.652431
0.652431
0.652431
0.652431
0.652431
0.652431
0.652431
0.652431
0.652431
0.652431
0.652431
0.6586
0.6586
0.6586
0.6586
0.6586
0.6586
0.6586
0.6586
0.6586
0.6586
0.6586
0.649572
0.649572
0.649572
0.649572
0.649572
0.649572
0.649572
0.649572
0.649572
0.649572
0.649572
0.651794
0.651794
0.651794
0.651794
0.651794
0.651794
0.651794
0.651794
0.651794
0.651794
0.651794
0.638958
0.638958
0.638958
0.638958
0.638958
0.638958
0.638958
0.638958
0.638958
0.638958
0.638958
0.629803
0.629803
0.629803
0.629803
0.629803
0.629803
0.629803
0.629803
0.629803
0.629803
0.629803
0.614352
0.614352
0.614352
0.614352
0.614352
0.614352
0.614352
0.614352
0.614352
0.614352
0.614352
0.600139
0.600139
0.600139
0.600139
0.600139
0.600139
0.600139
0.600139
0.600139
0.600139
0.600139
0.596771
0.596771
0.596771
0.596771
0.596771
0.596771
0.596771
0.596771
0.596771
0.596771
0.596771
0.598924
0.598924
0.598924
0.598924
0.598924
0.598924
0.598924
0.598924
0.598924
0.598924
0.598924
0.598785
0.598785
0.598785
0.598785
0.598785
0.598785
0.598785
0.598785
0.598785
0.598785
0.598785
0.595729
0.595729
0.595729
0.595729
0.595729
0.595729
0.595729
0.595729
0.595729
0.595729
0.595729
0.585729
0.585729
0.585729
0.585729
0.585729
0.585729
0.585729
0.585729
0.585729
0.585729
0.585729
0.579236
0.579236
0.579236
0.579236
0.579236
0.579236
0.579236
0.579236
0.579236
0.579236
0.579236
0.568681
0.568681
0.568681
0.568681
0.568681
0.568681
0.568681
0.568681
0.568681
0.568681
0.568681
0.568403
0.568403
0.568403
0.568403
0.568403
0.568403
0.568403
0.568403
0.568403
0.568403
0.568403
0.562604
0.562604
0.562604
0.562604
0.562604
0.562604
0.562604
0.562604
0.562604
0.562604
0.562604
0.561771
0.561771
0.561771
0.561771
0.561771
0.561771
0.561771
0.561771
0.561771
0.561771
0.561771
0.548194
0.548194
0.548194
0.548194
0.548194
0.548194
0.548194
0.548194
0.548194
0.548194
0.548194
0.539653
0.539653
0.539653
0.539653
0.539653
0.539653
0.539653
0.539653
0.539653
0.539653
0.539653
0.568403
0.568403
0.568403
0.568403
0.568403
0.568403
0.568403
0.568403
0.568403
0.568403
0.568403
0.55066
0.55066
0.55066
0.55066
0.55066
0.55066
0.55066
0.55066
0.55066
0.55066
0.55066
0.551667
0.551667
0.551667
0.551667
0.551667
0.551667
0.551667
0.551667
0.551667
0.551667
0.551667
0.539306
0.539306
0.539306
0.539306
0.539306
0.539306
0.539306
0.539306
0.539306
0.539306
0.539306
0.538958
0.538958
0.538958
0.538958
0.538958
0.538958
0.538958
0.538958
0.538958
0.538958
0.538958
0.524062
0.524062
0.524062
0.524062
0.524062
0.524062
0.524062
0.524062
0.524062
0.524062
0.524062
0.530197
0.530197
0.530197
0.530197
0.530197
0.530197
0.530197
0.530197
0.530197
0.530197
0.530197
0.514965
0.514965
0.514965
0.514965
0.514965
0.514965
0.514965
0.514965
0.514965
0.514965
0.514965
0.506806
0.506806
0.506806
0.506806
0.506806
0.506806
0.506806
0.506806
0.506806
0.506806
0.506806
0.495312
0.495312
0.495312
0.495312
0.495312
0.495312
0.495312
0.495312
0.495312
0.495312
0.495312
0.483611
0.483611
0.483611
0.483611
0.483611
0.483611
0.483611
0.483611
0.483611
0.483611
0.483611
0.476562
0.476562
0.476562
0.476562
0.476562
0.476562
0.476562
0.476562
0.476562
0.476562
0.476562
0.466528
0.466528
0.466528
0.466528
0.466528
0.466528
0.466528
0.466528
0.466528
0.466528
0.466528
0.476736
0.476736
0.476736
0.476736
0.476736
0.476736
0.476736
0.476736
0.476736
0.476736
0.476736
0.454826
0.454826
0.454826
0.454826
0.454826
0.454826
0.454826
0.454826
0.454826
0.454826
0.454826
0.442882
0.442882
0.442882
0.442882
0.442882
0.442882
0.442882
0.442882
0.442882
0.442882
0.442882
0.439931
0.439931
0.439931
0.439931
0.439931
0.439931
0.439931
0.439931
0.439931
0.439931
0.439931
0.432986
0.432986
0.432986
0.432986
0.432986
0.432986
0.432986
0.432986
0.432986
0.432986
0.432986
0.435104
0.435104
0.435104
0.435104
0.435104
0.435104
0.435104
0.435104
0.435104
0.435104
0.435104
0.420833
0.420833
0.420833
0.420833
0.420833
0.420833
0.420833
0.420833
0.420833
0.420833
0.420833
0.416007
0.416007
0.416007
0.416007
0.416007
0.416007
0.416007
0.416007
0.416007
0.416007
0.416007
0.401597
0.401597
0.401597
0.401597
0.401597
0.401597
0.401597
0.401597
0.401597
0.401597
0.401597
0.412674
0.412674
0.412674
0.412674
0.412674
0.412674
0.412674
0.412674
0.412674
0.412674
0.412674
0.392813
0.392813
0.392813
0.392813
0.392813
0.392813
0.392813
0.392813
0.392813
0.392813
0.392813
0.382604
0.382604
0.382604
0.382604
0.382604
0.382604
0.382604
0.382604
0.382604
0.382604
0.382604
0.386632
0.386632
0.386632
0.386632
0.386632
0.386632
0.386632
0.386632
0.386632
0.386632
0.386632
0.385451
0.385451
0.385451
0.385451
0.385451
0.385451
0.385451
0.385451
0.385451
0.385451
0.385451
0.390764
0.390764
0.390764
0.390764
0.390764
0.390764
0.390764
0.390764
0.390764
0.390764
0.390764
0.411875
0.411875
0.411875
0.411875
0.411875
0.411875
0.411875
0.411875
0.411875
0.411875
0.411875
0.462037
0.462037
0.462037
0.462037
0.462037
0.462037
0.462037
0.462037
0.462037
0.462037
0.462037
0.490718
0.490718
0.490718
0.490718
0.490718
0.490718
0.490718
0.490718
0.490718
0.490718
0.490718
0.527975
0.527975
0.527975
0.527975
0.527975
0.527975
0.527975
0.527975
0.527975
0.527975
0.527975
0.586516
0.586516
0.586516
0.586516
0.586516
0.586516
0.586516
0.586516
0.586516
0.586516
0.586516
0.61787
0.61787
0.61787
0.61787
0.61787
0.61787
0.61787
0.61787
0.61787
0.61787
0.61787
0.66419
0.66419
0.66419
0.66419
0.66419
0.66419
0.66419
0.66419
0.66419
0.66419
0.66419
0.736551
0.736551
0.736551
0.736551
0.736551
0.736551
0.736551
0.736551
0.736551
0.736551
0.736551
0.804468
0.804468
0.804468
0.804468
0.804468
0.804468
0.804468
0.804468
0.804468
0.804468
0.804468
0.818507
0.818507
0.818507
0.818507
0.818507
0.818507
0.818507
0.818507
0.818507
0.818507
0.818507
0.819988
0.819988
0.819988
0.819988
0.819988
0.819988
0.819988
0.819988
0.819988
0.819988
0.819988
0.837812
0.837812
0.837812
0.837812
0.837812
0.837812
0.837812
0.837812
0.837812
0.837812
0.837812
0.863461
0.863461
0.863461
0.863461
0.863461
0.863461
0.863461
0.863461
0.863461
0.863461
0.863461
0.897697
0.897697
0.897697
0.897697
0.897697
0.897697
0.897697
0.897697
0.897697
0.897697
0.897697
0.869155
0.869155
0.869155
0.869155
0.869155
0.869155
0.869155
0.869155
0.869155
0.869155
0.869155
0.855579
0.855579
0.855579
0.855579
0.855579
0.855579
0.855579
0.855579
0.855579
0.855579
0.855579
0.848472
0.848472
0.848472
0.848472
0.848472
0.848472
0.848472
0.848472
0.848472
0.848472
0.848472
0.813669
0.813669
0.813669
0.813669
0.813669
0.813669
0.813669
0.813669
0.813669
0.813669
0.813669
0.79956
0.79956
0.79956
0.79956
0.79956
0.79956
0.79956
0.79956
0.79956
0.79956
0.79956
0.75662
0.75662
0.75662
0.75662
0.75662
0.75662
0.75662
0.75662
0.75662
0.75662
0.75662
0.781019
0.781019
0.781019
0.781019
0.781019
0.781019
0.781019
0.781019
0.781019
0.781019
0.781019
0.782025
0.782025
0.782025
0.782025
0.782025
0.782025
0.782025
0.782025
0.782025
0.782025
0.782025
0.740231
0.740231
0.740231
0.740231
0.740231
0.740231
0.740231
0.740231
0.740231
0.740231
0.740231
0.705856
0.705856
0.705856
0.705856
0.705856
0.705856
0.705856
0.705856
0.705856
0.705856
0.705856
0.61331
0.61331
0.61331
0.61331
0.61331
0.61331
0.61331
0.61331
0.61331
0.61331
0.61331
0.53235
0.53235
0.53235
0.53235
0.53235
0.53235
0.53235
0.53235
0.53235
0.53235
0.53235
0.571968
0.571968
0.571968
0.571968
0.571968
0.571968
0.571968
0.571968
0.571968
0.571968
0.571968
0.584745
0.584745
0.584745
0.584745
0.584745
0.584745
0.584745
0.584745
0.584745
0.584745
0.584745
0.612095
0.612095
0.612095
0.612095
0.612095
0.612095
0.612095
0.612095
0.612095
0.612095
0.612095
0.675544
0.675544
0.675544
0.675544
0.675544
0.675544
0.675544
0.675544
0.675544
0.675544
0.675544
0.697037
0.697037
0.697037
0.697037
0.697037
0.697037
0.697037
0.697037
0.697037
0.697037
0.697037
0.704063
0.704063
0.704063
0.704063
0.704063
0.704063
0.704063
0.704063
0.704063
0.704063
0.704063
0.633009
0.633009
0.633009
0.633009
0.633009
0.633009
0.633009
0.633009
0.633009
0.633009
0.633009
0.618113
0.618113
0.618113
0.618113
0.618113
0.618113
0.618113
0.618113
0.618113
0.618113
0.618113
0.684375
0.684375
0.684375
0.684375
0.684375
0.684375
0.684375
0.684375
0.684375
0.684375
0.684375
0.724907
0.724907
0.724907
0.724907
0.724907
0.724907
0.724907
0.724907
0.724907
0.724907
0.724907
0.810405
0.810405
0.810405
0.810405
0.810405
0.810405
0.810405
0.810405
0.810405
0.810405
0.810405
0.812106
0.812106
0.812106
0.812106
0.812106
0.812106
0.812106
0.812106
0.812106
0.812106
0.812106
0.739178
0.739178
0.739178
0.739178
0.739178
0.739178
0.739178
0.739178
0.739178
0.739178
0.739178
0.696181
0.696181
0.696181
0.696181
0.696181
0.696181
0.696181
0.696181
0.696181
0.696181
0.696181
0.658449
0.658449
0.658449
0.658449
0.658449
0.658449
0.658449
0.658449
0.658449
0.658449
0.658449
0.595509
0.595509
0.595509
0.595509
0.595509
0.595509
0.595509
0.595509
0.595509
0.595509
0.595509
0.59691
0.59691
0.59691
0.59691
0.59691
0.59691
0.59691
0.59691
0.59691
0.59691
0.59691
0.596285
0.596285
0.596285
0.596285
0.596285
0.596285
0.596285
0.596285
0.596285
0.596285
0.596285
0.509155
0.509155
0.509155
0.509155
0.509155
0.509155
0.509155
0.509155
0.509155
0.509155
0.509155
0.454144
0.454144
0.454144
0.454144
0.454144
0.454144
0.454144
0.454144
0.454144
0.454144
0.454144
0.508657
0.508657
0.508657
0.508657
0.508657
0.508657
0.508657
0.508657
0.508657
0.508657
0.508657
0.529595
0.529595
0.529595
0.529595
0.529595
0.529595
0.529595
0.529595
0.529595
0.529595
0.529595
0.514896
0.514896
0.514896
0.514896
0.514896
0.514896
0.514896
0.514896
0.514896
0.514896
0.514896
0.405451
0.405451
0.405451
0.405451
0.405451
0.405451
0.405451
0.405451
0.405451
0.405451
0.405451
0.294491
0.294491
0.294491
0.294491
0.294491
0.294491
0.294491
0.294491
0.294491
0.294491
0.294491
0.32412
0.32412
0.32412
0.32412
0.32412
0.32412
0.32412
0.32412
0.32412
0.32412
0.32412
0.369468
0.369468
0.369468
0.369468
0.369468
0.369468
0.369468
0.369468
0.369468
0.369468
0.369468
0.466447
0.466447
0.466447
0.466447
0.466447
0.466447
0.466447
0.466447
0.466447
0.466447
0.466447
0.472384
0.472384
0.472384
0.472384
0.472384
0.472384
0.472384
0.472384
0.472384
0.472384
0.472384
0.394329
0.394329
0.394329
0.394329
0.394329
0.394329
0.394329
0.394329
0.394329
0.394329
0.394329
0.322639
0.322639
0.322639
0.322639
0.322639
0.322639
0.322639
0.322639
0.322639
0.322639
0.322639
0.224826
0.224826
0.224826
0.224826
0.224826
0.224826
0.224826
0.224826
0.224826
0.224826
0.224826
0.138519
0.138519
0.138519
0.138519
0.138519
0.138519
0.138519
0.138519
0.138519
0.138519
0.138519
0.0684954
0.0684954
0.0684954
0.0684954
0.0684954
0.0684954
0.0684954
0.0684954
0.0684954
0.0684954
0.0684954
0.0422454
0.0422454
0.0422454
0.0422454
0.0422454
0.0422454
0.0422454
0.0422454
0.0422454
0.0422454
0.0422454
0.041412
0.041412
0.041412
0.041412
0.041412
0.041412
0.041412
0.041412
0.041412
0.041412
0.041412
0.0410301
0.0410301
0.0410301
0.0410301
0.0410301
0.0410301
0.0410301
0.0410301
0.0410301
0.0410301
0.0410301
0.0407523
0.0407523
0.0407523
0.0407523
0.0407523
0.0407523
0.0407523
0.0407523
0.0407523
0.0407523
0.0407523
0.0434606
0.0434606
0.0434606
0.0434606
0.0434606
0.0434606
0.0434606
0.0434606
0.0434606
0.0434606
0.0434606
0.0424884
0.0424884
0.0424884
0.0424884
0.0424884
0.0424884
0.0424884
0.0424884
0.0424884
0.0424884
0.0424884
0.0423148
0.0423148
0.0423148
0.0423148
0.0423148
0.0423148
0.0423148
0.0423148
0.0423148
0.0423148
0.0423148
0.0407176
0.0407176
0.0407176
0.0407176
0.0407176
0.0407176
0.0407176
0.0407176
0.0407176
0.0407176
0.0407176
0.039919
0.039919
0.039919
0.039919
0.039919
0.039919
0.039919
0.039919
0.039919
0.039919
0.039919
0.0374537
0.0374537
0.0374537
0.0374537
0.0374537
0.0374537
0.0374537
0.0374537
0.0374537
0.0374537
0.0374537
0.0474537
0.0474537
0.0474537
0.0474537
0.0474537
0.0474537
0.0474537
0.0474537
0.0474537
0.0474537
0.0474537
0.0500926
0.0500926
0.0500926
0.0500926
0.0500926
0.0500926
0.0500926
0.0500926
0.0500926
0.0500926
0.0500926
0.0922106
0.0922106
0.0922106
0.0922106
0.0922106
0.0922106
0.0922106
0.0922106
0.0922106
0.0922106
0.0922106
0.149086
0.149086
0.149086
0.149086
0.149086
0.149086
0.149086
0.149086
0.149086
0.149086
0.149086
0.129606
0.129606
0.129606
0.129606
0.129606
0.129606
0.129606
0.129606
0.129606
0.129606
0.129606
0.0939468
0.0939468
0.0939468
0.0939468
0.0939468
0.0939468
0.0939468
0.0939468
0.0939468
0.0939468
0.0939468
0.0864468
0.0864468
0.0864468
0.0864468
0.0864468
0.0864468
0.0864468
0.0864468
0.0864468
0.0864468
0.0864468
0.116447
0.116447
0.116447
0.116447
0.116447
0.116447
0.116447
0.116447
0.116447
0.116447
0.116447
0.129363
0.129363
0.129363
0.129363
0.129363
0.129363
0.129363
0.129363
0.129363
0.129363
0.129363
0.103009
0.103009
0.103009
0.103009
0.103009
0.103009
0.103009
0.103009
0.103009
0.103009
0.103009
0.0589352
0.0589352
0.0589352
0.0589352
0.0589352
0.0589352
0.0589352
0.0589352
0.0589352
0.0589352
0.0589352
0.0350579
0.0350579
0.0350579
0.0350579
0.0350579
0.0350579
0.0350579
0.0350579
0.0350579
0.0350579
0.0350579
0.0406829
0.0406829
0.0406829
0.0406829
0.0406829
0.0406829
0.0406829
0.0406829
0.0406829
0.0406829
0.0406829
0.0802662
0.0802662
0.0802662
0.0802662
0.0802662
0.0802662
0.0802662
0.0802662
0.0802662
0.0802662
0.0802662
0.209225
0.209225
0.209225
0.209225
0.209225
0.209225
0.209225
0.209225
0.209225
0.209225
0.209225
0.374051
0.374051
0.374051
0.374051
0.374051
0.374051
0.374051
0.374051
0.374051
0.374051
0.374051
0.382037
0.382037
0.382037
0.382037
0.382037
0.382037
0.382037
0.382037
0.382037
0.382037
0.382037
0.297245
0.297245
0.297245
0.297245
0.297245
0.297245
0.297245
0.297245
0.297245
0.297245
0.297245
0.220752
0.220752
0.220752
0.220752
0.220752
0.220752
0.220752
0.220752
0.220752
0.220752
0.220752
0.095081
0.095081
0.095081
0.095081
0.095081
0.095081
0.095081
0.095081
0.095081
0.095081
0.095081
0.0258565
0.0258565
0.0258565
0.0258565
0.0258565
0.0258565
0.0258565
0.0258565
0.0258565
0.0258565
0.0258565
0.0250579
0.0250579
0.0250579
0.0250579
0.0250579
0.0250579
0.0250579
0.0250579
0.0250579
0.0250579
0.0250579
0.0233565
0.0233565
0.0233565
0.0233565
0.0233565
0.0233565
0.0233565
0.0233565
0.0233565
0.0233565
0.0233565
0.0233912
0.0233912
0.0233912
0.0233912
0.0233912
0.0233912
0.0233912
0.0233912
0.0233912
0.0233912
0.0233912
0.0223495
0.0223495
0.0223495
0.0223495
0.0223495
0.0223495
0.0223495
0.0223495
0.0223495
0.0223495
0.0223495
0.0219676
0.0219676
0.0219676
0.0219676
0.0219676
0.0219676
0.0219676
0.0219676
0.0219676
0.0219676
0.0219676
0.0214815
0.0214815
0.0214815
0.0214815
0.0214815
0.0214815
0.0214815
0.0214815
0.0214815
0.0214815
0.0214815
0.0207176
0.0207176
0.0207176
0.0207176
0.0207176
0.0207176
0.0207176
0.0207176
0.0207176
0.0207176
0.0207176
0.0201273
0.0201273
0.0201273
0.0201273
0.0201273
0.0201273
0.0201273
0.0201273
0.0201273
0.0201273
0.0201273
0.0197454
0.0197454
0.0197454
0.0197454
0.0197454
0.0197454
0.0197454
0.0197454
0.0197454
0.0197454
0.0197454
0.0194329
0.0194329
0.0194329
0.0194329
0.0194329
0.0194329
0.0194329
0.0194329
0.0194329
0.0194329
0.0194329
0.0185301
0.0185301
0.0185301
0.0185301
0.0185301
0.0185301
0.0185301
0.0185301
0.0185301
0.0185301
0.0185301
0.023669
0.023669
0.023669
0.023669
0.023669
0.023669
0.023669
0.023669
0.023669
0.023669
0.023669
0.0676968
0.0676968
0.0676968
0.0676968
0.0676968
0.0676968
0.0676968
0.0676968
0.0676968
0.0676968
0.0676968
0.078912
0.078912
0.078912
0.078912
0.078912
0.078912
0.078912
0.078912
0.078912
0.078912
0.078912
0.112002
0.112002
0.112002
0.112002
0.112002
0.112002
0.112002
0.112002
0.112002
0.112002
0.112002
0.191273
0.191273
0.191273
0.191273
0.191273
0.191273
0.191273
0.191273
0.191273
0.191273
0.191273
0.224745
0.224745
0.224745
0.224745
0.224745
0.224745
0.224745
0.224745
0.224745
0.224745
0.224745
0.224051
0.224051
0.224051
0.224051
0.224051
0.224051
0.224051
0.224051
0.224051
0.224051
0.224051
0.230336
0.230336
0.230336
0.230336
0.230336
0.230336
0.230336
0.230336
0.230336
0.230336
0.230336
0.242593
0.242593
0.242593
0.242593
0.242593
0.242593
0.242593
0.242593
0.242593
0.242593
0.242593
0.270579
0.270579
0.270579
0.270579
0.270579
0.270579
0.270579
0.270579
0.270579
0.270579
0.270579
0.293808
0.293808
0.293808
0.293808
0.293808
0.293808
0.293808
0.293808
0.293808
0.293808
0.293808
0.301065
0.301065
0.301065
0.301065
0.301065
0.301065
0.301065
0.301065
0.301065
0.301065
0.301065
0.32728
0.32728
0.32728
0.32728
0.32728
0.32728
0.32728
0.32728
0.32728
0.32728
0.32728
0.344155
0.344155
0.344155
0.344155
0.344155
0.344155
0.344155
0.344155
0.344155
0.344155
0.344155
0.327315
0.327315
0.327315
0.327315
0.327315
0.327315
0.327315
0.327315
0.327315
0.327315
0.327315
0.360891
0.360891
0.360891
0.360891
0.360891
0.360891
0.360891
0.360891
0.360891
0.360891
0.360891
0.404225
0.404225
0.404225
0.404225
0.404225
0.404225
0.404225
0.404225
0.404225
0.404225
0.404225
0.481933
0.481933
0.481933
0.481933
0.481933
0.481933
0.481933
0.481933
0.481933
0.481933
0.481933
0.508194
0.508194
0.508194
0.508194
0.508194
0.508194
0.508194
0.508194
0.508194
0.508194
0.508194
0.513218
0.513218
0.513218
0.513218
0.513218
0.513218
0.513218
0.513218
0.513218
0.513218
0.513218
0.507627
0.507627
0.507627
0.507627
0.507627
0.507627
0.507627
0.507627
0.507627
0.507627
0.507627
0.555926
0.555926
0.555926
0.555926
0.555926
0.555926
0.555926
0.555926
0.555926
0.555926
0.555926
0.591794
0.591794
0.591794
0.591794
0.591794
0.591794
0.591794
0.591794
0.591794
0.591794
0.591794
0.624421
0.624421
0.624421
0.624421
0.624421
0.624421
0.624421
0.624421
0.624421
0.624421
0.624421
0.633426
0.633426
0.633426
0.633426
0.633426
0.633426
0.633426
0.633426
0.633426
0.633426
0.633426
0.659248
0.659248
0.659248
0.659248
0.659248
0.659248
0.659248
0.659248
0.659248
0.659248
0.659248
0.687083
0.687083
0.687083
0.687083
0.687083
0.687083
0.687083
0.687083
0.687083
0.687083
0.687083
0.691829
0.691829
0.691829
0.691829
0.691829
0.691829
0.691829
0.691829
0.691829
0.691829
0.691829
0.709433
0.709433
0.709433
0.709433
0.709433
0.709433
0.709433
0.709433
0.709433
0.709433
0.709433
0.725231
0.725231
0.725231
0.725231
0.725231
0.725231
0.725231
0.725231
0.725231
0.725231
0.725231
0.74809
0.74809
0.74809
0.74809
0.74809
0.74809
0.74809
0.74809
0.74809
0.74809
0.74809
0.761273
0.761273
0.761273
0.761273
0.761273
0.761273
0.761273
0.761273
0.761273
0.761273
0.761273
0.757593
0.757593
0.757593
0.757593
0.757593
0.757593
0.757593
0.757593
0.757593
0.757593
0.757593
0.763565
0.763565
0.763565
0.763565
0.763565
0.763565
0.763565
0.763565
0.763565
0.763565
0.763565
0.756794
0.756794
0.756794
0.756794
0.756794
0.756794
0.756794
0.756794
0.756794
0.756794
0.756794
0.748877
0.748877
0.748877
0.748877
0.748877
0.748877
0.748877
0.748877
0.748877
0.748877
0.748877
0.770891
0.770891
0.770891
0.770891
0.770891
0.770891
0.770891
0.770891
0.770891
0.770891
0.770891
0.765093
0.765093
0.765093
0.765093
0.765093
0.765093
0.765093
0.765093
0.765093
0.765093
0.765093
0.766794
0.766794
0.766794
0.766794
0.766794
0.766794
0.766794
0.766794
0.766794
0.766794
0.766794
0.758796
0.758796
0.758796
0.758796
0.758796
0.758796
0.758796
0.758796
0.758796
0.758796
0.758796
0.745822
0.745822
0.745822
0.745822
0.745822
0.745822
0.745822
0.745822
0.745822
0.745822
0.745822
0.740891
0.740891
0.740891
0.740891
0.740891
0.740891
0.740891
0.740891
0.740891
0.740891
0.740891
0.791736
0.791736
0.791736
0.791736
0.791736
0.791736
0.791736
0.791736
0.791736
0.791736
0.791736
0.776863
0.776863
0.776863
0.776863
0.776863
0.776863
0.776863
0.776863
0.776863
0.776863
0.776863
