1.06118
1.06124
1.06224
1.06296
1.06248
1.0621
1.06106
1.06085
1.06165
1.06052
1.06101
1.06066
1.06151
1.06331
1.06305
1.06249
1.06236
1.0625
1.06234
1.06409
1.0637
1.06333
1.06236
1.06615
1.06539
1.06382
1.06506
1.06203
1.06246
1.05824
1.06183
1.05758
1.05868
1.06237
1.06385
1.06177
1.06244
1.06069
1.0611
1.06197
1.06096
1.06231
1.06293
1.06149
1.06254
1.06381
1.06057
1.05875
1.06512
1.06534
1.06423
1.06487
1.05934
1.06488
1.05293
1.05548
1.06505
1.06419
1.06546
1.05648
1.05725
1.05342
1.05453
1.0562
1.05688
1.05422
1.05578
1.05597
1.05651
1.05831
1.06018
1.06025
1.05978
1.06033
1.0626
1.06486
1.06488
1.06471
1.06601
1.06538
1.06728
1.06964
1.07246
1.07413
1.07123
1.07359
1.07175
1.07446
1.07639
1.07525
1.07546
1.06088
1.06464
1.06668
1.06683
1.07141
1.06528
1.06694
1.07423
1.07823
1.07793
1.07988
1.07886
1.07634
1.07539
1.07288
1.07494
