2.57836
2.51439
2.46468
2.36306
2.10898
1.84316
1.65323
1.47671
1.33197
1.25718
1.15536
1.07383
1.01444
0.974074
0.936863
0.896944
0.876447
0.84272
0.826447
0.827025
0.793403
0.773762
0.761968
0.74088
0.722326
0.711042
0.6889
0.678322
0.675185
0.672674
0.662963
0.653993
0.641748
0.630498
0.622697
0.620822
0.618391
0.608808
0.606759
0.602558
0.598773
0.599549
0.595023
0.592338
0.607998
0.592593
0.580255
0.575579
0.57206
0.567292
0.565208
0.561609
0.569259
0.572558
0.584907
0.595498
0.597847
0.60287
0.610046
0.612477
0.615116
0.615359
0.615035
0.616123
0.612662
0.601956
0.580127
0.57037
0.565567
0.545648
0.538032
0.534144
0.522523
0.516632
0.514444
0.517072
0.514792
0.516782
0.518345
0.524769
0.53272
0.542905
0.55191
0.552963
0.573808
0.603981
0.618368
0.656863
0.684641
0.695544
0.734109
0.764109
0.772269
0.797396
0.792269
0.798461
0.80691
0.818565
0.826065
0.842662
0.848484
0.84309
0.849572
0.845058
0.835475
0.828819
0.81662
0.804595
0.80684
0.812037
0.805833
0.816458
0.830243
0.830023
0.833032
0.842604
0.841111
0.839687
0.830567
0.81375
0.807963
0.808495
0.798993
0.799225
0.802789
0.802153
0.802326
0.80456
0.807674
0.811551
0.81669
0.816655
0.824306
0.833519
0.836366
0.842558
0.848993
0.849236
0.858218
0.862928
0.858738
0.853229
0.852315
0.847454
0.843021
0.845266
0.841586
0.83941
0.846806
0.83985
0.833646
0.82875
0.821736
0.812512
0.808218
0.804167
0.801933
0.802176
0.799063
0.799178
0.800984
0.799155
0.799005
0.797882
0.799201
0.798854
0.795567
0.794769
0.792894
0.779502
0.777755
0.775081
0.772905
0.773565
0.774514
0.773669
0.775625
0.771713
0.772234
0.771817
0.772743
0.769711
0.769155
0.766644
0.764919
0.765255
0.761748
0.762685
0.763981
0.764861
0.766343
0.765914
0.761644
0.762882
0.753218
0.756076
0.759769
0.762789
0.762164
0.765197
0.765521
0.767188
0.7686
0.770162
0.770671
0.768032
0.768287
0.770706
0.769491
0.770752
0.774595
0.77463
0.775382
0.77331
0.773912
0.772199
0.771817
0.77059
0.770752
0.754421
0.755926
0.758229
0.756829
0.757083
0.756991
0.755926
0.756875
0.758125
0.757431
0.756806
0.757141
0.758843
0.761968
0.76456
0.769942
0.768762
0.767407
0.763692
0.7589
0.755637
0.752616
0.753183
0.753738
0.758449
0.743241
0.74515
0.749549
0.753877
0.753333
0.752454
0.752211
0.751354
0.751539
0.751366
0.751458
0.753912
0.754711
0.754201
0.754421
0.754468
0.754745
0.754549
0.755683
0.754965
0.755394
0.754942
0.755741
0.7564
0.756863
0.747882
0.747743
0.749294
0.750694
0.751794
0.753229
0.754803
0.753947
0.760359
0.764005
0.77588
0.788542
0.796134
0.805417
0.821782
0.826562
0.839248
0.850544
0.853681
0.863715
0.869572
0.867639
0.863264
0.850845
0.848553
0.82831
0.832454
0.827986
0.825104
0.81581
0.812106
0.808681
0.810139
0.808472
0.807569
0.798333
0.795683
0.79162
0.791782
0.789745
0.787998
0.789676
0.788495
0.786019
0.788079
0.788218
0.78603
0.78184
0.777986
0.775602
0.762454
0.762373
0.759456
0.755579
0.750475
0.743403
0.74162
0.7411
0.743032
0.742905
0.741968
0.743646
0.74419
0.742963
0.74338
0.742523
0.742558
0.742627
0.743634
0.744803
0.749259
0.752106
0.752546
0.755139
0.760463
0.749907
0.758322
0.763241
0.765937
0.763437
0.762731
0.759444
0.758206
0.759028
0.757326
0.758993
0.761678
0.762523
0.764167
0.764248
0.764282
0.766678
0.766505
0.76706
0.767257
0.769329
0.770324
0.770324
0.770995
0.771991
0.773067
0.773438
0.774954
0.775764
0.774792
0.775775
0.77581
0.776806
0.777558
0.776308
0.774838
0.775266
0.778958
0.778056
0.780567
0.784711
0.791748
0.795417
0.798657
0.807581
0.813171
0.824595
0.833912
0.837072
0.846447
0.849144
0.850046
0.858843
0.861956
0.859294
0.863044
0.867697
0.870775
0.878333
0.886921
0.894155
0.916586
0.935486
0.944086
0.968877
0.996771
1.01583
1.04406
1.07273
1.09032
1.12934
1.15971
1.17322
1.21111
1.24164
1.22806
1.25912
1.2876
1.29185
1.32192
1.36603
1.37187
1.40147
1.42414
1.42616
1.43719
1.45007
1.43748
1.44913
1.44926
1.43909
1.45047
1.47083
1.4564
1.48181
1.49332
1.47178
1.47588
1.4662
1.45238
1.46418
1.46123
1.43218
1.45074
1.4659
1.42338
1.43381
1.42454
1.3999
1.40909
1.40802
1.38971
1.40787
1.41806
1.41422
1.40804
1.42021
1.39883
1.4201
1.41839
1.39763
1.41745
1.40553
1.39959
1.41523
1.46741
1.43123
1.41529
1.40306
1.40006
1.40281
1.403
1.39947
1.40892
1.4094
1.40964
1.41411
1.41363
1.41332
1.41957
1.42185
1.42546
1.42624
1.42579
1.4283
1.42794
1.43106
1.42796
1.43312
1.43071
1.42829
1.42513
1.43347
1.42973
1.43615
1.43574
1.43922
1.44963
1.46622
1.47403
1.48836
1.50163
1.51021
1.52016
1.53198
1.54301
1.55867
1.56757
1.57354
1.58514
1.59154
1.59334
1.60331
1.61382
1.61965
1.63308
1.64372
1.6524
1.66301
1.67134
1.67847
1.68281
1.68514
1.69101
1.69428
1.69711
1.69882
1.69973
1.69488
1.69769
1.69596
1.69682
1.69735
1.6962
1.69649
1.6969
1.701
1.71383
1.71733
1.72356
1.69493
1.69828
1.70351
1.70781
1.70991
1.7109
1.71403
1.71284
1.71522
1.71396
1.71296
1.71417
1.71418
1.71484
1.71186
1.71311
1.7086
1.70977
1.71189
1.70755
1.70509
1.70128
1.7059
1.70354
1.70701
1.68088
1.68944
1.69218
1.69314
1.70517
1.71236
1.71865
1.72429
1.7331
1.73868
1.7469
1.75973
1.7648
1.77391
1.78251
1.78729
1.79443
1.79914
1.80344
1.811
1.81774
1.82133
1.82676
1.82998
1.83447
1.83902
1.8463
1.85963
1.87466
1.88942
1.90016
1.91053
1.92137
1.92825
1.93654
1.94624
1.95437
1.97519
2.00135
2.01064
2.02539
2.0452
2.0539
2.07024
2.08562
2.09299
2.10397
2.11498
2.12045
2.12617
2.16111
2.16449
2.17037
2.17785
2.17775
2.18227
2.1892
2.18891
2.19456
2.20225
2.20807
2.22046
2.22502
2.22612
2.2339
2.23696
2.23659
2.23546
2.23451
2.23488
2.23358
2.22862
2.2284
2.22669
2.22384
2.2072
2.2084
2.2069
2.20909
2.20909
2.21245
2.21501
2.21926
2.22257
2.22624
2.2313
2.23449
2.23802
2.23828
2.23785
2.23936
2.24142
2.24553
2.24714
2.24728
2.24641
2.24571
2.24366
2.24561
2.24476
2.21906
2.21863
2.22234
2.22126
2.21793
2.21602
2.21519
2.21544
2.21944
2.22069
2.22211
2.22454
2.22652
2.2266
2.22839
2.22712
2.22719
2.22565
2.22697
2.22587
2.22784
2.2289
2.22946
2.22854
2.22878
2.2094
2.21332
2.2144
2.21551
2.21772
2.21759
2.21964
2.22113
2.22306
2.22161
2.22292
2.22251
2.22372
2.22639
2.22763
2.22753
2.233
2.23287
2.23834
2.23609
2.23556
2.23813
2.23755
2.23947
2.23894
2.19734
2.20226
2.20353
2.20865
2.20939
2.20944
2.21106
2.21242
2.21174
2.2112
2.2128
2.21259
2.21407
2.21363
2.21226
2.21309
2.21001
2.21015
2.21113
2.21103
2.21118
2.2117
2.21242
2.21351
2.21406
2.19851
2.20216
2.20293
2.20353
2.20422
2.20667
2.20622
2.20712
2.20778
2.20701
2.20664
2.20704
2.20843
2.20832
2.20903
2.20824
2.2073
2.20582
2.20668
2.20645
2.20612
2.20609
2.20617
2.20404
2.20367
2.16825
2.17064
2.17645
2.17793
2.18097
2.1803
2.18179
2.18375
2.18522
2.18642
2.18775
2.18738
2.18828
2.18887
2.1923
2.19138
2.19325
2.19431
2.19424
2.19712
2.19926
2.20325
2.20863
2.21258
2.21575
2.19789
2.20503
2.21191
2.21578
2.22394
2.23112
2.23398
2.24076
2.24476
2.24944
2.25194
2.25205
2.25354
2.25198
2.25546
2.25882
2.26324
2.26806
2.27554
2.28309
2.28843
2.29631
2.30395
2.31091
2.31332
2.33274
2.33358
2.33566
2.34199
2.34515
2.35316
2.35697
2.36537
2.36733
2.36734
2.37117
2.37468
2.37287
2.37147
2.37354
2.37138
2.36947
2.37034
2.36912
2.37009
2.37179
2.37291
2.37536
2.37455
2.37432
2.37059
2.374
2.37763
2.37981
2.3784
2.3787
2.37666
2.37684
2.37792
2.37729
2.37894
2.38118
2.378
2.38095
2.3794
2.37816
2.37955
2.38015
2.37943
2.38095
2.38301
2.38417
2.38218
2.3836
2.38162
2.35751
2.36245
2.36551
2.36677
2.36682
2.36873
2.36802
2.3692
2.3709
2.37097
2.35863
2.36102
2.36313
2.36153
2.36449
2.36425
2.36675
2.36769
2.36823
2.36843
2.36985
2.36926
2.37015
2.37487
2.37559
2.37671
2.37959
2.38249
2.38366
2.38461
2.38718
2.38758
2.38677
2.38542
2.38562
2.36456
2.36387
2.3688
2.37009
2.37177
2.3734
2.37427
2.37495
2.37056
2.36602
2.36494
2.36012
2.3538
2.3506
2.35021
2.35012
2.35035
2.34727
2.3472
2.34358
2.34394
2.34281
2.34345
2.34196
2.34194
2.32553
2.32843
2.33359
2.33397
2.33734
2.34113
2.34435
2.34958
2.35387
2.3598
2.36751
2.37258
2.3762
2.37601
2.37521
2.37759
2.37456
2.37519
2.37376
2.37527
2.37339
2.37384
2.37631
2.37648
2.37572
2.35795
2.36247
2.36444
2.36428
2.36296
2.36376
2.36182
2.36427
2.3641
2.36495
2.36442
2.36499
2.36532
2.36866
2.37019
2.37242
2.37442
2.37484
2.37517
2.37787
2.37993
2.37843
2.38235
2.38266
2.3822
2.35946
2.36265
2.36571
2.3666
2.36808
2.36855
2.36877
2.3676
2.36508
2.36655
2.36523
2.37044
2.37061
2.3695
2.36959
2.37086
2.37166
2.3715
2.37502
2.37054
2.37376
2.37097
2.37259
2.37388
2.37323
2.35241
2.3527
2.35317
2.3556
2.35645
2.354
2.33249
2.3389
2.34128
2.33825
2.33862
2.34144
2.33865
2.33897
2.3405
2.33873
2.33912
2.33902
2.33869
2.33935
2.33661
2.33817
2.33709
2.33895
2.33833
2.33913
2.33705
2.33593
2.33823
2.33822
2.33657
2.32596
2.32792
2.33068
2.33148
2.33022
2.33106
2.33403
2.33487
2.3384
2.33804
2.33759
2.34086
2.34233
2.34213
2.34166
2.3423
2.34037
2.33925
2.33924
2.34012
2.34225
2.3417
2.34535
2.34454
2.34274
2.32157
2.32506
2.32515
2.32245
2.32402
2.32279
2.32222
2.32211
2.32089
2.32013
2.32061
2.32432
2.32293
2.32625
2.32889
2.32922
2.331
2.32964
2.33089
2.33057
2.32948
2.33078
2.33189
2.33256
2.33422
2.32262
2.32632
2.32687
2.32741
2.32747
2.32998
2.33025
2.33369
2.33412
2.33649
2.34084
2.34069
2.34292
2.34021
2.34207
2.34233
2.34355
2.34177
2.34138
2.33907
2.33804
2.33763
2.3347
2.33493
2.33275
2.31179
2.313
2.31257
2.31303
2.31706
2.31682
2.31929
2.31845
2.31539
2.31772
2.31522
2.31691
2.31498
2.31384
2.31491
2.31671
2.31677
2.31751
2.3199
2.32034
2.32212
2.31595
2.32041
2.32112
2.31898
2.2919
2.29863
2.29929
2.30434
2.30299
2.30669
2.30823
2.31306
2.30973
2.30866
2.31061
2.30611
2.30481
2.30346
2.30286
2.30218
2.30251
2.30704
2.31299
2.3151
2.32088
2.32126
2.32117
2.31985
2.31751
2.29015
2.29037
2.29038
2.28505
2.28766
2.28765
2.28936
2.29256
2.2925
2.29368
2.29472
2.29755
2.29811
2.30126
2.30328
2.30524
2.30263
2.30269
2.30102
2.30488
2.3066
2.30519
2.30787
2.30694
2.30792
2.31072
2.31501
2.31814
2.32206
2.3208
2.32138
2.32385
2.32613
2.32904
2.32919
2.33002
2.33157
2.33429
2.33579
2.33346
2.33477
2.33697
2.33598
2.341
2.33777
2.33884
2.33988
2.34103
2.34002
2.34
2.32396
2.32933
2.32856
2.32896
2.32995
2.32824
2.33125
2.33266
2.33358
2.33554
2.33706
2.33807
2.3402
2.34021
2.34227
2.34248
2.34495
2.34536
2.34738
2.34822
2.35003
2.34936
2.34874
2.35465
2.3535
2.32773
2.32608
2.32836
2.32885
2.33174
2.3353
2.33696
2.33575
2.33536
2.33866
2.34222
2.34348
2.34653
2.3464
2.34516
2.34316
2.3409
2.34131
2.33844
2.34191
2.34208
2.33973
2.33875
2.33797
2.33852
2.33057
2.33432
2.33453
2.33515
2.33494
2.33392
2.33438
2.33512
2.3342
2.33456
2.33325
2.33215
2.32875
2.33323
2.33539
2.33728
2.33494
2.33347
2.33207
2.33421
2.3385
2.3376
2.33741
2.33806
2.33863
2.32994
2.32868
2.33123
2.33097
2.33728
2.33627
2.34066
2.33829
2.3386
2.33845
2.33579
2.33844
2.33786
2.33744
2.33933
2.34264
2.33612
2.33676
2.33575
2.33388
2.33154
2.32994
2.32867
2.32896
2.32956
2.27744
2.28029
2.27741
2.27707
2.27896
2.27811
2.2783
2.28602
2.28448
2.28704
2.28863
2.29042
2.29047
2.28814
2.28848
2.28944
2.28855
2.29156
2.28944
2.28903
2.29126
2.29304
2.29266
2.29477
2.29344
2.2856
2.28735
2.29463
2.29465
2.29675
2.30396
2.30463
2.30806
2.30837
2.31087
2.31293
2.31449
2.31529
2.31565
2.31949
2.32227
2.32544
2.32664
2.32935
2.33262
2.33487
2.33856
2.33881
2.3403
2.3422
2.33189
2.33779
2.3424
2.34251
2.34175
2.34294
2.34132
2.34109
2.33957
2.33784
2.33792
2.33611
2.33693
2.33038
2.33042
2.32984
2.32653
2.32593
2.32331
2.32316
2.31978
2.3188
2.3166
2.31528
2.31443
2.26809
2.27108
2.2736
2.27848
2.2775
2.27863
2.27862
2.28171
2.28072
2.27916
2.28223
2.28102
2.28078
2.28012
2.27916
2.2789
2.27912
2.27998
2.2798
2.28145
2.28243
2.28021
2.27975
2.2803
2.28179
2.26083
2.2628
2.26278
2.2631
2.26669
2.27009
2.27443
2.27336
2.27734
2.27583
2.27837
2.27811
2.28507
2.28538
2.29162
2.29788
2.303
2.31274
2.32299
2.32207
2.33159
2.33721
2.34267
2.35378
2.36227
2.34752
2.3625
2.363
2.36543
2.37186
2.37685
2.37764
2.38616
2.3911
2.39509
2.39799
2.41065
2.41413
2.4214
2.44293
2.44366
2.47594
2.4963
2.50443
2.52706
2.54169
2.53559
2.55203
2.58146
2.56457
2.56604
2.57324
2.55606
2.56679
2.56854
2.55513
2.57671
2.58333
2.55657
2.55453
2.55733
2.55383
2.55231
2.55654
2.54564
2.55109
2.53566
2.51082
2.51113
2.50453
2.48427
2.46681
2.47594
2.4741
2.48698
2.49631
2.48063
2.48904
2.50115
2.4888
2.50419
2.52477
2.51094
2.53235
2.54949
2.54953
2.54302
2.53318
2.53462
2.53035
2.53676
2.51318
2.51094
2.50035
2.50318
2.51219
2.51947
2.51117
2.52757
2.52775
2.51905
2.5388
2.5417
2.54552
2.53914
2.46916
2.46304
2.45596
2.45822
2.45333
2.44456
2.35965
2.34958
2.33023
2.30767
2.29383
2.26483
2.25762
2.24719
2.24182
2.23012
2.22103
2.2151
2.21557
2.20961
2.20737
2.20939
2.19399
2.17671
2.17626
2.1659
2.14894
2.15539
2.14659
2.14341
2.14925
2.13132
2.15185
2.15697
2.08089
2.07093
2.0681
2.067
2.06389
2.05791
2.06191
2.06786
2.08171
2.09003
2.10812
2.12263
2.13899
2.15907
2.17318
2.18389
2.20772
2.21488
2.20979
2.22301
2.23472
2.229
2.21433
2.20422
2.20344
2.21855
2.22685
2.23365
2.24992
2.27398
2.28296
2.2851
2.28677
2.29209
2.28725
2.25699
2.23786
2.23086
2.23193
2.22181
2.2402
2.22772
2.22539
2.20912
2.22288
2.21749
2.21721
2.2233
2.20862
2.19506
2.1635
2.15402
2.12618
2.1013
2.0806
2.06873
2.05667
2.05028
2.0625
2.07137
2.07016
2.09211
2.08578
2.06934
2.05574
2.0486
2.02413
2.02809
2.04958
2.03671
2.03992
2.04287
2.03122
2.03675
2.0264
2.00819
2.01685
2.01183
2.00201
1.99762
2.00267
1.97764
1.99247
1.98756
1.98071
1.97721
2.05461
2.02756
1.99999
1.97294
1.94692
1.91391
1.87587
1.84649
1.82271
1.82078
1.79402
1.79381
1.78939
1.78681
1.78181
1.78088
1.75694
1.73022
1.70862
1.69726
1.71263
1.72113
1.72501
1.73222
1.73444
1.73753
1.73216
1.74505
1.75936
1.77718
1.78918
1.79464
1.80868
1.83036
1.83744
1.8578
1.87743
1.89198
1.90898
1.9173
1.92265
1.92876
1.92508
1.92406
1.91588
1.91102
1.90194
1.90449
1.89808
1.89171
1.88255
1.89926
1.9025
1.9395
1.94911
1.9501
1.9649
1.96103
1.95538
1.97954
2.0102
2.02383
2.06669
2.12448
2.1375
2.17683
2.22477
2.22806
2.25095
2.25208
2.2464
2.22963
2.19867
2.16576
2.12807
2.10881
2.08604
2.0995
2.09236
2.07282
2.06653
2.07751
2.07773
2.06713
2.07316
2.09267
2.10524
2.13883
2.14646
2.16797
2.16589
2.16662
2.13367
2.11363
2.11141
2.01597
1.96493
1.97707
1.94653
1.91869
1.85079
1.86142
1.82213
1.7935
1.77753
1.75868
1.74238
1.75087
1.72231
1.68405
1.67862
1.66375
1.62389
1.60716
1.57538
1.54582
1.53921
1.54957
1.52661
1.51816
1.52598
1.5127
1.51101
1.49723
1.47411
1.45497
1.42649
1.40262
1.3867
1.37112
1.34204
1.3702
1.37831
1.36617
1.3741
1.39111
1.37056
1.35667
1.35174
1.31813
1.30456
1.29009
1.26008
1.2617
1.25826
1.2574
1.25149
1.24248
1.24399
1.23807
1.2435
1.23803
1.22288
1.20029
1.18735
1.17346
1.15775
1.14502
1.12413
1.10506
1.09039
1.07912
1.06834
1.07737
1.08249
1.09128
1.09697
1.09655
1.0884
1.08425
1.06542
1.03567
1.03311
1.00655
0.987616
1.0352
1.0242
1.00274
0.98684
0.971088
0.957419
0.954884
0.948461
0.938356
0.93353
0.916667
0.906296
0.89706
0.883692
0.879514
0.871424
0.861157
0.843796
0.832025
0.845255
0.850486
0.843796
0.833021
0.819873
0.803264
0.789051
0.769294
0.750162
0.754873
0.736748
0.728623
0.724016
0.707153
0.703403
0.687025
0.670162
0.667222
0.657477
0.652188
0.647951
0.639329
0.618333
0.611447
0.589259
0.56412
0.560567
0.55662
0.558148
0.557616
0.558611
0.557685
0.552072
0.554317
0.559583
0.566701
0.578935
0.590127
0.604919
0.634583
0.660556
0.664282
0.679444
0.687431
0.688958
0.689942
0.697014
0.713032
0.758171
0.814664
0.84184
0.893009
0.949421
0.976285
1.03845
1.09819
1.18125
1.23319
1.28218
1.31354
1.37624
1.44104
1.45741
1.49734
1.50019
1.50348
1.52744
1.535
1.55109
1.60759
1.67329
1.69531
1.77384
1.83373
1.84068
1.89132
1.97694
1.96693
1.95521
1.93215
1.90992
1.92898
1.89381
1.88287
1.86817
1.84707
1.80745
1.77719
1.73105
1.70644
1.65981
1.63406
1.59193
1.55978
1.51462
1.45887
1.42091
1.39296
1.35025
1.31052
1.26
1.23856
1.20373
1.17419
1.14505
1.11262
1.08321
1.04159
1.00668
0.987905
0.978079
0.959167
0.934595
0.912014
0.876169
0.858079
0.849734
0.838657
0.823924
0.808681
0.777951
0.734595
0.703449
0.671343
0.634595
0.607245
0.555231
0.528576
0.514572
0.482315
0.444907
0.515775
0.460127
0.411806
0.371157
0.332153
0.297269
0.281528
0.241759
0.217824
0.207257
0.1886
0.177465
0.170289
0.163831
0.159444
0.15669
0.155532
0.157523
0.15588
0.156331
0.157025
0.157465
0.157581
0.157743
0.157847
0.202593
0.187581
0.172569
0.162477
0.152604
0.151412
0.15081
0.149097
0.147743
0.147616
0.146562
0.14485
0.147454
0.146597
0.147627
0.152373
0.193993
0.22309
0.294734
0.374722
0.415856
0.492014
0.57735
0.610394
0.70088
0.786262
0.825428
0.940035
1.03736
1.09043
1.18302
1.26194
1.30632
1.41725
1.49456
1.48443
1.54073
1.57957
1.531
1.55969
1.61951
1.61756
1.66363
1.65097
1.60326
1.56906
1.52699
1.49083
1.4581
1.44029
1.41951
1.34916
1.26721
1.23541
1.17679
1.15669
1.11902
1.13032
1.12179
1.09899
1.08955
1.08991
1.07826
1.04795
1.00926
0.973843
0.922014
0.882905
0.857361
0.828634
0.798183
0.771736
0.755
0.705185
0.659167
0.680162
0.611944
0.576921
0.531586
0.495162
0.462697
0.435532
0.411111
0.381076
0.345914
0.331007
0.327072
0.302905
0.273588
0.262789
0.234711
0.211065
0.20184
0.189641
0.182025
0.180718
0.176887
0.175035
0.173646
0.167801
0.179329
0.163438
0.163924
0.165012
0.163009
0.159618
0.157674
0.157407
0.156921
0.15772
0.159039
0.161273
0.16647
0.17272
0.191065
0.216667
0.230544
0.256019
0.287836
0.307998
0.348056
0.391262
0.406053
0.446632
0.490266
0.486759
0.5325
0.568507
0.575301
0.626713
0.664514
0.689225
0.736597
0.797176
0.822384
0.868958
0.906863
0.934988
0.98228
1.01362
1.03403
1.08418
1.14429
1.14519
1.17417
1.22022
1.20098
1.21185
1.23206
1.24021
1.24182
1.24965
1.24892
1.24568
1.23769
1.23718
1.23503
1.23439
1.23126
1.20737
1.2022
1.21819
1.22204
1.23394
1.23912
1.24231
1.2078
1.19329
1.1392
1.12375
1.12242
1.09383
1.06905
1.06294
1.05324
1.00148
0.975822
0.930405
0.891898
0.880428
0.873796
0.86478
0.853819
0.843183
0.824213
0.801007
0.765301
0.73522
0.719039
0.707407
0.666782
0.648206
0.623056
0.604641
0.584907
0.547662
0.516528
0.512951
0.501262
0.486019
0.482593
0.464016
0.425694
0.412361
0.38294
0.354711
0.332917
0.306134
0.284965
0.275787
0.255058
0.236296
0.22691
0.215417
0.212025
0.212164
0.200926
0.191551
0.186343
0.170972
0.162917
0.157396
0.146505
0.137708
0.133623
0.129097
0.128403
0.128843
0.129792
0.130301
0.129826
0.130683
0.13316
0.131296
0.13169
0.130336
0.130312
0.13044
0.130949
0.13235
0.131204
0.131944
0.13228
0.132697
0.133623
0.135081
0.133414
0.132164
0.132095
0.131933
0.131377
0.130579
0.132338
0.133021
0.133264
0.137662
0.136748
0.136956
0.136088
0.139479
0.139248
0.139352
0.136979
0.136412
0.139398
0.137685
0.138762
0.139873
0.141921
0.142917
0.143657
0.141435
0.142523
0.1464
0.147535
0.142141
0.142083
0.143819
0.145706
0.144433
0.147384
0.149664
0.167731
0.202419
0.219641
0.257431
0.298356
0.317431
0.358333
0.387951
0.398611
0.420833
0.445787
0.456296
0.472002
0.481759
0.480197
0.495926
0.499572
0.501586
0.505486
0.513299
0.516528
0.529039
0.521713
0.520463
0.517118
0.499144
0.490856
0.494988
0.490567
0.492454
0.497789
0.505127
0.5125
0.532303
0.544167
0.546285
0.536169
0.546759
0.544421
0.530741
0.510058
0.483981
0.462257
0.434803
0.425231
0.411782
0.399352
0.391076
0.380023
0.372917
0.360324
0.347546
0.349606
0.345567
0.353542
0.35853
0.357801
0.352465
0.344213
0.332384
0.323125
0.303275
0.295359
0.285023
0.277928
0.266875
0.248623
0.22875
0.210451
0.210069
0.213391
0.210486
0.209873
0.21059
0.208345
0.198565
0.187176
0.187211
0.176759
0.163877
0.163391
0.162593
0.165694
0.166956
0.168993
0.166458
0.166609
0.167118
0.167431
0.169039
0.164884
0.168843
0.170069
0.167025
0.169896
0.169861
0.169896
0.168981
0.16691
0.168958
0.168426
0.173588
0.179225
0.176111
0.179734
0.180938
0.175046
0.169803
0.170231
0.173461
0.174525
0.176076
0.172662
0.168611
0.161019
0.149537
0.157882
0.186285
0.225069
0.2439
0.276713
0.338831
0.359167
0.383623
0.424456
0.431319
0.460243
0.534317
0.543079
0.556493
0.566146
0.560683
0.546782
0.512778
0.486979
0.448345
0.412384
0.406181
0.401574
0.392431
0.395729
0.416042
0.4039
0.386181
0.372153
0.363079
0.343044
0.330937
0.323727
0.323414
0.314711
0.285081
0.274225
0.252257
0.231331
0.219537
0.19441
0.168796
0.159583
0.140301
0.128252
0.125521
0.125949
0.128704
0.130428
0.139595
0.172731
0.190718
0.22603
0.247245
0.253206
0.257755
0.264225
0.265648
0.273912
0.282801
0.288102
0.296678
0.300046
0.302928
0.306829
0.312083
0.312604
0.313785
0.308218
0.303935
0.31066
0.318113
0.317234
0.332755
0.343889
0.346609
0.34456
0.3325
0.322465
0.312951
0.292106
0.281169
0.267431
0.249664
0.240417
0.226354
0.219167
0.206806
0.195347
0.181076
0.174468
0.164583
0.151944
0.1475
0.150278
0.157315
0.161343
0.166134
0.172477
0.17515
0.181782
0.184525
0.187083
0.1914
0.191435
0.190289
0.189456
0.186343
0.184155
0.177859
0.174306
0.172986
0.174398
0.176053
0.179942
0.190752
0.192708
0.19
0.186979
0.187755
0.189711
0.192303
0.190127
0.188125
0.184317
0.192824
0.201458
0.220498
0.243125
0.25537
0.289722
0.327431
0.342569
0.357894
0.357083
0.360671
0.383646
0.393831
0.394641
0.437998
0.447743
0.447488
0.456424
0.45963
0.461343
0.461921
0.455174
0.458322
0.441308
0.43728
0.425741
0.414618
0.40184
0.402407
0.400359
0.398391
0.401944
0.401782
0.409965
0.407558
0.415394
0.424236
0.420602
0.408507
0.394213
0.384062
0.370671
0.354248
0.350602
0.341933
0.324549
0.316377
0.299931
0.282859
0.274954
0.253553
0.228773
0.219942
0.194688
0.178634
0.170475
0.152257
0.144259
0.141991
0.138287
0.135637
0.135324
0.135602
0.13603
0.137002
0.136794
0.136852
0.13713
0.137199
0.136632
0.137269
0.136991
0.137477
0.136817
0.137025
0.136713
0.136285
0.131528
0.13169
0.131447
0.132095
0.132708
0.133912
0.133843
0.134363
0.134954
0.134954
0.134653
0.134861
0.134769
0.134109
0.134178
0.134178
0.134421
0.134734
0.134896
0.135058
0.135012
0.13544
0.135995
0.136065
0.136262
0.136238
0.135509
0.135023
0.134884
0.135139
0.134618
0.134606
0.135139
0.134687
0.134687
0.135069
0.135764
0.135764
0.135382
0.136181
0.156111
0.167639
0.194919
0.22522
0.240069
0.264838
0.287465
0.296215
0.304931
0.313056
0.307037
0.316678
0.334225
0.353391
0.391632
0.433322
0.456806
0.497535
0.547326
0.570278
0.639387
0.674167
0.693785
0.786285
0.830451
0.833241
0.921597
0.95206
0.942419
0.924502
0.919213
0.897326
0.895613
0.879468
0.863924
0.879074
0.838125
0.803924
0.772859
0.736053
0.700012
0.6761
0.660093
0.642604
0.629988
0.652396
0.651586
0.656007
0.661169
0.668669
0.650162
0.646331
0.647083
0.626597
0.607789
0.580752
0.561933
0.562523
0.545718
0.554954
0.523275
0.510567
0.509896
0.496956
0.500579
0.500938
0.49228
0.487859
0.481042
0.480938
0.460648
0.439699
0.428738
0.402928
0.377674
0.347025
0.327569
0.303576
0.288264
0.27566
0.267199
0.261528
0.255926
0.255787
0.257975
0.248657
0.253866
0.25809
0.259583
0.262593
0.264155
0.260764
0.25853
0.254896
0.251192
0.252083
0.253808
0.251782
0.253773
0.254178
0.251968
0.251377
0.253704
0.258704
0.274016
0.290162
0.299479
0.314572
0.330764
0.339606
0.350567
0.3736
0.369132
0.378623
0.388935
0.390937
0.39412
0.395035
0.40103
0.403252
0.409282
0.41037
0.41875
0.427153
0.431991
0.444433
0.450336
0.45125
0.458935
0.461644
0.462708
0.47022
0.473553
0.475683
0.477731
0.483889
0.482419
0.484896
0.491377
0.492419
0.495509
0.501343
0.503576
0.50338
0.5064
0.506875
0.505023
0.502674
0.50287
0.499942
0.498588
0.492581
0.490775
0.489734
0.486111
0.489549
0.485255
0.488171
0.483345
0.479514
0.473657
0.468634
0.466076
0.468322
0.467049
0.465718
0.465625
0.46809
0.464039
0.463449
0.465417
0.468565
0.468437
0.471308
0.471609
0.472789
0.474444
0.474155
0.475012
0.473692
0.474815
0.476215
0.47897
0.477512
0.478137
0.46375
0.462199
0.465926
0.467488
0.470995
0.474352
0.474363
0.472326
0.473356
0.475405
0.47603
0.477164
0.477998
0.478519
0.479572
0.477176
0.4761
0.475463
0.473819
0.472836
0.473981
0.474954
0.47463
0.47581
0.47713
0.471123
0.472674
0.474606
0.476123
0.477384
0.47603
0.474352
0.472975
0.472766
0.473808
0.475
0.475729
0.478854
0.477824
0.481366
0.491956
0.496991
0.5164
0.527697
0.534664
0.549016
0.549144
0.546609
0.538287
0.527894
0.504965
0.494919
0.484722
0.478843
0.475278
0.476192
0.477535
0.476597
0.477002
0.480081
0.482662
0.485521
0.487049
0.486215
0.483275
0.481493
0.480799
0.477593
0.475822
0.477072
0.484028
0.490289
0.500926
0.508333
0.511551
0.497396
0.500556
0.504537
0.508079
0.511528
0.512188
0.515961
0.5139
0.514699
0.511759
0.516019
0.518634
0.524433
0.524387
0.525498
0.522743
0.525104
0.521019
0.523762
0.522708
0.523206
0.527222
0.530775
0.529479
0.530347
0.514954
0.514757
0.508912
0.507894
0.503981
0.501817
0.503565
0.500718
0.503808
0.500579
0.499236
0.503287
0.505231
0.504086
0.506759
0.505475
0.50625
0.50566
0.503137
0.501447
0.504248
0.502431
0.504005
0.509468
0.509942
0.495833
0.496007
0.498461
0.497998
0.499468
0.505764
0.51338
0.530255
0.54713
0.556285
0.57831
0.605683
0.615556
0.637222
0.662998
0.671794
0.69581
0.714086
0.723079
0.747558
0.7689
0.781736
0.809838
0.834259
0.852072
0.869514
0.889444
0.900266
0.925625
0.951562
0.963738
0.98853
1.0213
1.03073
1.04943
1.07131
1.08148
1.10936
1.13554
1.14685
1.16782
1.19042
1.19809
1.22015
1.23576
1.24134
1.2709
1.29391
1.30227
1.31672
1.34522
1.35434
1.36328
1.38279
1.39895
1.4269
1.45395
1.46844
1.48721
1.50328
1.50499
1.52023
1.54766
1.56168
1.58887
1.6099
1.62447
1.64385
1.66087
1.66128
1.66973
1.67968
1.69008
1.70115
1.71094
1.71333
1.72557
1.74322
1.74751
1.77487
1.79211
1.80541
1.82529
1.84914
1.85472
1.86873
1.88815
1.89997
1.92208
1.9445
1.94867
1.96226
1.97979
1.98661
2.00861
2.02405
2.0311
2.03781
2.04977
2.0494
2.05027
2.06628
2.07096
2.08383
2.0359
2.03685
2.04168
2.04542
2.04909
2.06297
2.07377
2.07502
2.0839
2.08634
2.08807
2.08944
2.09058
2.09104
2.08935
2.08971
2.08698
2.08567
2.0927
2.09635
2.10997
2.10124
2.11303
2.12836
2.14847
2.1517
2.15603
2.16118
2.15894
2.16484
2.17034
2.16616
2.16823
2.15845
2.15059
2.13527
2.12419
2.11913
2.10709
2.10353
2.09743
2.09528
2.09406
2.093
2.08988
2.08912
2.06685
2.06863
2.0728
2.08036
2.09491
2.12137
2.13103
2.14245
2.15214
2.15771
2.16579
2.16694
2.16591
2.1655
2.17462
2.17719
2.17742
2.17655
2.18527
2.18156
2.17638
2.17218
2.16427
2.1584
2.15707
2.14921
2.15308
2.16082
2.16022
2.15441
2.15205
2.1615
2.15116
2.15206
2.14909
2.13972
2.13855
2.13337
2.13324
2.13215
2.13362
2.135
2.13514
2.1338
2.12851
2.12767
2.12693
2.13014
2.13219
2.14094
2.14331
2.14773
2.15963
2.16389
2.157
2.16404
2.17235
2.16887
2.17301
2.17586
2.17944
2.18775
2.18938
2.19174
2.1959
2.19678
2.19735
2.19767
2.19932
2.19921
2.19909
2.20104
2.20153
2.20123
2.19951
2.19094
2.18666
2.18387
2.18315
2.18098
2.18039
2.1756
2.17091
2.16529
2.16581
2.16473
2.16675
2.16581
2.16218
2.16209
2.15937
2.16081
2.16203
2.16086
2.16046
2.16096
2.15809
2.15112
2.15211
2.15324
2.16608
2.17267
2.1777
2.18245
2.18413
2.18538
2.18728
2.18966
2.18689
2.19314
2.19684
2.19837
2.19887
2.19943
2.19716
2.19655
2.20204
2.20148
2.20203
2.20406
2.20588
2.20694
2.20634
2.20753
2.20718
2.20617
2.20735
2.20696
2.20639
2.20815
2.20579
2.20508
2.20564
2.20683
2.20826
2.20829
2.20969
2.20932
2.21022
2.20911
2.20874
2.2095
2.2106
2.21144
2.21439
2.21487
2.21091
2.20942
2.20826
2.20472
2.19738
2.19895
2.20235
2.20155
2.2036
2.2042
2.20407
2.20436
2.20336
2.20142
2.1988
2.19538
2.19541
2.19304
2.1933
2.19462
2.19444
2.1955
2.19494
2.19288
2.19084
2.18995
2.19319
2.19199
2.19332
2.19296
2.19604
2.19866
2.20228
2.20705
2.20727
2.20772
2.21083
2.21186
2.21398
2.21387
2.21443
2.21676
2.21916
2.22079
2.2225
2.22353
2.22427
2.22648
2.23069
2.23269
2.23619
2.23877
2.23943
2.23968
2.22542
2.22661
2.22727
2.22762
2.22527
2.2236
2.22394
2.22344
2.22203
2.22052
2.22084
2.21937
2.21903
2.2176
2.21597
2.21272
2.21154
2.21218
2.2128
2.21172
2.21169
2.21041
2.20844
2.20793
2.20786
2.20284
2.19731
2.19634
2.19836
2.19779
2.19932
2.19693
2.19419
2.18924
2.18497
2.18156
2.17904
2.17856
2.17523
2.17883
2.17638
2.18355
2.18291
2.18382
2.18133
2.184
2.18353
2.17683
2.18183
2.18074
2.15899
2.16205
2.16289
2.16595
2.16403
2.16521
2.1678
2.1684
2.1662
2.16234
2.15571
2.15575
2.15534
2.15068
2.15417
2.14771
2.14655
2.14652
2.14569
2.14612
2.14892
2.15057
2.15382
2.15506
2.15799
2.15601
2.155
2.1541
2.15535
2.15396
2.15455
2.16111
2.16098
2.15924
2.16113
2.15936
2.16023
2.16676
2.16769
2.16767
2.16963
2.17359
2.17574
2.17965
2.18093
2.18252
2.18257
2.182
2.18187
2.18132
2.16874
2.16939
2.17043
2.16951
2.17066
2.17182
2.17279
2.17653
2.17956
2.18148
2.18648
2.19318
2.19589
2.19898
2.20053
2.20096
2.20225
2.20641
2.21201
2.20959
2.2122
2.21197
2.2135
2.21586
2.21631
2.21677
2.2156
2.21403
2.21277
2.21134
2.21281
2.21316
2.21248
2.21677
2.21216
2.21286
2.21319
2.21206
2.21572
2.21279
2.21154
2.21168
2.21222
2.21213
2.21296
2.21304
2.2149
2.21931
2.22385
2.22823
2.24713
2.24675
2.24623
2.24712
2.24752
2.25059
2.25001
2.25015
2.25123
2.25189
2.254
2.25775
2.26198
2.26539
2.26931
2.26821
2.26863
2.26902
2.26977
2.26869
2.26748
2.26589
2.26559
2.26492
2.26258
2.26064
2.26205
2.26288
2.26468
2.26885
2.26432
2.26632
2.25964
2.25424
2.25242
2.24481
2.24177
2.24007
2.23362
2.22933
2.22986
2.2303
2.23089
2.23045
2.23183
2.23186
2.23117
2.23286
2.23172
2.23287
2.22969
2.2306
2.23259
2.23106
2.22935
2.23125
2.23068
2.23223
2.23366
2.23284
2.23325
2.23293
2.23321
2.23279
2.23304
2.23487
2.23537
2.23468
2.23763
2.23667
2.23774
2.237
2.23425
2.23491
2.23317
2.2314
2.23199
2.23152
2.23127
2.22895
2.22973
2.22902
2.22941
2.22941
2.22955
2.22925
2.22913
2.22889
2.2289
2.22963
2.22922
2.22957
2.23053
2.23009
2.23035
2.2299
2.23008
2.2301
2.23106
2.23113
2.21132
2.21181
2.21362
2.21451
2.21269
2.21302
2.21434
2.21622
2.21919
2.22127
2.22766
2.23397
2.23593
2.23764
2.24181
2.24417
2.24377
2.24497
2.24953
2.24942
2.25253
2.2542
2.25407
2.25366
2.25288
2.25477
2.25383
2.25539
2.25313
2.25053
2.25024
2.24843
2.24791
2.24728
2.23874
2.23803
2.23998
2.24014
2.24051
2.24124
2.24177
2.24309
2.24441
2.24579
2.24818
2.25153
2.25405
2.25549
2.25682
2.25941
2.26225
2.26267
2.26535
2.26516
2.26661
2.26725
2.26536
2.26457
2.26447
2.25059
2.2487
2.24598
2.24416
2.23865
2.23491
2.23403
2.23014
2.22861
2.22836
2.23123
2.23472
2.23475
2.23828
2.23869
2.23976
2.24139
2.2438
2.24606
2.24896
2.2508
2.25256
2.25367
2.25456
2.25594
2.25215
2.26065
2.26388
2.26549
2.26228
2.26266
2.25926
2.25446
2.25538
2.25388
2.2522
2.25194
2.25317
2.25525
2.25532
2.25921
2.26639
2.26839
2.27828
2.28281
2.28279
2.28213
2.27785
2.27693
2.27622
2.26927
2.26861
2.26896
2.26765
2.26718
2.26587
2.26779
2.27181
2.26756
2.26807
2.26669
2.26557
2.26615
2.26615
2.26604
2.26534
2.26681
2.266
2.26664
2.26637
2.26484
2.26374
2.2622
2.26193
2.25852
2.23949
2.23575
2.23649
2.23236
2.22851
2.2188
2.21898
2.22075
2.21814
2.21697
2.2155
2.21683
2.21468
2.2152
2.2164
2.21852
2.21598
2.22573
2.22752
2.22837
2.22866
2.22814
2.22853
2.22628
2.2251
2.21884
2.22031
2.22172
2.21817
2.21633
2.21522
2.21272
2.21284
2.21351
2.21491
2.21538
2.21743
2.21345
2.21175
2.21042
2.2103
2.21061
2.20872
2.21228
2.21168
2.21045
2.20975
2.20881
2.20723
2.20572
2.20278
2.19891
2.19841
2.19795
2.19813
2.19939
2.19583
2.19719
2.19618
2.19508
2.19281
2.19197
2.19169
2.19162
2.19131
2.18964
2.19148
2.18811
2.1878
2.18674
2.18757
2.18541
2.1847
2.18442
2.18388
2.17113
2.16924
2.16932
2.17034
2.17065
2.169
2.16975
2.16929
2.17259
2.16899
2.17094
2.16826
2.16649
2.16639
2.1652
2.16622
2.16625
2.16406
2.16256
2.16117
2.16109
2.16034
2.15211
2.15159
2.15082
2.139
2.13561
2.13625
2.14248
2.14243
2.14303
2.1401
2.14388
2.14813
2.15164
2.15457
2.16157
2.17125
2.17666
2.17693
2.18126
2.18975
2.19155
2.1981
2.20053
2.20161
2.20505
2.20797
2.20924
2.21146
2.21296
2.21532
2.21932
2.22247
2.22208
2.22368
2.22594
2.22539
2.22572
2.22582
2.22597
2.22653
2.22553
2.22709
2.23012
2.23344
2.235
2.23615
2.23925
2.24215
2.24277
2.24166
2.24646
2.25529
2.25764
2.29312
2.29337
2.29297
2.29476
2.29583
2.29753
2.30324
2.30241
2.30219
2.3039
2.30609
2.3085
2.31196
2.31543
2.31859
2.31993
2.32189
2.32338
2.32627
2.32824
2.33223
2.33223
2.33431
2.3353
2.33499
2.32906
2.32895
2.32917
2.32822
2.3285
2.32888
2.3283
2.32928
2.32906
2.33074
2.33042
2.32895
2.32847
2.3275
2.32737
2.32524
2.32547
2.32568
2.32682
2.32078
2.32201
2.31815
2.31793
2.31756
2.32081
2.32024
2.32294
2.32552
2.32442
2.32446
2.32759
2.33095
2.32949
2.32889
2.32569
2.33019
2.32625
2.328
2.32858
2.32612
2.32794
2.32873
2.32686
2.32685
2.32705
2.32758
2.32677
2.32826
2.32067
2.31259
2.30231
2.29469
2.30264
2.30815
2.29633
2.29103
2.29338
2.2975
2.30606
2.30792
2.31295
2.3191
2.31811
2.32016
2.32387
2.325
2.32781
2.32633
2.32701
2.32634
2.32811
2.32825
2.32932
2.32773
2.32863
2.317
2.31825
2.31603
2.31554
2.317
2.31806
2.31836
2.31711
2.3166
2.31668
2.30954
2.31778
2.31359
2.32116
2.32122
2.31824
2.32212
2.32104
2.3219
2.32091
2.31851
2.32432
2.31711
2.32185
2.31847
2.32241
2.32267
2.32314
2.32363
2.32597
2.32538
2.32407
2.32465
2.32515
2.32675
2.32579
2.32666
2.32412
2.32146
2.32531
2.32097
2.31889
2.31963
2.31985
2.32547
2.32403
2.32822
2.33168
2.32818
2.33044
2.33115
2.32892
2.32944
2.33
2.32973
2.3275
2.3275
2.3288
2.32556
2.32311
2.31762
2.31231
2.30334
2.30234
2.29116
2.29589
2.29403
2.30713
2.30663
2.31485
2.32001
2.32294
2.32609
2.32381
2.32478
2.31414
2.31394
2.31568
2.31481
2.31655
2.31591
2.31499
2.31649
2.31721
2.31662
2.31649
2.31604
2.31619
2.31751
2.31604
2.3158
2.31488
2.31569
2.31565
2.31632
2.31679
2.31715
2.31966
2.3183
2.31726
2.31222
2.31297
2.3109
2.31166
2.31002
2.30236
2.30811
2.3066
2.30687
2.30319
2.30199
2.30486
2.30755
2.30988
2.31181
2.31385
2.31543
2.3184
2.31807
2.31476
2.31185
2.31801
2.31583
2.31692
2.31762
2.31197
2.3155
2.31685
2.31824
2.31748
2.31446
2.31463
2.31472
2.31411
2.31553
2.31506
2.31648
2.31623
2.31562
2.31456
2.31524
2.31552
2.31691
2.31417
2.31112
2.31477
2.31567
2.31291
2.31135
2.31755
2.32266
2.32148
2.32323
2.32031
2.32135
2.32274
2.32605
2.32656
2.3289
2.32627
2.32789
2.3287
2.3278
2.32675
2.32654
2.32542
2.32514
2.32503
2.32571
2.32406
2.32345
2.31992
2.31914
2.31823
2.31742
2.30811
2.30677
2.31071
2.30935
2.3098
2.30851
2.31219
2.3117
2.31147
2.31057
2.31116
2.30782
2.30741
2.30649
2.30699
2.30697
2.3061
2.30696
2.30691
2.30671
2.30507
2.30373
2.30259
2.30336
2.30186
2.30417
2.30308
2.30333
2.30602
2.30708
2.30733
2.30716
2.31131
2.31098
2.31094
2.31551
2.31917
2.31785
2.31851
2.31712
2.31676
2.31454
2.31823
2.31427
2.31553
2.31411
2.32186
2.32731
2.33024
2.33856
2.34826
2.34573
2.35447
2.35818
2.36162
2.36563
2.36615
2.36928
2.37307
2.37806
2.37796
2.38097
2.38168
2.37899
2.38163
2.38058
2.38198
2.37924
2.38128
2.38447
2.38943
2.3922
2.39947
2.41171
2.41389
2.40392
2.41067
2.41513
2.42406
2.43021
2.43771
2.4385
2.44156
2.44983
2.457
2.45605
2.46316
2.46591
2.46685
2.47255
2.4725
2.4694
2.46883
2.46958
2.475
2.47574
2.47653
2.47296
2.47939
2.47516
2.45266
2.45668
2.4624
2.47679
2.48449
2.48756
2.50976
2.52753
2.53054
2.54014
2.55344
2.55904
2.56426
2.57244
2.58023
2.58602
2.58743
2.58992
2.59556
2.60169
2.60424
2.62065
2.64149
2.64909
2.65931
2.66001
2.66662
2.67546
2.68309
2.68424
2.6958
2.70378
2.71144
2.72942
2.72457
2.72516
2.73546
2.74022
2.73154
2.73102
2.71552
2.70696
2.6856
2.66646
2.6563
2.59642
2.58133
2.57292
2.49941
2.46791
2.44247
2.45188
2.44274
2.43811
2.32779
2.33265
2.33414
2.34784
2.35492
2.34965
2.22862
2.21726
2.21362
2.20301
2.20361
2.20769
2.14867
2.15104
2.14888
2.1455
2.14492
2.14748
2.14002
2.14515
2.14618
2.13084
2.15328
2.16683
2.18622
2.2094
2.21514
2.22044
2.21964
2.21808
2.22531
2.24912
2.26027
2.25422
2.243
2.23146
2.23064
2.23197
2.23249
2.23218
2.22253
2.21042
2.19683
2.18216
2.1239
2.11032
2.11935
2.10644
2.1338
2.15747
2.16859
2.19102
2.22416
2.23146
2.24443
2.2483
2.25354
2.25505
2.23505
2.2265
2.22288
2.22529
2.21796
2.22381
2.23248
2.23031
2.24144
2.26073
2.27557
2.26435
2.27692
2.26463
2.28135
2.2862
2.26016
2.26365
2.25681
2.23932
2.2385
2.20826
2.19569
2.19795
2.19194
2.17028
2.17035
2.15904
2.152
2.14984
2.13441
2.107
2.10083
2.09181
2.07091
2.06485
2.04545
2.02545
2.02714
2.01374
1.98902
1.99699
1.99995
1.98843
2.00677
2.03192
2.02447
2.04355
2.05567
2.04032
2.03157
2.00976
1.99471
1.99355
1.99897
1.97167
1.9773
1.96503
1.93959
1.94179
1.95624
1.94998
1.95444
1.91693
1.9025
1.90446
1.91051
1.90586
1.90553
1.92161
1.91345
1.90341
1.94907
1.95005
1.95089
1.95435
1.93615
1.93457
1.92036
1.89804
1.8811
1.8539
1.85135
1.83789
1.83142
1.81576
1.82269
1.8369
1.82747
1.82766
1.82168
1.80791
1.79369
1.79017
1.76248
1.7297
1.68495
1.64844
1.60039
1.5728
1.55698
1.53495
1.50844
1.48453
1.47266
1.46398
1.46191
1.48513
1.48561
1.46912
1.4991
1.51459
1.50704
1.49854
1.4986
1.47928
1.46455
1.44706
1.44344
1.43023
1.41051
1.40031
1.40912
1.42307
1.41836
1.45965
1.48981
1.48345
1.51608
1.54626
1.55403
1.59519
1.64257
1.65113
1.6891
1.72613
1.72184
1.7295
1.85933
1.81992
1.82221
1.83834
1.80427
1.82444
1.82559
1.84183
1.87666
1.88677
1.8938
1.91712
1.95162
1.93972
1.96146
1.9876
1.97388
1.99951
2.01064
1.97295
2.00939
1.99475
1.97428
1.99661
1.99154
1.99747
2.0066
2.02229
1.99663
2.00455
1.99034
1.95698
1.96801
1.96553
1.88852
1.87927
1.85447
1.82998
1.79501
1.80159
1.78093
1.77753
1.72483
1.7035
1.70676
1.68277
1.64392
1.61269
1.58984
1.56582
1.62972
1.60315
1.57351
1.54838
1.54494
1.54124
1.53659
1.52865
1.52885
1.55875
1.57549
1.58623
1.64862
1.6899
1.70537
1.76133
1.7795
1.78209
1.81911
1.84875
1.83823
1.86898
1.87391
1.86787
1.86095
1.84774
1.83931
1.82012
1.80964
1.8044
1.86135
1.86433
1.88351
1.87707
1.91106
1.9214
1.90679
1.90356
1.90328
1.90017
1.90345
1.90563
1.89588
1.90096
1.89968
1.88519
1.85477
1.843
1.82611
1.82019
1.79365
1.80113
1.79098
1.78277
1.76524
1.7506
1.73962
1.75185
1.73221
1.71997
1.73172
1.71936
1.72146
1.648
1.64462
1.63641
1.63191
1.64778
1.63483
1.64237
1.61642
1.60359
1.6149
1.62194
1.63928
1.66043
1.63582
1.63547
1.62414
1.61325
1.61352
1.59331
1.57331
1.55882
1.53182
1.50337
1.484
1.44527
1.41209
1.40459
1.40411
1.41218
1.4013
1.39235
1.39803
1.39604
1.3806
1.39726
1.3917
1.40745
1.42634
1.41866
1.40757
1.39972
1.39459
1.38512
1.36718
1.36112
1.35499
1.34578
1.33821
1.33149
1.29699
1.28965
1.28174
1.27994
1.27968
1.27991
1.28056
1.27773
1.27513
1.28561
1.28446
1.28133
1.27962
1.26241
1.25218
1.24734
1.24747
1.2084
1.20101
1.1962
1.18196
1.17346
1.16861
1.1833
1.20347
1.21025
1.22299
1.2428
1.24323
1.22891
1.21521
1.21102
1.23507
1.24368
1.23911
1.25486
1.25896
1.25297
1.26545
1.29047
1.28341
1.30426
1.34348
1.3451
1.36348
1.36425
1.35301
1.34949
1.34362
1.32505
1.32545
1.28819
1.26894
1.2301
1.22469
1.22505
1.20351
1.18876
1.18328
1.1634
1.12823
1.12598
1.10465
1.07104
1.06939
1.05616
1.05212
1.0348
1.0069
0.98397
0.958021
0.953738
0.966921
0.927141
0.903947
0.898194
0.887164
0.896088
0.904641
0.902766
0.938634
0.967512
0.975694
1.00303
1.01633
1.01799
1.02492
1.03384
1.05255
1.02875
1.0173
0.995324
0.993148
0.991632
0.985937
1.00253
1.00975
0.997338
0.999838
0.993194
0.983484
1.00014
1.0069
1.00321
1.01707
1.04125
1.04468
1.07007
1.08075
1.09267
1.11418
1.16905
1.18344
1.20248
1.23726
1.24427
1.25892
1.29377
1.29398
1.31713
1.35037
1.3472
1.36086
1.34898
1.3449
1.34258
1.33159
1.3128
1.30832
1.31373
1.2937
1.31251
1.30869
1.29888
1.28097
1.24269
1.19713
1.16549
1.14191
1.09183
1.06274
1.05766
1.04475
1.02586
0.995625
0.973125
0.950231
0.940093
0.906215
0.868854
0.8436
0.81037
0.781343
0.785694
0.745405
0.745243
0.700556
0.669225
0.641782
0.611944
0.594398
0.587384
0.577593
0.568056
0.540984
0.507269
0.491655
0.463438
0.432211
0.422245
0.405174
0.38662
0.385637
0.38044
0.351632
0.341412
0.324097
0.294965
0.276782
0.245266
0.225266
0.220625
0.204884
0.190301
0.180243
0.163148
0.148113
0.141597
0.13287
0.124977
0.124132
0.124201
0.123889
0.124688
0.124606
0.124769
0.124491
0.125833
0.126076
0.126562
0.126863
0.127049
0.127431
0.127593
0.12772
0.128102
0.127894
0.128495
0.128414
0.128229
0.128623
0.127512
0.127766
0.125833
0.126157
0.126852
0.127639
0.127674
0.127199
0.128206
0.128264
0.129387
0.1289
0.129329
0.129317
0.129387
0.12934
0.138403
0.137847
0.138819
0.138611
0.139942
0.140382
0.140278
0.139757
0.141505
0.142546
0.142095
0.14235
0.142975
0.143322
0.142731
0.143218
0.14228
0.143102
0.144537
0.144942
0.14456
0.14441
0.14441
0.144387
0.145104
0.139884
0.139595
0.139988
0.140127
0.139896
0.139144
0.138762
0.137859
0.137928
0.138171
0.138449
0.13831
0.138067
0.138137
0.138299
0.138206
0.137407
0.13765
0.13772
0.136852
0.13669
0.136586
0.135417
0.137049
0.136794
0.134769
0.134769
0.133866
0.134144
0.134248
0.134016
0.133738
0.134225
0.133322
0.132975
0.13287
0.133542
0.132465
0.132222
0.131667
0.135069
0.139201
0.141759
0.14684
0.155394
0.159271
0.165741
0.172257
0.174734
0.181748
0.186574
0.183981
0.181539
0.175637
0.171505
0.16838
0.164259
0.158438
0.167569
0.190313
0.202951
0.222315
0.251319
0.258692
0.273426
0.294769
0.303877
0.324699
0.353727
0.37456
0.424433
0.441863
0.457789
0.492188
0.552789
0.546968
0.554306
0.602083
0.615625
0.622245
0.683368
0.670949
0.647431
0.633646
0.620556
0.613681
0.640162
0.631551
0.608229
0.578935
0.552199
0.530949
0.522847
0.517257
0.525752
0.521771
0.516701
0.500961
0.488727
0.480451
0.46588
0.437164
0.412477
0.382303
0.346852
0.325
0.291701
0.25728
0.252766
0.260278
0.28015
0.275185
0.291806
0.316412
0.318877
0.343345
0.363785
0.379271
0.402546
0.423854
0.430382
0.451273
0.463287
0.464942
0.472269
0.474977
0.475451
0.465845
0.472975
0.474306
0.469514
0.471574
0.462095
0.450648
0.451296
0.443657
0.447813
0.455799
0.447072
0.46353
0.452049
0.445347
0.44059
0.427708
0.419225
0.413079
0.399919
0.390833
0.388669
0.381563
0.356481
0.34669
0.335625
0.323657
0.313206
0.298762
0.284653
0.258368
0.237431
0.224873
0.20735
0.193079
0.192002
0.187662
0.183044
0.178634
0.171609
0.164086
0.161574
0.157338
0.160081
0.160116
0.162141
0.165278
0.166655
0.164537
0.165359
0.166366
0.164931
0.164954
0.162072
0.164039
0.166701
0.166377
0.168252
0.170718
0.171771
0.193299
0.220799
0.240972
0.283785
0.33088
0.353947
0.405822
0.458981
0.481852
0.537604
0.596042
0.611748
0.662616
0.712488
0.720903
0.744363
0.772257
0.776736
0.805127
0.851991
0.880891
0.936065
0.998762
1.01384
1.05126
1.11649
1.11792
1.17292
1.22856
1.21928
1.28336
1.30252
1.29112
1.34308
1.31875
1.29904
1.28119
1.30863
1.2934
1.26763
1.21745
1.18669
1.19366
1.14282
1.13366
1.14557
1.15799
1.1586
1.1597
1.13062
1.10323
1.07583
1.03241
0.998576
0.952593
0.908241
0.877396
0.866887
0.824039
0.771782
0.718368
0.655926
0.603808
0.556759
0.501863
0.461412
0.426944
0.398692
0.366053
0.347488
0.329132
0.310926
0.284641
0.248715
0.239456
0.211921
0.181481
0.172836
0.150405
0.134155
0.132176
0.127118
0.125347
0.124653
0.125463
0.125475
0.126065
0.129919
0.135694
0.137743
0.134896
0.132569
0.130174
0.127616
0.125995
0.125787
0.125613
0.12537
0.125336
0.125868
0.126493
0.126875
0.127014
0.126632
0.126632
0.12625
0.126285
0.125764
0.126389
0.126389
0.127049
0.126979
0.126875
0.122245
0.122106
0.122384
0.123495
0.124167
0.124236
0.125301
0.12478
0.124329
0.123912
0.124468
0.124502
0.124745
0.124711
0.124757
0.124549
0.124687
0.124514
0.124687
0.124757
0.124722
0.124618
0.124653
0.124664
0.124282
0.123275
0.123032
0.123519
0.123021
0.123519
0.124363
0.123634
0.124028
0.123194
0.123866
0.123843
0.122419
0.122211
0.122245
0.122037
0.122604
0.122951
0.12287
0.123044
0.122975
0.123252
0.123843
0.123877
0.123704
0.123704
0.123391
0.1239
0.123993
0.123426
0.123368
0.124167
0.124236
0.124479
0.12441
0.124618
0.124514
0.122755
0.123021
0.123241
0.123912
0.124444
0.124502
0.124803
0.124479
0.124873
0.125324
0.125127
0.125486
0.12566
0.125718
0.125718
0.12588
0.125694
0.125984
0.125741
0.126123
0.1264
0.126262
0.12647
0.12647
0.126748
0.123183
0.123519
0.123669
0.12412
0.123646
0.123958
0.123681
0.124097
0.124236
0.124306
0.124306
0.124549
0.12434
0.135278
0.14728
0.174884
0.20294
0.213831
0.239097
0.266956
0.279433
0.299167
0.334653
0.344306
0.3911
0.416887
0.422986
0.446597
0.45713
0.459456
0.478113
0.483275
0.473252
0.463021
0.461331
0.461019
0.455336
0.455845
0.453611
0.452512
0.446968
0.443113
0.4475
0.450116
0.446076
0.462292
0.490301
0.503183
0.540579
0.578206
0.570579
0.613113
0.659155
0.667882
0.695451
0.718762
0.718773
0.730671
0.808079
0.801956
0.810938
0.824039
0.798947
0.799155
0.802766
0.80375
0.802187
0.795984
0.773762
0.769861
0.771076
0.760058
0.770729
0.769248
0.750278
0.742315
0.750995
0.753403
0.762199
0.760868
0.755972
0.755579
0.747778
0.737697
0.728553
0.72853
0.725741
0.737604
0.738542
0.730035
0.730509
0.725718
0.713275
0.695648
0.697616
0.702731
0.702211
0.704468
0.702419
0.704734
0.707558
0.707697
0.718484
0.724201
0.729942
0.743634
0.742396
0.755694
0.774919
0.794387
0.802257
0.832593
0.846389
0.852049
0.870359
0.891481
0.892454
0.90309
0.884745
0.879456
0.885984
0.888137
0.889514
0.879988
0.879074
0.876424
0.877361
0.87537
0.873137
0.868553
0.869954
0.871042
0.872153
0.885035
0.883808
0.889236
0.893183
0.889016
0.897801
0.897697
0.892859
0.902639
0.917743
0.92713
0.945197
0.965544
0.972014
0.988079
0.998067
1.00104
1.01211
1.01946
1.02185
1.03039
1.02554
1.02082
1.02022
1.01799
1.0173
1.00985
1.007
1.00425
1.00737
1.0025
1.0025
1.00326
1.00479
1.00581
1.00483
1.00756
1.00713
1.01042
1.01689
1.02471
1.03924
1.05369
1.06324
1.08047
1.09843
1.10483
1.12404
1.13611
1.14337
1.1414
1.14194
1.14574
1.16159
1.1983
1.21975
1.25505
1.29505
1.31273
1.35089
1.38604
1.40422
1.44422
1.4792
1.48905
1.518
1.53743
1.51508
1.54182
1.57066
1.58325
1.60679
1.63583
1.64722
1.67284
1.68032
1.6811
1.69616
1.70914
1.69671
1.69676
1.69508
1.68223
1.68266
1.6878
1.67981
1.66337
1.65309
1.6302
1.62351
1.60216
1.58225
1.56847
1.54873
1.53084
1.51527
1.51128
1.49681
1.484
1.4873
1.47444
1.49105
1.50961
1.5076
1.53178
1.5462
1.54693
1.56407
1.57449
1.57638
1.59885
1.63132
1.62253
1.63499
1.6325
1.62676
1.64519
1.66743
1.67508
1.68277
1.6862
1.69573
1.70427
1.71233
1.72711
1.74539
1.74641
1.74916
1.75416
1.77094
1.77794
1.78285
1.78904
1.79242
1.79149
1.78994
1.78946
1.78839
1.78524
1.78425
1.78138
1.78123
1.76391
1.77272
1.78869
1.79226
1.80936
1.81906
1.82197
1.83395
1.85326
1.86715
1.88727
1.90311
1.91551
1.93189
1.9394
1.9501
1.96266
1.97713
1.98797
2.00241
2.01767
2.02757
2.0384
2.05316
2.05779
2.06634
2.07975
2.08722
2.09081
2.0981
2.10209
2.09911
2.10329
2.10562
2.10446
2.10411
2.10964
2.11135
2.11124
2.11346
2.11703
2.11831
2.12362
2.12304
2.12775
2.13186
2.1416
2.15186
2.15616
2.16334
2.14589
2.15649
2.16265
2.16532
2.16986
2.1775
2.18625
2.19345
2.19995
2.20529
2.21032
2.20693
2.19128
2.18851
2.18369
2.19028
2.19166
2.1992
2.20628
2.20907
2.21928
2.22407
2.22677
2.22949
2.23006
2.21225
2.21644
2.2169
2.21524
2.21257
2.21215
2.20961
2.20395
2.20872
2.20631
2.20586
2.20747
2.20999
2.22024
2.23046
2.23338
2.23816
2.24321
2.24484
2.24703
2.24547
2.24686
2.24493
2.24663
2.24806
2.22079
2.2233
2.22527
2.23106
2.23444
2.2355
2.23692
2.23613
2.23544
2.23341
2.23056
2.22869
2.22742
2.22662
2.22454
2.22191
2.21609
2.21541
2.20921
2.20538
2.20789
2.206
2.20251
2.20395
2.19965
2.20615
2.20723
2.20506
2.20826
2.21014
2.21132
2.21205
2.2091
2.20284
2.19991
2.19822
2.19479
2.19287
2.19106
2.19047
2.1885
2.19001
2.19253
2.19383
2.19293
2.19778
2.19853
2.19576
2.19957
2.19854
2.17553
2.17782
2.18074
2.17946
2.18369
2.1831
2.18414
2.18425
2.18579
2.1862
2.18719
2.18793
2.18708
2.18927
2.18956
2.18736
2.18619
2.19167
2.19456
2.19122
2.18538
2.18491
2.18978
2.18795
2.18929
2.1808
2.1834
2.18367
2.18417
2.18748
2.18972
2.1908
2.19806
2.19987
2.20336
2.20338
2.20284
2.20522
2.20742
2.2101
2.21015
2.22874
2.23128
2.23149
2.23773
2.24749
2.25163
2.25301
2.25773
2.258
2.2986
2.29859
2.29983
2.2994
2.29939
2.30187
2.30197
2.30361
2.30512
2.30634
2.30852
2.30938
2.30876
2.30826
2.30547
2.3083
2.30742
2.30874
