2.42343
2.43449
2.38819
2.29654
2.05354
1.79001
1.60588
1.43468
1.29056
1.2199
1.11784
1.03874
0.977396
0.934769
0.895683
0.858831
0.834363
0.797373
0.777766
0.8225
0.781447
0.757326
0.735949
0.706597
0.680822
0.663009
0.633299
0.617685
0.6125
0.605926
0.589213
0.576505
0.559456
0.543206
0.531262
0.520289
0.512789
0.502477
0.486817
0.491944
0.497477
0.495845
0.489931
0.484074
0.524931
0.499688
0.480579
0.458079
0.445
0.428819
0.406412
0.392303
0.394387
0.389144
0.394803
0.400845
0.390197
0.390995
0.39338
0.388924
0.388553
0.388171
0.379213
0.384606
0.37287
0.347905
0.321157
0.30978
0.2964
0.362303
0.336968
0.313819
0.285289
0.258507
0.235833
0.209132
0.202407
0.186076
0.189062
0.185671
0.18088
0.178449
0.179282
0.175185
0.2089
0.222512
0.235081
0.276574
0.311319
0.31463
0.352685
0.381262
0.382199
0.406574
0.606852
0.567373
0.552211
0.538831
0.529144
0.52397
0.511389
0.487604
0.478785
0.461447
0.439734
0.431123
0.4111
0.390799
0.389167
0.392616
0.382211
0.389618
0.39956
0.398889
0.401806
0.410984
0.40478
0.401586
0.398715
0.471516
0.44985
0.441528
0.421319
0.407361
0.408762
0.403588
0.396238
0.390498
0.384005
0.395868
0.416609
0.421192
0.43162
0.447917
0.446586
0.456157
0.465417
0.462755
0.476736
0.477523
0.467106
0.463148
0.459919
0.449225
0.517049
0.49662
0.470197
0.463623
0.455208
0.434873
0.428194
0.416053
0.396875
0.396898
0.3939
0.377153
0.380266
0.37794
0.354641
0.358519
0.351655
0.336748
0.336296
0.326111
0.314201
0.315359
0.310069
0.300683
0.300868
0.376319
0.35985
0.344896
0.334884
0.302755
0.290613
0.281424
0.275197
0.27353
0.271794
0.254456
0.253495
0.249132
0.246019
0.252986
0.249132
0.233542
0.229606
0.227373
0.20956
0.202627
0.198009
0.180961
0.174167
0.159919
0.260891
0.231389
0.208657
0.183507
0.161169
0.144931
0.121343
0.108044
0.0963773
0.0883333
0.0827199
0.0704398
0.0603704
0.0534028
0.0475116
0.0440394
0.0462963
0.0478935
0.0461227
0.0451968
0.0460301
0.0471412
0.0459259
0.0455787
0.0426389
0.158866
0.13147
0.10713
0.0959491
0.0809375
0.0667245
0.0573495
0.049456
0.0441319
0.042662
0.0369792
0.036169
0.0327778
0.0324653
0.0334028
0.0352083
0.0338889
0.0298032
0.0274884
0.0217593
0.0179167
0.0208681
0.0258681
0.0266667
0.0278472
0.0917824
0.0727894
0.0583912
0.0443171
0.0367708
0.0277083
0.0229282
0.0198032
0.0191782
0.0154398
0.0149306
0.0154861
0.0146181
0.0144444
0.0159722
0.0171181
0.0195833
0.0188542
0.0203125
0.0198958
0.0203472
0.0202778
0.0191319
0.0181597
0.0195486
0.0595486
0.0431597
0.035544
0.0266088
0.0225
0.0215625
0.02125
0.0165625
0.0216319
0.0253819
0.0379861
0.0564931
0.0644792
0.0765278
0.0970833
0.100833
0.116458
0.129028
0.134444
0.144757
0.149514
0.143333
0.143437
0.127465
0.126806
0.154074
0.151181
0.13191
0.130556
0.121181
0.111632
0.105417
0.107604
0.107882
0.105556
0.100243
0.0923958
0.0927431
0.0956944
0.0990046
0.102407
0.107419
0.103021
0.11463
0.11912
0.114375
0.114873
0.103831
0.103588
0.10338
0.194815
0.164294
0.144572
0.129954
0.108808
0.0985995
0.0910417
0.0845023
0.0831366
0.0804514
0.0700694
0.0690741
0.0660417
0.05875
0.0562731
0.0501157
0.0433681
0.0426968
0.0430556
0.03625
0.0405903
0.038044
0.0355556
0.0384722
0.0423611
0.115
0.102859
0.0977546
0.0891898
0.0855903
0.0857986
0.0812847
0.0755556
0.0708912
0.0699306
0.0698264
0.0693866
0.0673843
0.0655556
0.0662847
0.0659722
0.0678472
0.0685417
0.0660764
0.0706481
0.0780903
0.0756597
0.0745139
0.0778356
0.0763773
0.112546
0.101551
0.0899884
0.0853819
0.0785417
0.0745718
0.0743981
0.0787384
0.0755093
0.0771412
0.0764815
0.0734028
0.0732986
0.0748148
0.0733565
0.0792245
0.088287
0.0900926
0.102766
0.114792
0.118808
0.129329
0.139572
0.142454
0.1486
0.187037
0.174988
0.173148
0.16419
0.153623
0.15294
0.153252
0.151516
0.156528
0.165301
0.1711
0.1936
0.211551
0.217917
0.242604
0.270127
0.28794
0.315683
0.344433
0.357211
0.396262
0.423368
0.431991
0.467106
0.491458
0.645313
0.635648
0.640069
0.625961
0.633125
0.664398
0.663044
0.689317
0.703345
0.700081
0.713762
0.739363
0.726238
0.747674
0.7614
0.749896
0.769317
0.793368
0.779757
0.802188
0.816516
0.79272
0.825671
0.831366
0.821863
0.966343
0.942662
0.904016
0.902766
0.911644
0.856505
0.863831
0.845833
0.818831
0.821285
0.805035
0.771285
0.782118
0.787778
0.765914
0.761759
0.76191
0.71831
0.752998
0.751366
0.708229
0.726597
0.714363
0.684491
0.705498
0.876887
0.806944
0.777743
0.738843
0.703171
0.700718
0.678275
0.627222
0.616088
0.59978
0.577766
0.588495
0.573576
0.542813
0.552998
0.555208
0.529016
0.520856
0.516227
0.481701
0.477535
0.464317
0.426678
0.429468
0.424433
0.585741
0.542674
0.510243
0.468345
0.443738
0.424468
0.410347
0.410382
0.397199
0.371331
0.358958
0.364028
0.342153
0.329572
0.343704
0.32419
0.321308
0.312419
0.301134
0.334155
0.331539
0.32331
0.322697
0.306759
0.30228
0.648299
0.603322
0.540012
0.496435
0.464595
0.433646
0.419514
0.414931
0.398646
0.401042
0.410938
0.400451
0.400625
0.403264
0.393264
0.409097
0.403299
0.386319
0.382812
0.383889
0.365544
0.379722
0.381597
0.359132
0.370521
0.604722
0.538437
0.494491
0.45963
0.41316
0.39831
0.388507
0.361678
0.346991
0.334178
0.31515
0.311887
0.30816
0.297465
0.288218
0.296354
0.284815
0.331308
0.388009
0.370012
0.413958
0.442431
0.425185
0.466447
0.495949
0.615359
0.582778
0.550382
0.500822
0.49434
0.467743
0.423032
0.395208
0.366273
0.330197
0.299421
0.287558
0.264016
0.230984
0.224271
0.201736
0.187535
0.177778
0.15985
0.152164
0.144086
0.134618
0.139977
0.139317
0.129329
0.36338
0.318935
0.269595
0.251354
0.228993
0.201053
0.186921
0.191782
0.170903
0.172616
0.157465
0.14706
0.167523
0.167558
0.158356
0.164225
0.157882
0.15059
0.153368
0.162396
0.159687
0.164456
0.168889
0.161354
0.170382
0.396644
0.344769
0.309549
0.285891
0.254479
0.237951
0.226944
0.204271
0.199826
0.189722
0.174757
0.184375
0.187708
0.173611
0.17772
0.177812
0.165521
0.178299
0.176736
0.169757
0.170208
0.169479
0.162361
0.168889
0.173507
0.295532
0.259028
0.233437
0.211319
0.197569
0.185972
0.168333
0.175451
0.176111
0.165069
0.167847
0.164028
0.155035
0.161285
0.167049
0.165556
0.16625
0.172292
0.165104
0.173819
0.170417
0.164792
0.169444
0.177569
0.170347
0.235613
0.22125
0.205417
0.201771
0.202292
0.1925
0.195278
0.201678
0.193194
0.194352
0.194919
0.193542
0.195428
0.195139
0.188924
0.189618
0.187431
0.180972
0.186042
0.188993
0.174618
0.179722
0.181597
0.168854
0.171655
0.24309
0.221806
0.21184
0.207674
0.192812
0.186331
0.187604
0.175602
0.179525
0.177211
0.164178
0.163032
0.163646
0.155451
0.15978
0.158194
0.149745
0.155417
0.160799
0.148206
0.144884
0.141933
0.132905
0.128981
0.123495
0.260833
0.201586
0.172546
0.137859
0.119988
0.109016
0.0922801
0.0882176
0.0826389
0.0731134
0.0684606
0.0699769
0.0630787
0.0653935
0.0629977
0.0559144
0.0531366
0.0491782
0.0417361
0.0440046
0.0407755
0.0338657
0.0293519
0.0261458
0.0193519
0.10787
0.0821644
0.0586227
0.041331
0.0315741
0.0258102
0.0185648
0.0136574
0.0108102
0.010081
0.00657407
0.00494213
0.00480324
0.00358796
0.00303241
0.00216435
0.00462963
0.00528935
0.00761574
0.00678241
0.0081713
0.00865741
0.0107755
0.00990741
0.0103935
0.143669
0.110405
0.0856829
0.0633912
0.045081
0.0378009
0.0286921
0.0203935
0.0140394
0.0130671
0.00994213
0.0116435
0.0168519
0.0168171
0.0161574
0.0154977
0.0140741
0.0103588
0.0111921
0.00990741
0.0124074
0.0124074
0.0163657
0.0251505
0.0302199
0.0509028
0.0468866
0.0485185
0.049838
0.0545255
0.0593171
0.057338
0.059456
0.0646644
0.0603588
0.0633796
0.066713
0.0655324
0.0659144
0.0638657
0.059838
0.0623727
0.056331
0.0568866
0.0570255
0.057338
0.0545602
0.061956
0.066331
0.0639352
0.128426
0.106053
0.0800116
0.0701505
0.0596296
0.0472685
0.046956
0.0465394
0.0438542
0.0467245
0.0500579
0.0447338
0.0449769
0.0361921
0.0351852
0.0307407
0.027338
0.0199769
0.0212616
0.0228588
0.0201852
0.0199769
0.0208102
0.0162616
0.0167824
0.080625
0.057963
0.0471991
0.0383449
0.034838
0.0329282
0.028588
0.0233796
0.0176852
0.0154282
0.013588
0.0178588
0.0195602
0.0193866
0.0192477
0.0199769
0.0161921
0.017581
0.0176505
0.0164699
0.0221296
0.026088
0.021713
0.0283449
0.0281019
0.0657407
0.0521991
0.0442824
0.0377083
0.0332755
0.0315046
0.0272685
0.0250463
0.0261921
0.0257755
0.0516435
0.0398148
0.0390394
0.0328935
0.0312269
0.0268519
0.0234838
0.0196412
0.0155093
0.0153935
0.0129282
0.0119907
0.0111227
0.010463
0.00952546
0.0104282
0.0104977
0.0105324
0.0119213
0.0139352
0.0117477
0.0128241
0.0109838
0.00922454
0.00804398
0.020162
0.0122801
0.0111458
0.00853009
0.00849537
0.00936343
0.00759259
0.00800926
0.0096412
0.00837963
0.00865741
0.0102315
0.00880787
0.00734954
0.00596065
0.00462963
0.00469907
0.0049537
0.00577546
0.005
0.00577546
0.0052662
0.00391204
0.0052662
0.00811343
0.0155787
0.0137384
0.0125463
0.00957176
0.00929398
0.0111343
0.0106134
0.0143981
0.0178356
0.0204051
0.0261343
0.0321759
0.0309259
0.0307176
0.0284606
0.0252662
0.0259606
0.026169
0.0266204
0.028669
0.0245718
0.0243634
0.0231597
0.0221065
0.0204745
0.0234954
0.0205787
0.01625
0.0169676
0.0163426
0.0162731
0.0181481
0.0172454
0.015463
0.0146759
0.0156019
0.0144907
0.0145255
0.0137269
0.0128241
0.0178935
0.0231366
0.024213
0.027338
0.0301852
0.0287963
0.0264699
0.0314699
0.0301505
0.033206
0.0686921
0.0580324
0.054838
0.052037
0.050162
0.0470718
0.0398727
0.0375116
0.0314005
0.0282755
0.0261227
0.0259144
0.025463
0.0243403
0.0257755
0.0270255
0.0272685
0.029213
0.0284838
0.0281366
0.0270949
0.0258102
0.0242245
0.0240741
0.0257407
0.0540162
0.041412
0.0350694
0.0312616
0.0286227
0.0285995
0.0640394
0.0543519
0.0484144
0.0457755
0.0442477
0.0388773
0.0376852
0.0373495
0.0340162
0.0304514
0.0283218
0.0275347
0.031412
0.0294213
0.0290046
0.0291898
0.0309259
0.028669
0.0304398
0.0282523
0.0281944
0.0287037
0.0295718
0.0291551
0.0298495
0.0506481
0.0434606
0.036412
0.0340162
0.0345023
0.0385417
0.0400579
0.0390741
0.0392361
0.0388426
0.0346412
0.0403009
0.0432176
0.0426273
0.0423264
0.0428356
0.0387153
0.0361806
0.0352778
0.0344213
0.0328009
0.0344329
0.0325231
0.0309259
0.0317245
0.0576157
0.0489699
0.0465741
0.0407639
0.038912
0.0343287
0.0309954
0.0322801
0.0309606
0.0275926
0.027037
0.0264468
0.0250231
0.0235995
0.0226273
0.0219676
0.0212847
0.0204861
0.0177778
0.0186458
0.0192361
0.0207292
0.0235764
0.023669
0.0225347
0.0449306
0.0426157
0.0376157
0.0364699
0.0372338
0.0362731
0.0391435
0.0362963
0.0354282
0.0386806
0.037662
0.0364583
0.0417361
0.0417708
0.0411343
0.0421296
0.0440278
0.0416782
0.0417708
0.0427431
0.0407986
0.0424306
0.0443056
0.0435764
0.0462616
0.0646181
0.0558681
0.0545486
0.0517593
0.0490741
0.046875
0.0440162
0.040625
0.0438889
0.0436111
0.0423495
0.0436458
0.0426389
0.0425463
0.0470833
0.0496875
0.0496528
0.0613542
0.0669676
0.0698032
0.0718981
0.0740394
0.0750116
0.0790625
0.0706019
0.102951
0.091169
0.0845602
0.075706
0.0731829
0.0694907
0.0647685
0.0630324
0.0660532
0.0649421
0.0615394
0.0637963
0.0615394
0.0562963
0.0594907
0.0571065
0.0551042
0.0526852
0.0474769
0.0444907
0.0496644
0.0478125
0.0501505
0.0553241
0.0544097
0.0760648
0.0730556
0.0662269
0.0665972
0.0612963
0.0562847
0.0562269
0.0545949
0.0525347
0.0507292
0.0477083
0.0451042
0.0471875
0.0467361
0.0428472
0.0399421
0.0382292
0.0372801
0.0371528
0.0355903
0.0346528
0.0366898
0.0376157
0.0377315
0.0394792
0.0608333
0.0522454
0.049919
0.0446991
0.0394213
0.0365741
0.0348148
0.0348264
0.0362847
0.0360764
0.0345139
0.0346875
0.0314236
0.0277778
0.0263889
0.0223611
0.0201042
0.0208333
0.0201736
0.0191667
0.0186111
0.0198611
0.0187731
0.0200579
0.0199884
0.0377894
0.0330093
0.028669
0.0257639
0.0224884
0.0212037
0.0184606
0.0197454
0.0196412
0.018287
0.0179745
0.0190162
0.0179051
0.0204745
0.0217593
0.020787
0.0247454
0.0260995
0.0278356
0.0333912
0.0397454
0.0403356
0.0423148
0.0453704
0.0419329
0.0570718
0.0528009
0.0463773
0.0465162
0.0488079
0.0495718
0.0505093
0.048669
0.0504398
0.0529051
0.0490856
0.0482176
0.0463079
0.0457176
0.0418287
0.0443634
0.0393634
0.0374884
0.0349884
0.0346412
0.0325579
0.0341898
0.0356134
0.032037
0.0350231
0.0584259
0.0491204
0.0416204
0.0350579
0.0304398
0.029537
0.0275579
0.0265162
0.0300231
0.0302315
0.0271181
0.0274884
0.0282176
0.0281481
0.0315509
0.0359259
0.0350579
0.036794
0.0393287
0.0381134
0.0400231
0.0403009
0.0351273
0.037662
0.0377662
0.0508565
0.0434954
0.0371875
0.0343519
0.0383565
0.0368981
0.0369329
0.0365162
0.0384259
0.0370718
0.0398495
0.0398148
0.0372801
0.0426389
0.0434144
0.041794
0.0417593
0.0451273
0.0429398
0.0426042
0.0439005
0.0436921
0.045081
0.0439699
0.0475926
0.0682523
0.0570023
0.0519097
0.0490856
0.0467593
0.0403125
0.0419676
0.0390972
0.0366667
0.0335995
0.0306481
0.027419
0.0252315
0.0222454
0.0197801
0.0172801
0.0161574
0.0141088
0.0139699
0.0147338
0.0126505
0.0115046
0.0126157
0.012581
0.0127546
0.0484144
0.0369907
0.0301852
0.0314005
0.0273727
0.0343866
0.036713
0.0358449
0.0410185
0.0493519
0.0476852
0.0537963
0.0595949
0.0609722
0.0694792
0.0751736
0.0722222
0.0768056
0.0894097
0.0872917
0.0940278
0.105556
0.105891
0.108738
0.111285
0.146285
0.138854
0.136528
0.128241
0.130521
0.134236
0.131343
0.133356
0.135903
0.134062
0.129097
0.126424
0.120799
0.118194
0.114653
0.109792
0.10816
0.10309
0.098588
0.0997222
0.101458
0.0967014
0.0970139
0.0945486
0.0898958
0.136771
0.1239
0.11022
0.105
0.108993
0.100521
0.0926736
0.0929514
0.0882639
0.0854861
0.0906366
0.0898032
0.0872569
0.0911111
0.0865972
0.0841667
0.0797569
0.0729051
0.0762616
0.073912
0.0718171
0.0714005
0.0823148
0.0785417
0.0806713
0.132396
0.122326
0.112894
0.11353
0.114294
0.116887
0.128345
0.126829
0.137917
0.147095
0.148241
0.162269
0.169722
0.163368
0.180532
0.198657
0.198414
0.244363
0.278356
0.287662
0.320521
0.351736
0.350961
0.394954
0.422824
0.492488
0.502523
0.516273
0.507593
0.539873
0.559792
0.543935
0.595799
0.639687
0.640347
0.685671
0.739456
0.746968
0.792512
0.822153
0.812326
0.86037
0.891053
0.875648
0.922245
0.942512
0.922998
0.957373
1.00598
0.975127
1.05494
1.05144
1.02649
1.04009
1.06654
1.03933
1.11014
1.17041
1.17149
1.26141
1.32263
1.31196
1.37747
1.43677
1.42494
1.4666
1.47338
1.45078
1.46727
1.4761
1.44656
1.4489
1.48161
1.45833
1.50788
1.56486
1.52155
1.50633
1.53404
1.4955
1.51176
1.52713
1.4865
1.50937
1.53005
1.48513
1.51846
1.50757
1.48767
1.48133
1.49615
1.44888
1.47039
1.47041
1.43569
1.447
1.45319
1.41295
1.44551
1.45858
1.43828
1.43793
1.44708
1.40477
1.43303
1.49421
1.45703
1.49875
1.50716
1.46557
1.48606
1.53311
1.48999
1.50613
1.51497
1.45613
1.4684
1.47265
1.44086
1.47317
1.46957
1.44671
1.45795
1.46569
1.41317
1.45435
1.44133
1.38863
1.38241
1.38524
1.3309
1.35297
1.37951
1.34302
1.3598
1.37028
1.32778
1.37065
1.38022
1.33936
1.35561
1.36499
1.33615
1.36628
1.38148
1.35545
1.38683
1.38962
1.37678
1.41171
1.50376
1.47606
1.48462
1.5048
1.46781
1.4912
1.50813
1.46832
1.48766
1.49912
1.47793
1.50434
1.53491
1.52818
1.55796
1.57748
1.56198
1.58734
1.61869
1.58494
1.60697
1.6363
1.61022
1.62466
1.62868
1.59478
1.6206
1.62997
1.61382
1.6466
1.65684
1.63757
1.64104
1.65125
1.63534
1.65322
1.67823
1.66756
1.69333
1.72475
1.71264
1.74671
1.76162
1.75036
1.76413
1.76562
1.74413
1.75345
1.74888
1.73449
1.74194
1.71788
1.68874
1.67911
1.67392
1.63711
1.62713
1.62244
1.57903
1.57427
1.55733
1.52534
1.52859
1.50044
1.46477
1.46431
1.46292
1.44229
1.43793
1.43536
1.40468
1.41769
1.42146
1.40359
1.40716
1.51456
1.47012
1.46174
1.4428
1.41127
1.40203
1.376
1.34315
1.32877
1.32525
1.28941
1.28887
1.27598
1.25272
1.24719
1.24152
1.20696
1.20682
1.20032
1.17492
1.20822
1.24431
1.22882
1.24444
1.27013
1.2959
1.30774
1.31793
1.30339
1.31038
1.31102
1.3024
1.30839
1.31821
1.30906
1.33321
1.34054
1.33443
1.351
1.36588
1.3483
1.37701
1.38556
1.38559
1.41194
1.43593
1.43057
1.46012
1.46674
1.45206
1.50209
1.50598
1.4628
1.4801
1.50023
1.48404
1.54436
1.56329
1.55789
1.61524
1.64988
1.63725
1.66436
1.67356
1.64902
1.67336
1.68128
1.64826
1.66322
1.66601
1.63905
1.64009
1.63201
1.6001
1.58461
1.56749
1.5144
1.52074
1.50556
1.43463
1.45788
1.44302
1.39645
1.40145
1.38887
1.35084
1.33703
1.29944
1.24838
1.22145
1.22862
1.1578
1.18918
1.17463
1.12399
1.13552
1.13855
1.13674
1.17703
1.18453
1.33387
1.33324
1.33588
1.31188
1.32197
1.33763
1.30175
1.2945
1.31267
1.25459
1.23613
1.2119
1.3397
1.31159
1.28369
1.24182
1.25153
1.34696
1.30392
1.29413
1.30734
1.26426
1.25319
1.26515
1.21747
1.2345
1.21341
1.19465
1.17779
1.15425
1.10708
1.11597
1.10153
1.07873
1.07138
1.06434
1.0276
1.03597
1.04637
1.00672
1.00257
0.99235
0.958009
0.972465
0.961678
0.920729
0.918426
0.922558
0.88963
0.88647
0.941678
0.889792
0.87838
0.863044
0.820162
0.818519
0.814352
0.769618
0.738657
0.711366
0.676262
0.692569
0.701505
0.67397
0.684954
0.704005
0.689201
0.701007
0.708542
0.700359
0.706343
0.713808
0.686806
0.699387
0.697106
0.798877
0.779306
0.748681
0.727211
0.713287
0.686134
0.673472
0.650394
0.632778
0.611169
0.598299
0.604016
0.584352
0.59537
0.598148
0.589375
0.605741
0.612326
0.600532
0.612326
0.619456
0.613565
0.629248
0.631019
0.605521
0.624954
0.607558
0.577928
0.571424
0.559167
0.539988
0.538484
0.537234
0.512222
0.506863
0.490174
0.471852
0.452975
0.418785
0.394132
0.356319
0.32412
0.298634
0.266227
0.236076
0.231157
0.237477
0.250012
0.249109
0.268704
0.345035
0.327419
0.327755
0.322419
0.312188
0.319352
0.318669
0.324792
0.354595
0.387882
0.399051
0.424109
0.453229
0.460845
0.470185
0.496574
0.511898
0.57088
0.624329
0.649132
0.712049
0.785972
0.808009
0.887419
0.953831
1.04169
1.09057
1.13488
1.15903
1.22097
1.2826
1.28889
1.35811
1.38957
1.39421
1.43538
1.46563
1.48363
1.53709
1.59017
1.60262
1.67207
1.73762
1.72611
1.76882
1.82741
1.807
1.79141
1.7603
1.72453
1.76193
1.71721
1.68715
1.65979
1.63694
1.57947
1.54667
1.49771
1.46242
1.41622
1.378
1.33668
1.31567
1.27196
1.24359
1.21198
1.18654
1.14502
1.1236
1.09289
1.06743
1.04609
1.03067
1.00941
0.987083
0.970185
0.938542
0.898553
0.860775
0.840845
0.819051
0.809699
0.784213
0.776563
0.76603
0.75684
0.734387
0.711678
0.685544
0.642593
0.598831
0.565012
0.539792
0.495914
0.461956
0.421655
0.400833
0.388611
0.373519
0.333079
0.428449
0.369711
0.314942
0.268044
0.227813
0.185243
0.150463
0.128681
0.108657
0.0941319
0.0945139
0.0865741
0.0694907
0.0670139
0.0605671
0.0540278
0.0539005
0.0523727
0.0499421
0.0513079
0.0503704
0.0502199
0.0553935
0.0574306
0.0583218
0.163461
0.143727
0.124965
0.111748
0.0977662
0.0859144
0.0790394
0.0643403
0.0570486
0.0561343
0.0555671
0.0550231
0.0573727
0.0633681
0.0602083
0.0708333
0.117407
0.154734
0.227894
0.308264
0.347512
0.419664
0.507581
0.540116
0.634595
0.757419
0.780532
0.894699
0.980845
1.03148
1.13785
1.22446
1.26716
1.38288
1.45726
1.44686
1.49898
1.54091
1.49149
1.51856
1.56514
1.55213
1.6005
1.59022
1.54231
1.50758
1.47514
1.43881
1.40247
1.39563
1.37037
1.29868
1.23135
1.19406
1.13602
1.11104
1.07745
1.08747
1.08191
1.05346
1.046
1.03981
1.0289
1.00148
0.960405
0.924896
0.873727
0.835868
0.810324
0.784005
0.754687
0.729491
0.713727
0.666678
0.621042
0.650417
0.581632
0.542743
0.49669
0.462222
0.429757
0.402986
0.378831
0.348264
0.309282
0.278125
0.265972
0.237269
0.198137
0.177859
0.149317
0.122014
0.106192
0.0910764
0.0784375
0.0676968
0.0683565
0.0659028
0.0576852
0.0588773
0.131343
0.112083
0.0985069
0.0953472
0.0789583
0.0690046
0.060625
0.0543519
0.0487731
0.0452431
0.0414815
0.041088
0.0432755
0.0460185
0.0713194
0.100498
0.111227
0.14794
0.178171
0.19566
0.235231
0.280903
0.29309
0.332743
0.379097
0.417558
0.451042
0.477407
0.473241
0.513229
0.534549
0.525243
0.544896
0.577905
0.563414
0.598287
0.637847
0.655174
0.717338
0.744433
0.768333
0.850556
0.926123
0.883611
0.933194
0.976204
0.936562
0.984167
0.986771
0.945995
0.887963
0.880162
0.832546
0.851701
0.844028
0.806308
0.797685
0.807998
0.770208
0.741701
0.755185
0.731539
0.736701
0.724039
0.688889
0.696169
0.670324
0.641597
0.621389
0.633426
0.625926
0.659352
0.662442
0.637419
0.646852
0.67397
0.644201
0.611435
0.596516
0.578808
0.577986
0.573611
0.55728
0.556956
0.56294
0.541308
0.531771
0.522546
0.503079
0.488218
0.469988
0.438299
0.422118
0.416563
0.400718
0.386134
0.381065
0.374456
0.378565
0.382627
0.455301
0.423808
0.389317
0.363704
0.331794
0.296655
0.265961
0.23184
0.201123
0.18272
0.155081
0.133391
0.128067
0.106725
0.0974884
0.0913773
0.0806134
0.0670023
0.0609954
0.0500926
0.0424537
0.0370718
0.028669
0.0181019
0.0130787
0.062662
0.0483565
0.0380671
0.0269792
0.0214005
0.0150926
0.00978009
0.0103125
0.00738426
0.00672454
0.00450231
0.00547454
0.00655093
0.00634259
0.00903935
0.00672454
0.00630787
0.00675926
0.00898148
0.0112269
0.0117477
0.00934028
0.00864583
0.00832176
0.00921296
0.0129051
0.0105093
0.0104398
0.00983796
0.0113657
0.00953704
0.00884259
0.0112384
0.00891204
0.00983796
0.00925926
0.0080787
0.00762731
0.00734954
0.0133565
0.0121528
0.0142593
0.0152315
0.0196296
0.0199537
0.0187037
0.0168981
0.0193981
0.0190856
0.0215509
0.0224884
0.0222454
0.0283565
0.0273495
0.0290509
0.0362384
0.0373495
0.0617477
0.0972454
0.113252
0.151065
0.191725
0.212662
0.253484
0.28287
0.292176
0.318773
0.341076
0.350336
0.367037
0.385683
0.385093
0.402072
0.410428
0.410405
0.434225
0.432245
0.434178
0.444525
0.448866
0.447095
0.446169
0.444086
0.435822
0.438252
0.434155
0.434329
0.440648
0.449954
0.456493
0.479294
0.495718
0.49485
0.486285
0.500081
0.498426
0.490336
0.479363
0.452975
0.436354
0.406609
0.397095
0.385104
0.372303
0.367708
0.348947
0.341725
0.329387
0.321007
0.307963
0.294167
0.292859
0.286551
0.277697
0.265231
0.25897
0.250671
0.2461
0.233773
0.22522
0.214005
0.198993
0.184468
0.163542
0.140197
0.130752
0.128113
0.12912
0.124363
0.124259
0.125394
0.120602
0.107789
0.0954282
0.0945833
0.0829398
0.069838
0.0597454
0.0562616
0.0563889
0.0558218
0.0630556
0.0700463
0.071875
0.0720486
0.0706944
0.0693171
0.0602894
0.0598611
0.0614931
0.0660069
0.06625
0.0658681
0.0682292
0.0699421
0.0734375
0.0824306
0.0839931
0.0874653
0.0919097
0.0856597
0.0888542
0.0895139
0.0821181
0.0747917
0.0719444
0.0744097
0.0753125
0.0773958
0.0744444
0.0704861
0.0625694
0.0514468
0.0561458
0.0895139
0.138264
0.160521
0.201053
0.263958
0.280104
0.304595
0.344109
0.346667
0.3661
0.433021
0.440972
0.454572
0.465972
0.462072
0.445278
0.420567
0.397847
0.380799
0.338785
0.309688
0.286806
0.271377
0.269306
0.290903
0.286424
0.301481
0.28331
0.270208
0.246296
0.2325
0.224699
0.216852
0.198843
0.178264
0.167685
0.1475
0.130324
0.116921
0.0939815
0.0681019
0.0549769
0.0331713
0.0149769
0.00855324
0.00640046
0.0112616
0.0129977
0.0262963
0.0611574
0.0795139
0.122639
0.150833
0.154965
0.164757
0.170903
0.171354
0.179444
0.187708
0.192014
0.197813
0.200382
0.20485
0.210972
0.217465
0.217917
0.216875
0.221111
0.222535
0.220694
0.22213
0.216852
0.231979
0.243333
0.245972
0.244514
0.241215
0.230417
0.218472
0.197685
0.186435
0.17213
0.153762
0.144421
0.130255
0.122581
0.110046
0.0960185
0.0831019
0.076713
0.0602894
0.0420255
0.037338
0.035162
0.0491088
0.0531019
0.0575463
0.0637616
0.0661574
0.0727199
0.0743866
0.082581
0.0845602
0.0835532
0.0816782
0.0818866
0.08125
0.0809491
0.0809375
0.0791088
0.0766204
0.0834144
0.0811921
0.0825463
0.091956
0.0940394
0.0915394
0.0886921
0.089456
0.0896644
0.0933449
0.0906597
0.0894444
0.0853588
0.0971528
0.10588
0.128576
0.153553
0.1714
0.208657
0.248588
0.264074
0.274074
0.277118
0.278032
0.29456
0.296748
0.290891
0.330324
0.339282
0.338449
0.348727
0.352164
0.35375
0.357593
0.354525
0.358102
0.347535
0.348611
0.340868
0.340324
0.330764
0.321505
0.323264
0.319653
0.321007
0.318194
0.329641
0.325937
0.331979
0.342361
0.341493
0.330683
0.319826
0.311285
0.299664
0.282257
0.280347
0.266887
0.242986
0.232141
0.215938
0.183819
0.17691
0.15647
0.132535
0.116215
0.100625
0.0771875
0.0661111
0.0446991
0.0270833
0.0217361
0.0146991
0.00570602
0.00309028
0.00135417
0.000208333
0.000381944
0.000729167
0.000833333
0.000833333
0.000729167
0.000208333
0.000208333
0.000208333
0.000208333
0.000208333
0.000208333
0.000208333
0.000208333
0.00440972
0.00305556
0.00246528
0.00159722
0.00121528
0.000729167
0.000729167
0.000520833
0.000763889
0.00121528
0.000833333
0.00107639
0.00166667
0.00184028
0.00114583
0.00104167
0.00100694
0.000868056
0.000694444
0.00119213
0.000381944
0.000208333
0.00164352
0.000520833
0
0.00177083
0.00111111
0.000868056
0.000277778
0
0.0009375
0.000659722
0.000763889
0.000590278
0.000694444
0.000891204
0.000763889
0.000590278
0.000486111
0.00184028
0.0235764
0.0381944
0.0693056
0.100521
0.115278
0.14
0.162431
0.170382
0.182118
0.193368
0.199097
0.212708
0.233021
0.25191
0.290035
0.331528
0.354664
0.396852
0.448299
0.47184
0.542419
0.586354
0.605694
0.706748
0.761435
0.773414
0.902801
0.925903
0.922917
0.909097
0.911933
0.880752
0.884167
0.868866
0.855104
0.879074
0.838125
0.803924
0.772859
0.736053
0.700012
0.667292
0.657396
0.638681
0.627025
0.6475
0.644201
0.647384
0.650822
0.657419
0.633437
0.623391
0.613912
0.602049
0.586019
0.546123
0.541296
0.531331
0.512257
0.51669
0.473785
0.461759
0.446481
0.438194
0.4425
0.435856
0.41816
0.407581
0.41412
0.410359
0.388183
0.3739
0.359792
0.335914
0.311123
0.279803
0.259919
0.235868
0.218576
0.203044
0.191632
0.187002
0.181227
0.181319
0.180058
0.167002
0.167894
0.169884
0.162708
0.162141
0.160486
0.153113
0.152396
0.14963
0.146007
0.150914
0.154213
0.152164
0.155058
0.156644
0.15272
0.154722
0.156609
0.158681
0.176343
0.197222
0.202361
0.225729
0.2439
0.247708
0.276065
0.297465
0.293067
0.302755
0.313646
0.30022
0.306458
0.310833
0.306042
0.315208
0.322257
0.317604
0.327257
0.336863
0.333484
0.356134
0.360486
0.347396
0.362118
0.364375
0.356215
0.370347
0.375694
0.36669
0.370972
0.398403
0.378368
0.379514
0.381933
0.375428
0.379514
0.38353
0.376377
0.365926
0.362454
0.354421
0.351759
0.339988
0.336354
0.34485
0.349051
0.337488
0.339051
0.336725
0.338009
0.339919
0.336308
0.334086
0.332882
0.32713
0.356424
0.348669
0.344271
0.334248
0.334745
0.331007
0.321725
0.320544
0.317731
0.306979
0.306343
0.307419
0.298877
0.306065
0.306285
0.298426
0.302731
0.302315
0.292685
0.288449
0.288032
0.279005
0.274606
0.271481
0.256701
0.292593
0.278565
0.262778
0.247199
0.237731
0.216019
0.206134
0.190162
0.172604
0.162072
0.151678
0.136655
0.131701
0.11713
0.111516
0.1011
0.0958102
0.0865162
0.104572
0.114144
0.11081
0.132697
0.133981
0.123877
0.115093
0.210313
0.181331
0.168148
0.145579
0.12787
0.110637
0.101725
0.0891204
0.0748843
0.0743981
0.0663079
0.0667245
0.0648495
0.0623264
0.0649537
0.0787384
0.0844329
0.108264
0.122766
0.129815
0.140405
0.136377
0.132037
0.120683
0.112141
0.164236
0.142778
0.113819
0.0973958
0.0855671
0.0758796
0.0713079
0.0984954
0.103843
0.103044
0.107176
0.112801
0.10853
0.115544
0.111273
0.108704
0.0953704
0.0912731
0.0846065
0.084919
0.0875231
0.0867593
0.0922106
0.0991551
0.10037
0.179977
0.159618
0.154907
0.148426
0.14853
0.138704
0.139711
0.131551
0.123704
0.116933
0.11669
0.114363
0.115613
0.113843
0.114329
0.108495
0.108495
0.103426
0.102731
0.100822
0.101933
0.109317
0.115312
0.116447
0.120243
0.152037
0.14088
0.133009
0.126725
0.11978
0.117454
0.11353
0.108044
0.109468
0.107245
0.103738
0.103588
0.106204
0.107025
0.108252
0.107477
0.106933
0.109919
0.115752
0.115937
0.122211
0.122616
0.123542
0.130312
0.127431
0.16066
0.153831
0.148738
0.141319
0.136285
0.143715
0.14441
0.156794
0.174051
0.177859
0.198056
0.222373
0.223472
0.245336
0.272812
0.276539
0.300023
0.319664
0.327859
0.345602
0.371609
0.368102
0.402118
0.415324
0.42103
0.526458
0.500938
0.469676
0.479236
0.497998
0.484352
0.49103
0.501331
0.48419
0.492188
0.486725
0.48191
0.498137
0.501736
0.473183
0.458044
0.462766
0.438333
0.437419
0.428611
0.414271
0.443322
0.457222
0.439734
0.46316
0.785093
0.726863
0.70272
0.680729
0.669387
0.658148
0.640579
0.599815
0.60081
0.605451
0.578056
0.593785
0.640891
0.615521
0.638194
0.662454
0.641794
0.660926
0.668322
0.64294
0.642847
0.67728
0.658519
0.6864
0.6975
0.779155
0.792025
0.800428
0.77412
0.79706
0.804016
0.764595
0.783507
0.779398
0.733773
0.7464
0.735822
0.708241
0.715845
0.713924
0.673785
0.693854
0.688426
0.654421
0.668623
0.656516
0.628021
0.639537
0.640648
0.612118
0.74375
0.730278
0.70316
0.697118
0.738009
0.700359
0.698634
0.68287
0.641968
0.639595
0.631991
0.585231
0.585625
0.585255
0.563981
0.567465
0.550579
0.524792
0.531933
0.525845
0.492685
0.485683
0.489734
0.48912
0.498854
0.639375
0.590394
0.570602
0.562569
0.532188
0.530926
0.529201
0.511331
0.512928
0.522176
0.502199
0.513206
0.523808
0.508715
0.527743
0.537639
0.515069
0.530382
0.525012
0.515903
0.517859
0.513194
0.491586
0.490185
0.470197
0.556771
0.516412
0.483495
0.449803
0.435671
0.431979
0.406528
0.395174
0.402037
0.369965
0.369097
0.359896
0.338079
0.324201
0.310278
0.285822
0.294306
0.280683
0.261354
0.255498
0.25169
0.243519
0.246956
0.242419
0.22412
0.378785
0.344491
0.300891
0.290544
0.271586
0.245463
0.226921
0.227234
0.206007
0.200532
0.194537
0.184132
0.183611
0.181678
0.166447
0.170741
0.168993
0.161829
0.162905
0.162037
0.156377
0.15485
0.158542
0.141863
0.144155
0.232813
0.189051
0.161007
0.141667
0.125243
0.112708
0.108692
0.0998032
0.091875
0.0860069
0.0800926
0.0869676
0.0826736
0.0796875
0.0816667
0.0796528
0.0801736
0.084213
0.0882292
0.0849884
0.0884491
0.0851852
0.0843403
0.0874653
0.0862963
0.130405
0.112118
0.101354
0.0908681
0.0827083
0.0795486
0.0738542
0.0727083
0.0702315
0.0639236
0.0668403
0.0680208
0.061875
0.0672569
0.0696875
0.0644097
0.0673264
0.0752083
0.0703472
0.0705903
0.0720833
0.0707292
0.0733218
0.0788426
0.0759375
0.107604
0.101771
0.0963194
0.105313
0.110868
0.111667
0.115799
0.122025
0.122292
0.124225
0.123461
0.11559
0.116701
0.111794
0.109965
0.110093
0.102488
0.0944676
0.094375
0.0955556
0.0851157
0.0911574
0.0883565
0.0778125
0.0765625
0.0899769
0.0775116
0.0724884
0.0679861
0.0569792
0.0534722
0.049213
0.0447222
0.0427778
0.0404514
0.0370486
0.0353472
0.0329514
0.0313889
0.0275694
0.0233333
0.0202083
0.0197917
0.0236458
0.0219792
0.0226389
0.0229745
0.022419
0.0246528
0.0250694
0.0504514
0.0421412
0.0371991
0.0326852
0.029838
0.025081
0.0217824
0.0208912
0.021412
0.0213426
0.0255787
0.0266898
0.023044
0.0244676
0.0212384
0.0193519
0.0218634
0.0214468
0.0193634
0.0194329
0.0183565
0.0204745
0.0203704
0.0237616
0.021088
0.0366898
0.0275579
0.0248264
0.022581
0.0207523
0.0174884
0.0123495
0.0109259
0.00946759
0.0125926
0.0150231
0.0168287
0.0181134
0.0198611
0.0207176
0.0234954
0.0243981
0.0231597
0.0234375
0.0251389
0.0252778
0.0270486
0.0261111
0.0258333
0.0265278
0.0372569
0.0334375
0.0307639
0.0277662
0.0240741
0.0225
0.0235069
0.0227431
0.0276042
0.0266667
0.0255093
0.0234028
0.0271875
0.0254514
0.0289583
0.0279514
0.0259722
0.0267708
0.0309722
0.0315278
0.0359606
0.0372106
0.0338426
0.0340394
0.036412
0.0475579
0.0430903
0.0418056
0.0403935
0.0393056
0.0408796
0.0380208
0.0365278
0.0393634
0.039375
0.0435069
0.0465972
0.0434028
0.0453704
0.0448611
0.0457176
0.0452431
0.048588
0.0468171
0.0469097
0.0485764
0.0517014
0.0534375
0.050625
0.0471875
0.0709259
0.0614583
0.0580208
0.0584028
0.0594792
0.0573958
0.0540972
0.0536806
0.0530208
0.0585069
0.0573958
0.0528125
0.0542014
0.0552778
0.0505208
0.055625
0.0567361
0.0573611
0.0607292
0.063125
0.0626042
0.0671181
0.0697222
0.0651389
0.0667708
0.0878472
0.0797917
0.0770833
0.0776042
0.0769444
0.0734375
0.0655556
0.0593056
0.0552431
0.0480093
0.0440856
0.0413773
0.0353704
0.0342593
0.031169
0.0276273
0.0268287
0.0219329
0.0214468
0.0196065
0.0193287
0.018912
0.0166898
0.0142593
0.0135301
0.0231829
0.018287
0.0147801
0.0135301
0.0144676
0.0156829
0.0154051
0.0217245
0.0265856
0.0256134
0.0284606
0.0264815
0.0246065
0.0252315
0.0281829
0.0262731
0.0301273
0.0312037
0.0321181
0.0368287
0.0391898
0.0384954
0.0435648
0.0422917
0.0401389
0.0475579
0.0427315
0.0365856
0.0339815
0.028669
0.0280093
0.0253009
0.0238773
0.0214699
0.0215509
0.0200231
0.0196412
0.0196412
0.018912
0.0172801
0.0147801
0.0147801
0.012662
0.0130787
0.0117593
0.0111343
0.0106829
0.00967593
0.00859954
0.0113079
0.028669
0.0209259
0.0171412
0.0151273
0.0116898
0.0122454
0.0116898
0.00918981
0.00859954
0.010544
0.0113079
0.00934028
0.0130556
0.0118056
0.0127778
0.0142708
0.0134375
0.0112731
0.0134722
0.0140625
0.0155208
0.0178472
0.0152778
0.0175
0.0147569
0.0242014
0.0183681
0.0183681
0.0164583
0.0147917
0.0156597
0.0151736
0.0138889
0.0111806
0.00954861
0.0110417
0.00822917
0.00836806
0.0072338
0.004375
0.00444444
0.0037963
0.00483796
0.00390046
0.00487269
0.00369213
0.00421296
0.00292824
0.00459491
0.00476852
0.0159491
0.00782407
0.00574074
0.00542824
0.00511574
0.00393519
0.00396991
0.00344907
0.00518519
0.00820602
0.00702546
0.00615741
0.00251157
0.00275463
0.00206019
0.00388889
0.0069213
0.00569444
0.00579861
0.005625
0.00703704
0.00569444
0.00680556
0.00675926
0.00813657
0.0149306
0.0145486
0.0136111
0.0103935
0.00638889
0.00275463
0.00157407
0.00101852
0.000671296
0.000115741
0.000115741
0.000115741
0.000115741
0.00056713
0.000428241
0.000428241
0.000462963
0.000451389
0.000115741
0.000115741
0.000115741
0.000115741
0.000115741
0.000115741
0.00178241
0.010162
0.00730324
0.00456019
0.00265046
0.00181713
0.00104167
0.000497685
0.0012963
0.0022338
0.00185185
0.00532407
0.00671296
0.0069213
0.00914352
0.00928241
0.0106366
0.0101157
0.0111111
0.0103935
0.0106713
0.0121991
0.0122685
0.0118866
0.0118866
0.0106366
0.0147338
0.0115394
0.0103588
0.00990741
0.00820602
0.00695602
0.00712963
0.00834491
0.00820602
0.0121991
0.0100463
0.00976852
0.00796296
0.00803241
0.00820602
0.00872685
0.0084838
0.00966435
0.0130787
0.01375
0.0128241
0.0120602
0.0118519
0.0118866
0.0116435
0.0101157
0.0135185
0.0103241
0.0117477
0.00844907
0.00730324
0.0103588
0.00758102
0.00726852
0.014456
0.0078588
0.00709491
0.00577546
0.00383102
0.00185185
0.0019213
0.00209491
0.00292824
0.00212963
0.00278935
0.00216435
0.00265046
0.00306713
0.00542824
0.00543981
0.00758102
0.00827546
0.00782407
0.00893519
0.0113657
0.0105556
0.0167014
0.019919
0.0216319
0.0426273
0.0429861
0.04375
0.0441667
0.0422917
0.0364815
0.0331366
0.0265856
0.0227894
0.0214005
0.0228241
0.0225463
0.0245602
0.0267477
0.0256713
0.0313657
0.0355324
0.0374421
0.0446875
0.0493519
0.0459144
0.0439005
0.0479167
0.0454745
0.0458449
0.0631019
0.0575231
0.055625
0.0541898
0.0496875
0.0488426
0.0451736
0.039375
0.032338
0.0293403
0.0271991
0.0246528
0.023206
0.0209838
0.0212153
0.0210764
0.0201736
0.0204861
0.0185069
0.016088
0.0158796
0.0178819
0.0164005
0.0174074
0.0168403
0.0301042
0.0231944
0.0271181
0.0246181
0.024838
0.0334491
0.0352662
0.0366667
0.0377199
0.0359028
0.0378356
0.0402778
0.0421181
0.0453819
0.0452778
0.0421528
0.0368866
0.02875
0.0244444
0.0240972
0.0256019
0.0205556
0.0186458
0.0192708
0.0193056
0.0240278
0.0211111
0.0235069
0.0330556
0.0370833
0.0401736
0.0594444
0.0700347
0.0672569
0.0786111
0.085625
0.0826736
0.0925694
0.10066
0.0994792
0.0973264
0.0985764
0.0899653
0.0878125
0.0914236
0.0843403
0.0874653
0.0900347
0.0857986
0.0879167
0.0968056
0.089375
0.0953125
0.0935764
0.0868403
0.0880556
0.0897569
0.0863542
0.0939236
0.0904167
0.0829514
0.0878472
0.0879861
0.0828472
0.0844097
0.0909375
0.0849306
0.0874653
0.0885417
0.0850694
0.0860069
0.0901389
0.08125
0.0877083
0.0895139
0.0944444
0.0928472
0.0865278
0.0794097
0.0802083
0.0771528
0.0719792
0.0680208
0.0679745
0.0582986
0.0565972
0.0586806
0.0542014
0.0495833
0.0438889
0.0356944
0.0285764
0.0261458
0.0221875
0.0258565
0.0255093
0.0240625
0.0276042
0.0319329
0.0291551
0.0554051
0.054919
0.0512731
0.0470023
0.0481944
0.0448264
0.0436806
0.0392708
0.0374306
0.0367708
0.0370139
0.0337153
0.0339236
0.0354167
0.0378819
0.0389236
0.0344329
0.030081
0.0297454
0.0294676
0.0308218
0.0353356
0.0334606
0.0307523
0.033044
0.0544329
0.0492245
0.0508796
0.057963
0.0577546
0.0655787
0.0678009
0.0691782
0.0784838
0.081956
0.0818866
0.0856019
0.093206
0.090081
0.102303
0.102095
0.0976505
0.102373
0.101852
0.0981019
0.0978241
0.0959838
0.0965741
0.0889005
0.0914352
0.134942
0.113449
0.0957407
0.0769907
0.0702546
0.0566782
0.045463
0.0370949
0.0297685
0.024213
0.0220255
0.0219213
0.0196296
0.0210532
0.024213
0.0257407
0.0279282
0.0314005
0.0325463
0.0352894
0.0387963
0.0365741
0.0385532
0.0386574
0.0381366
0.0574421
0.0503241
0.0453935
0.0427546
0.0404282
0.0376157
0.0378588
0.0388657
0.0390394
0.0392824
0.0426505
0.0418634
0.0457176
0.0494676
0.0487037
0.0512616
0.0534838
0.0522685
0.0555787
0.0633102
0.0582407
0.0663657
0.0652546
0.0643171
0.0577199
0.0787269
0.0660532
0.0622338
0.0608796
0.058588
0.0583796
0.063588
0.0611458
0.0661574
0.0700231
0.0669792
0.0716667
0.0774884
0.0713542
0.071794
0.0683102
0.0662269
0.0665046
0.0593981
0.0540856
0.0562847
0.0569444
0.0566088
0.0673611
0.0835764
0.0900694
0.0975694
0.0939236
0.0861806
0.0924653
0.099375
0.0964583
0.098669
0.0896528
0.0833449
0.0788773
0.0678125
0.0626042
0.0559954
0.0522569
0.047338
0.0458912
0.0447569
0.0428819
0.0405556
0.0373958
0.0337153
0.0301042
0.0279861
0.025625
0.0447569
0.0344444
0.0312153
0.0274653
0.023125
0.0222917
0.0206597
0.0181597
0.0184375
0.0172569
0.0269444
0.0183681
0.0202778
0.0112153
0.0134375
0.0146181
0.00965278
0.00871528
0.00993056
0.0140625
0.0185069
0.0133333
0.0189236
0.0118403
0.0109375
0.0191319
0.00965278
0.006875
0.00642361
0.00833333
0.00298611
0.00284722
0.00326389
0.00611111
0.00688657
0.00545139
0.00395833
0.0101389
0.0127083
0.0096875
0.0134722
0.0176736
0.0178125
0.0172917
0.0122801
0.0148495
0.0131481
0.00894676
0.0103009
0.00759259
0.0247106
0.0186343
0.0147106
0.0126968
0.00998843
0.00627315
0.00984954
0.00537037
0.011713
0.0114352
0.017963
0.0262616
0.0311574
0.0312616
0.0407407
0.0391782
0.0383102
0.0252894
0.0234838
0.0133681
0.0106597
0.00798611
0.00469907
0.00454861
0.00688657
0.0112269
0.0074537
0.00427083
0.00288194
0.00208333
0.00148148
0.0015162
0.00137731
0.00196759
0.00273148
0.00193287
0.00259259
0.00233796
0.00216435
0.00240741
0.00171296
0.0016088
0.0019213
0.000636574
0.00164352
0.00324074
0.00806713
0.00671296
0.00883102
0.0168519
0.0357407
0.0302894
0.0394907
0.0462616
0.052581
0.0690741
0.0590394
0.0581366
0.0629398
0.0643634
0.061875
0.0531944
0.0447569
0.0409028
0.0386806
0.0378819
0.0369792
0.0362847
0.0384375
0.0444792
0.0500347
0.0397222
0.0396181
0.0442014
0.0353819
0.0406597
0.0260417
0.0185417
0.0159028
0.00819444
0.00482639
0.00381944
0.00309028
0.00229167
0.00201389
0.00184028
0.00111111
0.00138889
0.00666667
0.00725694
0.00722222
0.0126042
0.0119444
0.0137847
0.0181597
0.0165278
0.0139931
0.0152083
0.0244097
0.0187153
0.0955556
0.0855903
0.0780208
0.0810417
0.0783333
0.0736806
0.0625
0.0496181
0.0419097
0.0398611
0.0371528
0.0290972
0.0236111
0.0246528
0.0252894
0.0290162
0.0256481
0.0233912
0.0216898
0.0119676
0.0199537
0.0268287
0.0295718
0.0243287
0.0220023
0.0460301
0.0375926
0.0384259
0.0340162
0.0348148
0.0410301
0.0419329
0.0464815
0.0532176
0.0524537
0.0575231
0.0631134
0.0594329
0.0610995
0.062419
0.0599884
0.061794
0.0625231
0.0579745
0.0616898
0.0633565
0.059919
0.0659259
0.066412
0.0598843
0.109468
0.093912
0.0751273
0.0689815
0.0579398
0.0490509
0.0430787
0.0485648
0.0448148
0.0589815
0.0623148
0.0693981
0.0759259
0.0948495
0.0990509
0.121586
0.148125
0.143137
0.180162
0.194178
0.186528
0.208993
0.227801
0.220648
0.247338
0.312292
0.290926
0.31544
0.314699
0.303391
0.321678
0.339537
0.341343
0.368067
0.387639
0.377188
0.403796
0.416088
0.39581
0.415405
0.449815
0.442234
0.471019
0.493542
0.471806
0.500787
0.520683
0.514525
0.544433
0.567523
0.601343
0.618819
0.628646
0.613275
0.641343
0.65478
0.635116
0.646551
0.674664
0.653322
0.686273
0.709016
0.682523
0.7089
0.716308
0.694306
0.728762
0.753391
0.728796
0.770382
0.79419
0.760324
0.77956
0.787917
0.761273
0.843681
0.818322
0.769699
0.78669
0.800752
0.780185
0.828947
0.871238
0.848102
0.878461
0.926933
0.909062
0.958657
1.00331
0.978333
1.02286
1.04219
1.01493
1.05839
1.08437
1.06773
1.127
1.15351
1.11755
1.15035
1.1998
1.15181
1.16532
1.18692
1.1587
1.18336
1.19687
1.14402
1.15494
1.14399
1.08248
1.06979
1.04021
0.995833
0.994711
1.00271
0.963218
0.976678
0.995544
0.960544
1.00962
1.00215
0.966227
1.0105
1.01541
1.01713
1.01307
1.01909
0.980972
1.04398
1.06572
1.03698
1.0499
1.08324
1.06028
1.1431
1.16659
1.14132
1.16043
1.18844
1.17139
1.24885
1.27089
1.24696
1.28159
1.30297
1.27506
1.30097
1.31644
1.28514
1.28612
1.2862
1.24615
1.25229
1.23434
1.20557
1.20762
1.21367
1.18421
1.20264
1.23044
1.21718
1.25027
1.26345
1.23664
1.24816
1.26448
1.24627
1.27657
1.2851
1.28513
1.2933
1.31449
1.3319
1.36096
1.44779
1.40824
1.43225
1.44828
1.43854
1.46456
1.49564
1.48911
1.51985
1.54208
1.53998
1.55931
1.55478
1.53947
1.55227
1.57366
1.54562
1.57045
1.59561
1.57603
1.60664
1.63946
1.63175
1.68106
1.71337
1.74432
1.76248
1.74929
1.74421
1.76971
1.75917
1.72779
1.72868
1.7334
1.71278
1.71197
1.70113
1.67442
1.68899
1.68133
1.65829
1.66676
1.66104
1.62609
1.63631
1.64213
1.6122
1.61507
1.59689
1.5736
1.65589
1.64939
1.62096
1.63284
1.64748
1.62949
1.65568
1.67181
1.66126
1.67865
1.68882
1.66465
1.66287
1.64971
1.63848
1.63839
1.64439
1.61867
1.6335
1.62652
1.5944
1.59939
1.6088
1.58425
1.59786
1.63299
1.60251
1.61047
1.61196
1.58535
1.59463
1.6095
1.57747
1.5856
1.6524
1.6306
1.6444
1.63904
1.59859
1.61427
1.62811
1.5997
1.60669
1.59346
1.59142
1.5888
1.59402
1.57377
1.57918
1.62556
1.62866
1.6273
1.61803
1.59252
1.57602
1.57672
1.54766
1.53427
1.53219
1.48822
1.46049
1.42942
1.40391
1.40106
1.4399
1.4166
1.41338
1.40163
1.38546
1.38089
1.36395
1.33132
1.33028
1.31576
1.28541
1.29333
1.26664
1.24053
1.22586
1.21688
1.21036
1.23027
1.24942
1.23899
1.26213
1.28648
1.27988
1.33373
1.35909
1.35464
1.38579
1.4211
1.4199
1.45253
1.49284
1.47809
1.51074
1.54528
1.53942
1.55812
1.67919
1.63137
1.64571
1.65451
1.61918
1.64413
1.64605
1.6547
1.6938
1.71425
1.70413
1.72799
1.77167
1.74292
1.76569
1.7861
1.75581
1.79041
1.80603
1.7567
1.78336
1.75347
1.72101
1.73628
1.73561
1.73286
1.72995
1.72807
1.68227
1.67802
1.64807
1.59991
1.60907
1.59542
1.55519
1.52935
1.50606
1.4834
1.48564
1.49365
1.4563
1.47063
1.50084
1.46337
1.48524
1.47549
1.42737
1.41068
1.38213
1.35778
1.45647
1.41867
1.36951
1.35045
1.34816
1.31897
1.30821
1.27916
1.26478
1.26495
1.2539
1.2417
1.25666
1.29525
1.28041
1.30803
1.33645
1.32218
1.32752
1.3191
1.28709
1.2949
1.30333
1.27354
1.28872
1.31873
1.29163
1.29566
1.29578
1.28036
1.30209
1.29841
1.28247
1.31209
1.33321
1.32961
1.30075
1.28853
1.26466
1.26406
1.25872
1.23189
1.21431
1.20345
1.16689
1.15777
1.15315
1.13163
1.13699
1.14341
1.13277
1.12987
1.12113
1.10999
1.11252
1.12685
1.11009
1.13017
1.11418
1.10162
1.12538
1.14642
1.14434
1.17184
1.18172
1.1752
1.1911
1.20216
1.17803
1.19189
1.18398
1.16374
1.1731
1.16166
1.13887
1.11374
1.11299
1.08069
1.07998
1.09848
1.08462
1.09471
1.08988
1.06428
1.06209
1.06757
1.04536
1.04598
1.04323
1.02042
1.0197
1.02061
1.01216
1.01306
1.01281
0.994618
1.00201
1.01459
0.989097
0.990833
1.01072
0.991192
0.988715
0.975683
0.958009
0.953704
0.953322
0.929398
0.925417
0.91441
0.902338
0.911343
0.890718
0.879757
0.871921
0.858866
0.839769
0.822546
0.806516
0.784722
0.76544
0.740312
0.712512
0.69566
0.675428
0.70934
0.690255
0.670856
0.65066
0.652847
0.656667
0.641042
0.653264
0.662407
0.655972
0.686042
0.715058
0.706771
0.739884
0.771493
0.742674
0.77088
0.773299
0.75206
0.759688
0.768333
0.753854
0.782037
0.810243
0.803102
0.858461
0.901516
0.892789
0.931319
0.965185
0.961574
0.987928
1.00346
1.00057
1.02547
1.03694
1.03536
1.08062
1.09476
1.06547
1.07662
1.0858
1.07218
1.05867
1.04677
1.01336
1.00019
0.963287
0.947581
0.947766
0.937373
0.909861
0.889537
0.879873
0.851551
0.832037
0.81728
0.779595
0.765104
0.768681
0.731933
0.705058
0.7039
0.690428
0.715671
0.762569
0.756111
0.79963
0.840903
0.844514
0.869734
0.886273
0.885706
0.890937
0.895856
0.9786
0.956817
0.945116
0.92044
0.907269
0.911354
0.905521
0.923438
0.933993
0.915856
0.935231
0.93853
0.933438
0.949815
0.953889
0.945405
0.95566
0.986991
0.972581
0.990289
0.995382
0.992384
1.03375
1.07
1.07084
1.05987
1.08913
1.07281
1.09256
1.12175
1.11628
1.1372
1.14932
1.13235
1.15758
1.17979
1.17689
1.18736
1.18815
1.16994
1.19097
1.19034
1.16565
1.18485
1.16028
1.14623
1.12367
1.09005
1.0387
1.02412
0.99397
0.953924
0.933495
0.909491
0.88375
0.883681
0.825706
0.769745
0.740069
0.751458
0.710313
0.689884
0.675243
0.613808
0.592326
0.624595
0.572465
0.578854
0.534456
0.473299
0.462187
0.463924
0.429907
0.412859
0.392813
0.477431
0.425694
0.388796
0.345833
0.306366
0.27397
0.245046
0.219884
0.188773
0.159826
0.141308
0.129919
0.114722
0.0982176
0.0890278
0.0771296
0.0619213
0.0546296
0.0484838
0.0387269
0.0305208
0.0249884
0.0178472
0.0115625
0.00890046
0.0596759
0.0404514
0.0267014
0.0205556
0.0137731
0.00835648
0.00402778
0.00194444
0.000763889
0.000381944
0.000381944
0
0
0
0
0
0.000416667
0.00100694
0.000868056
0.000960648
0.00149306
0.00190972
0.00190972
0.00170139
0.00125
0.0222569
0.0157986
0.0129514
0.00822917
0.00576389
0.00454861
0.00329861
0.0025
0.00288194
0.00246528
0.00184028
0.00190972
0.00184028
0.00152778
0.0167708
0.0146875
0.0134722
0.0137847
0.0125347
0.0132292
0.0125694
0.0121528
0.0125347
0.0135764
0.0128472
0.0151389
0.0154861
0.0140625
0.0138889
0.0123611
0.0120486
0.0114583
0.0129514
0.0129861
0.0138542
0.0139931
0.0126736
0.0133333
0.0135764
0.0146528
0.0126736
0.0121528
0.0115625
0.0120833
0.0119792
0.011875
0.00895833
0.00934028
0.00847222
0.00944444
0.00923611
0.00815972
0.0109722
0.0106944
0.0106597
0.0100694
0.00965278
0.00913194
0.00850694
0.00777778
0.00756944
0.0059375
0.00739583
0.00736111
0.0102778
0.00938657
0.00831019
0.00994213
0.010463
0.0105903
0.0112963
0.0106134
0.00958333
0.00746528
0.00694444
0.00572917
0.00479167
0.00347222
0.00298611
0.00767361
0.0126736
0.0188542
0.0275694
0.0375694
0.0404514
0.0476736
0.0551042
0.0571875
0.0644444
0.0690278
0.0665278
0.0632639
0.0578472
0.0539583
0.0508333
0.0462847
0.0402431
0.0510417
0.0753125
0.0883449
0.119711
0.150579
0.157072
0.169815
0.185579
0.193808
0.213345
0.244977
0.265602
0.316887
0.338449
0.356262
0.393148
0.454491
0.460486
0.472708
0.537674
0.550683
0.556007
0.621296
0.607917
0.584479
0.569965
0.558021
0.551887
0.572639
0.558461
0.536701
0.513299
0.473438
0.444086
0.422373
0.405972
0.407303
0.4025
0.396771
0.380718
0.376701
0.371875
0.369722
0.335231
0.306586
0.279144
0.250752
0.226238
0.18816
0.158206
0.153218
0.16625
0.193391
0.19765
0.216181
0.241736
0.243229
0.269549
0.293102
0.303993
0.320417
0.33941
0.344583
0.357951
0.370486
0.374144
0.386192
0.393403
0.400174
0.395301
0.401528
0.403403
0.398021
0.400775
0.396609
0.382303
0.395926
0.392176
0.404734
0.415139
0.399363
0.406863
0.389421
0.378762
0.374699
0.356296
0.348762
0.35022
0.339051
0.334387
0.332616
0.327199
0.30978
0.29537
0.278634
0.262164
0.247616
0.226968
0.209375
0.177396
0.149479
0.135359
0.114769
0.0977315
0.0974074
0.0954051
0.0927199
0.0809722
0.07375
0.0623032
0.0563542
0.0478472
0.0492824
0.0514352
0.0540741
0.056956
0.0581597
0.0599653
0.0617245
0.0609028
0.0611458
0.0604861
0.0613426
0.0628819
0.0605671
0.0607639
0.0625347
0.0644097
0.0687153
0.0898958
0.123542
0.145347
0.187569
0.237014
0.262847
0.315312
0.368403
0.390694
0.446701
0.502975
0.515556
0.560243
0.635729
0.631736
0.665104
0.702708
0.724306
0.753241
0.799363
0.796169
0.862211
0.92235
0.922234
0.976806
1.06022
1.05384
1.12103
1.17902
1.16688
1.22044
1.23089
1.19042
1.23341
1.21995
1.1824
1.20425
1.22728
1.2105
1.18632
1.14666
1.11493
1.12661
1.09272
1.08457
1.09373
1.1162
1.1156
1.11778
1.09051
1.06579
1.04007
0.998449
0.964873
0.922118
0.875208
0.842211
0.832569
0.789664
0.738484
0.686944
0.625741
0.574097
0.530891
0.475787
0.425185
0.401667
0.373588
0.340891
0.322222
0.295139
0.273576
0.235405
0.198472
0.175069
0.14919
0.120683
0.104271
0.0854051
0.0524769
0.036169
0.0153356
0.0101157
0.00768519
0.00936343
0.00873843
0.00915509
0.0150579
0.0794329
0.0692245
0.0546528
0.0362037
0.0256481
0.0135301
0.00710648
0.00266204
0.000960648
0.000474537
0.000439815
0.000162037
0.000162037
0.000162037
0.000162037
0.000162037
0.000162037
0.000162037
0.000162037
0.000162037
0.000162037
0.000162037
0.000162037
0.000162037
0.000162037
0.00818287
0.00582176
0.00366898
0.00238426
0.00193287
0.00141204
0.00106481
0.000891204
0.000648148
0.000543981
0.000162037
0.000162037
0.000162037
0.000613426
0.000578704
0.000474537
0.000162037
0.000162037
0.000162037
0.000162037
0.000162037
0.000162037
0.000162037
0.000162037
0.000162037
0.000821759
0.000162037
0.000162037
0.000162037
0.000162037
0.000162037
0.000162037
0.000162037
0.000162037
0.000162037
0
0.000520833
0.000381944
0.000381944
0
0
0
0
0
0
0
0
0.000439815
0.000972222
0.000856481
2.31481e-05
2.31481e-05
0.000902778
0.000856481
0.000810185
0.000486111
0.000104167
0.000856481
0.0003125
3.47222e-05
0.000277778
0.0033912
0.00204861
0.00177083
0.00166667
0.00231481
0.00204861
0.00105324
0.00111111
0.000474537
0.00107639
0.00025463
0.000231481
5.78704e-05
0.000115741
0.000752315
0.000486111
0.000219907
0
9.25926e-05
0.000393519
0.000115741
0.000729167
0
6.94444e-05
0
0.00100694
0
0
0
0
0
0
0
0
0
0
0.000162037
0.000162037
0.0115162
0.0254051
0.0562384
0.0870718
0.102315
0.132245
0.162419
0.176516
0.198426
0.23478
0.244294
0.290544
0.322454
0.328356
0.350683
0.361308
0.36228
0.381447
0.386516
0.375648
0.365914
0.361065
0.355023
0.345995
0.343426
0.332801
0.329444
0.325127
0.320289
0.325336
0.333322
0.327731
0.341169
0.361481
0.35728
0.393854
0.444653
0.470463
0.517442
0.582141
0.581632
0.622153
0.633032
0.627801
0.635613
0.713218
0.706968
0.712118
0.716169
0.688461
0.688264
0.689572
0.689375
0.687187
0.680544
0.648449
0.647928
0.633345
0.613148
0.611944
0.599618
0.557627
0.615972
0.600035
0.570752
0.558241
0.544005
0.52397
0.514525
0.491088
0.466944
0.445058
0.424861
0.406447
0.415787
0.416354
0.403681
0.399954
0.398079
0.369363
0.345
0.340972
0.332072
0.335255
0.332523
0.320347
0.323924
0.382986
0.370405
0.370822
0.365926
0.365509
0.376933
0.380231
0.38037
0.404815
0.420162
0.4236
0.453252
0.463113
0.458808
0.488403
0.50706
0.500706
0.519144
0.519363
0.510567
0.516551
0.530058
0.508194
0.509468
0.509236
0.539016
0.527407
0.517558
0.488461
0.492523
0.489363
0.471204
0.465891
0.470313
0.457697
0.453576
0.451412
0.43213
0.43794
0.425023
0.410613
0.418368
0.431817
0.43566
0.46875
0.481852
0.480359
0.499826
0.521921
0.510961
0.630868
0.610972
0.595336
0.585301
0.566354
0.534225
0.519144
0.513241
0.485058
0.488241
0.468947
0.443785
0.451713
0.434352
0.420741
0.408218
0.40684
0.370104
0.378576
0.388669
0.353889
0.365
0.360799
0.342951
0.369005
0.485648
0.457882
0.459063
0.456771
0.436597
0.441632
0.442662
0.41897
0.412106
0.397373
0.381053
0.406898
0.446875
0.454711
0.491713
0.537164
0.545891
0.578634
0.606551
0.622419
0.656204
0.695787
0.695289
0.72963
0.749329
0.889699
0.875648
0.879525
0.866331
0.885451
0.908623
0.895359
0.91559
0.920822
0.909514
0.925972
0.937836
0.920162
0.923218
0.925961
0.907095
0.920579
0.932627
0.91985
0.902465
0.891632
0.857523
0.853819
0.836007
0.808947
0.938021
0.88103
0.830845
0.804097
0.781586
0.749606
0.730266
0.733194
0.712222
0.716354
0.723588
0.709352
0.735752
0.750521
0.742859
0.763657
0.76897
0.767639
0.784919
0.819201
0.799653
0.814479
0.810694
0.797859
0.796516
0.946157
0.911262
0.902685
0.854167
0.816806
0.795428
0.761655
0.738032
0.741435
0.719699
0.68169
0.666123
0.639595
0.607465
0.583843
0.574502
0.551609
0.54603
0.550035
0.525278
0.519583
0.516875
0.476667
0.485602
0.464074
0.792303
0.729965
0.684514
0.632998
0.581181
0.555359
0.497975
0.48397
0.498102
0.463229
0.456424
0.442384
0.422257
0.41713
0.417002
0.396123
0.400336
0.403484
0.386609
0.39022
0.3914
0.367211
0.374155
0.361157
0.349317
0.587164
0.520556
0.460475
0.432234
0.389572
0.342593
0.304167
0.262685
0.234005
0.205313
0.192986
0.179271
0.175764
0.173681
0.159062
0.171424
0.169722
0.162708
0.1725
0.175208
0.171736
0.191597
0.208889
0.20191
0.213391
0.365058
0.318356
0.301447
0.303137
0.281123
0.284757
0.289514
0.278333
0.287326
0.296516
0.296088
0.311389
0.329514
0.319097
0.323819
0.325208
0.31103
0.356007
0.366389
0.350868
0.363785
0.361412
0.341944
0.343808
0.347118
0.557882
0.50522
0.45794
0.406065
0.379433
0.349572
0.310336
0.308414
0.302743
0.269861
0.259444
0.257477
0.250706
0.258345
0.261539
0.255035
0.268727
0.276389
0.264317
0.267604
0.284259
0.272755
0.278333
0.282743
0.278264
0.431956
0.398657
0.365046
0.357662
0.355069
0.333056
0.322361
0.315
0.298958
0.292002
0.286296
0.283993
0.276655
0.27228
0.24963
0.246192
0.247951
0.233692
0.221204
0.225579
0.211655
0.214711
0.200498
0.187141
0.179502
0.4525
0.382975
0.33897
0.300035
0.250035
0.240822
0.213808
0.195868
0.18206
0.172488
0.163044
0.159352
0.154907
0.150671
0.147361
0.143565
0.137326
0.143345
0.143981
0.14022
0.142616
0.143067
0.137141
0.13515
0.1314
0.282928
0.236609
0.215046
0.175683
0.160729
0.141493
0.122627
0.111898
0.106898
0.094537
0.0941204
0.0991319
0.0879398
0.090787
0.0905903
0.0865741
0.0810995
0.0832292
0.0772222
0.0913194
0.0945602
0.0889931
0.093669
0.0912963
0.0914236
0.164225
0.143461
0.119803
0.113773
0.108854
0.104005
0.100613
0.100324
0.0912731
0.0899074
0.0778241
0.0638773
0.0603125
0.0531134
0.0531019
0.0502431
0.0497222
0.0461343
0.0445718
0.0409028
0.0329861
0.0311806
0.0270486
0.0249306
0.0224306
0.241806
0.192338
0.15375
0.121713
0.0980903
0.0721759
0.0517708
0.0341898
0.0233912
0.0191319
0.0153125
0.0118519
0.00914352
0.00869213
0.00980324
0.00947917
0.00895833
0.00914352
