0.0510417
0.0521759
0.0573611
0.0699769
0.08375
0.0883681
0.10059
0.112211
0.11669
0.124537
0.133218
0.136586
0.138218
0.14162
0.14419
0.146829
0.148565
0.149641
0.150613
0.164606
0.162419
0.163519
0.16228
0.162975
0.161898
0.164155
0.165382
0.168229
0.172014
0.172361
0.173681
0.175833
0.175313
0.17441
0.173715
0.174583
0.174132
0.174271
0.175035
0.175486
0.175382
0.175278
0.174479
0.174306
0.17375
0.171076
0.170174
0.169618
0.168646
0.168437
0.169063
0.167465
0.16941
0.17125
0.174618
0.177465
0.178611
0.183299
0.185451
0.186458
0.18809
0.190382
0.190822
0.191586
0.188565
0.18787
0.186169
0.184606
0.18294
0.183762
0.180648
0.179016
0.177801
0.176065
0.174711
0.173704
0.172836
0.172245
0.171863
0.171655
0.173773
0.175787
0.178368
0.178785
0.184931
0.19184
0.193542
0.204896
0.216979
0.221771
0.233958
0.243993
0.245961
0.254919
0.272743
0.272002
0.274988
0.279421
0.280729
0.283958
0.28662
0.288507
0.291458
0.292708
0.293472
0.288194
0.285104
0.282419
0.275995
0.27331
0.271204
0.265856
0.262778
0.261771
0.259711
0.259502
0.257523
0.254051
0.249977
0.249572
0.250475
0.247454
0.245984
0.245567
0.24456
0.241991
0.241262
0.241331
0.241262
0.241192
0.244525
0.244039
0.245104
0.245764
0.245938
0.244688
0.245556
0.245694
0.244201
0.243623
0.243472
0.2425
0.241181
0.237917
0.24081
0.237639
0.23728
0.235521
0.233507
0.231736
0.229479
0.227396
0.22625
0.226146
0.224167
0.221597
0.219236
0.215891
0.213218
0.212708
0.211319
0.209896
0.209271
0.207257
0.20566
0.204618
0.203819
0.201181
0.199306
0.201701
0.199097
0.196875
0.193958
0.193542
0.190417
0.189549
0.188194
0.187361
0.186042
0.18566
0.184618
0.184097
0.18375
0.181875
0.18066
0.179236
0.177951
0.17559
0.174861
0.174063
0.171632
0.170625
0.169826
0.168437
0.177326
0.174861
0.173715
0.171528
0.170405
0.169167
0.168507
0.167674
0.166146
0.165694
0.165035
0.164861
0.163021
0.161968
0.161759
0.161725
0.162905
0.163183
0.162419
0.161759
0.161343
0.1611
0.160822
0.161412
0.161377
0.161076
0.160764
0.161134
0.160289
0.159884
0.159907
0.160116
0.160567
0.160532
0.160359
0.16022
0.160463
0.161366
0.161748
0.161574
0.162234
0.161829
0.161898
0.160995
0.160231
0.15919
0.158183
0.158287
0.158391
0.159259
0.157396
0.157951
0.158403
0.158924
0.158542
0.158542
0.158194
0.157882
0.157674
0.157917
0.157708
0.158438
0.158299
0.158715
0.158565
0.158669
0.15912
0.158669
0.159398
0.159201
0.158958
0.15875
0.158854
0.159132
0.158808
0.157812
0.157951
0.157569
0.157639
0.157812
0.15816
0.158299
0.157882
0.159861
0.160799
0.163125
0.166076
0.167431
0.169201
0.171181
0.172604
0.176042
0.178889
0.179063
0.179167
0.178264
0.178646
0.178299
0.1775
0.177153
0.174942
0.173229
0.172338
0.171296
0.169421
0.16963
0.167407
0.165637
0.164699
0.163137
0.161644
0.161609
0.161817
0.161921
0.16213
0.162685
0.163102
0.163137
0.162789
0.162951
0.162674
0.162743
0.161736
0.160729
0.159514
0.155208
0.155382
0.154757
0.154688
0.153993
0.154236
0.154965
0.154444
0.154965
0.155139
0.155104
0.155764
0.155174
0.155
0.155417
0.155856
0.155718
0.155683
0.155475
0.156377
0.156898
0.157836
0.157975
0.158704
0.15919
0.158009
0.158738
0.159826
0.160382
0.159583
0.15941
0.158623
0.157407
0.157141
0.156586
0.157211
0.157396
0.1575
0.15809
0.158368
0.157917
0.158264
0.158519
0.158762
0.159167
0.159201
0.159028
0.159062
0.158981
0.158808
0.162523
0.16228
0.162488
0.162951
0.162986
0.162627
0.162975
0.162604
0.16287
0.162593
0.162106
0.161933
0.162002
0.161898
0.162211
0.16287
0.164988
0.16566
0.165868
0.166319
0.167083
0.167951
0.169271
0.170521
0.170243
0.170567
0.170671
0.171748
0.172431
0.173067
0.172975
0.174317
0.174653
0.17544
0.176829
0.178565
0.182002
0.185752
0.187419
0.193252
0.198507
0.202569
0.208472
0.214421
0.217199
0.222882
0.228993
0.230937
0.23515
0.239109
0.235891
0.23985
0.245822
0.248044
0.253414
0.261088
0.263727
0.270567
0.274248
0.275602
0.281019
0.285185
0.286019
0.291285
0.296331
0.299525
0.303831
0.305914
0.307407
0.30934
0.313021
0.314097
0.320799
0.325139
0.326562
0.354826
0.35375
0.352917
0.358333
0.360174
0.359514
0.363993
0.363889
0.364201
0.363889
0.366632
0.366979
0.369688
0.372604
0.373958
0.37684
0.382049
0.381111
0.38441
0.38625
0.386597
0.387778
0.387465
0.387604
0.390799
0.407083
0.404549
0.40316
0.401736
0.400799
0.401898
0.401667
0.398681
0.39934
0.399028
0.397616
0.397257
0.396806
0.395313
0.396771
0.397361
0.397257
0.396562
0.399028
0.397847
0.395764
0.39478
0.394086
0.393738
0.392488
0.399444
0.395625
0.395313
0.393854
0.393032
0.392951
0.391215
0.393368
0.394653
0.396701
0.401354
0.4061
0.407558
0.414317
0.4161
0.416273
0.419826
0.423403
0.424653
0.427569
0.427604
0.425938
0.428056
0.430556
0.431319
0.448229
0.448958
0.447118
0.447639
0.449167
0.449549
0.449167
0.451319
0.449896
0.450521
0.44934
0.447257
0.447465
0.448889
0.446493
0.44816
0.447743
0.445035
0.444861
0.442708
0.441458
0.440451
0.441632
0.440347
0.438889
0.456493
0.448403
0.447083
0.447951
0.447986
0.447535
0.448472
0.444271
0.439549
0.43809
0.434583
0.434444
0.431944
0.42875
0.42684
0.423542
0.422812
0.422361
0.421424
0.419375
0.419861
0.419097
0.415243
0.419549
0.415729
0.424896
0.422037
0.420706
0.416192
0.416713
0.420463
0.419213
0.418866
0.418484
0.417512
0.417373
0.4189
0.41625
0.41772
0.419479
0.42022
0.421748
0.423993
0.426007
0.427002
0.428738
0.429259
0.429468
0.432176
0.433252
0.437326
0.441285
0.442569
0.446806
0.449757
0.451771
0.453981
0.456655
0.45669
0.458148
0.460058
0.462187
0.465336
0.46919
0.472558
0.475336
0.479398
0.481134
0.484294
0.488113
0.489653
0.49191
0.494444
0.49566
0.496458
0.508646
0.509028
0.510139
0.512326
0.513264
0.515104
0.516806
0.517465
0.519618
0.521424
0.523194
0.525104
0.527535
0.529167
0.530069
0.532257
0.532604
0.53191
0.533958
0.53441
0.53441
0.533611
0.53309
0.532708
0.533368
0.531354
0.532569
0.532257
0.532674
0.533229
0.534687
0.535174
0.536563
0.538993
0.539306
0.54066
0.542361
0.541562
0.542188
0.543565
0.544537
0.544931
0.546111
0.545579
0.545961
0.546169
0.545579
0.545336
0.54691
0.547083
0.540324
0.540845
0.541192
0.54169
0.541493
0.541736
0.541424
0.541493
0.542535
0.541701
0.543681
0.544132
0.544479
0.544757
0.544965
0.544479
0.545069
0.545312
0.544722
0.545382
0.545312
0.545451
0.546424
0.546285
0.547535
0.54559
0.54691
0.547882
0.547535
0.547188
0.548368
0.547569
0.547083
0.548472
0.547639
0.547847
0.548542
0.548785
0.548507
0.548264
0.548993
0.549514
0.550243
0.551076
0.551181
0.551215
0.551771
0.551389
0.552014
0.55191
0.546875
0.547222
0.54691
0.547326
0.547153
0.547708
0.547917
0.547431
0.546319
0.545625
0.547326
0.547986
0.548194
0.548021
0.546458
0.546736
0.545451
0.544549
0.545139
0.544618
0.544722
0.544618
0.544873
0.544653
0.544965
0.538738
0.539745
0.539815
0.54037
0.540509
0.540405
0.540093
0.539745
0.540093
0.540266
0.540683
0.539988
0.540197
0.540231
0.541065
0.540856
0.540197
0.539155
0.539259
0.538669
0.538565
0.538704
0.539433
0.538669
0.538947
0.532905
0.533634
0.534086
0.53419
0.534502
0.534988
0.535544
0.535405
0.53485
0.535752
0.535926
0.536551
0.538021
0.538565
0.539722
0.539398
0.538449
0.537627
0.536968
0.537384
0.53794
0.539606
0.541933
0.542523
0.543391
0.539398
0.541898
0.543079
0.544051
0.546238
0.548252
0.548148
0.550231
0.55162
0.55287
0.554225
0.55478
0.555961
0.557315
0.559468
0.560185
0.561898
0.564306
0.565336
0.567674
0.569097
0.570995
0.57294
0.573773
0.574468
0.583438
0.58397
0.583137
0.583935
0.583993
0.584688
0.584803
0.585984
0.586887
0.587778
0.588229
0.58875
0.58941
0.588854
0.588299
0.588056
0.587326
0.587222
0.5875
0.587373
0.587234
0.586817
0.587361
0.587187
0.587083
0.581134
0.582951
0.583183
0.583692
0.583889
0.584282
0.58397
0.583981
0.583611
0.583299
0.584861
0.585451
0.584537
0.584919
0.58485
0.584745
0.584954
0.585266
0.585197
0.585197
0.585995
0.58478
0.584641
0.58441
0.583646
0.580081
0.58213
0.583241
0.583623
0.583727
0.583866
0.582928
0.583484
0.583762
0.583935
0.577014
0.577766
0.578079
0.578553
0.579387
0.579456
0.579421
0.579074
0.579907
0.580324
0.579699
0.579931
0.580417
0.580868
0.581007
0.581181
0.581979
0.582674
0.583264
0.583194
0.583542
0.584236
0.583924
0.584271
0.583924
0.577847
0.577697
0.579653
0.580602
0.581586
0.581308
0.581562
0.581076
0.580775
0.579803
0.580324
0.579074
0.578519
0.57838
0.57684
0.577153
0.576863
0.576979
0.576794
0.576968
0.577106
0.576829
0.57669
0.577199
0.578032
0.578356
0.578773
0.579248
0.579838
0.579907
0.580914
0.581262
0.582199
0.583032
0.583113
0.585231
0.586458
0.586771
0.586111
0.585347
0.585243
0.585069
0.584861
0.585289
0.585417
0.585625
0.585428
0.585532
0.585567
0.585116
0.582326
0.582373
0.582407
0.581991
0.58191
0.582153
0.582569
0.583438
0.583924
0.583056
0.582743
0.582222
0.582917
0.583588
0.583623
0.584039
0.584178
0.584213
0.584977
0.585532
0.585706
0.586435
0.586505
0.586528
0.586817
0.57985
0.579792
0.581192
0.58169
0.581806
0.582049
0.582431
0.581424
0.580833
0.581632
0.581146
0.582222
0.581771
0.581736
0.582083
0.582187
0.582049
0.582535
0.582153
0.582049
0.583229
0.582778
0.5836
0.584225
0.584155
0.580243
0.580336
0.580903
0.58125
0.58191
0.581481
0.576493
0.577037
0.577951
0.577535
0.578322
0.579398
0.57897
0.578565
0.579016
0.578854
0.579271
0.578542
0.577778
0.578194
0.577986
0.578264
0.577847
0.578299
0.577847
0.577951
0.57809
0.577847
0.577847
0.577569
0.577361
0.5711
0.572303
0.57287
0.573704
0.573206
0.572859
0.573796
0.57309
0.573715
0.573808
0.573403
0.574167
0.574826
0.574861
0.575208
0.575382
0.575729
0.575486
0.576424
0.575937
0.575903
0.575046
0.575706
0.575671
0.575255
0.573785
0.573692
0.573102
0.573032
0.57463
0.574039
0.573588
0.573333
0.572639
0.573715
0.572812
0.573866
0.572731
0.573634
0.573843
0.573287
0.5736
0.573113
0.573287
0.572766
0.573183
0.573079
0.573044
0.57294
0.573252
0.569769
0.57088
0.570914
0.57088
0.570671
0.571609
0.572303
0.572616
0.5739
0.574664
0.574815
0.574641
0.574641
0.574676
0.574178
0.573866
0.573553
0.573692
0.574525
0.574317
0.574456
0.574965
0.574699
0.575764
0.575625
0.568796
0.5689
0.569491
0.569873
0.570498
0.570324
0.570255
0.570289
0.569005
0.569109
0.568519
0.56897
0.56838
0.569178
0.570081
0.570914
0.571262
0.571713
0.573194
0.573681
0.572674
0.572951
0.573403
0.572847
0.572674
0.573877
0.575521
0.574931
0.575208
0.574028
0.574792
0.574734
0.575521
0.576007
0.576181
0.576111
0.575775
0.575289
0.575671
0.575741
0.574838
0.574873
0.574537
0.573519
0.573287
0.572755
0.573762
0.573843
0.574109
0.574387
0.571157
0.570914
0.57066
0.569792
0.569086
0.568438
0.568912
0.569132
0.568576
0.568623
0.569525
0.56963
0.569201
0.570012
0.57022
0.570683
0.570081
0.569942
0.568912
0.56963
0.570972
0.571215
0.571088
0.570949
0.571227
0.570706
0.571539
0.574352
0.574329
0.574074
0.574248
0.574537
0.575544
0.574363
0.574734
0.574907
0.575787
0.576238
0.576447
0.575394
0.579664
0.576412
0.576412
0.576377
0.576817
0.577234
0.576481
0.576887
0.576725
0.57662
0.572002
0.572801
0.57265
0.573032
0.573449
0.57331
0.573356
0.573588
0.574178
0.573796
0.573553
0.573808
0.573773
0.573866
0.57434
0.574028
0.574907
0.57463
0.575741
0.575602
0.576192
0.575567
0.57588
0.57772
0.577164
0.574097
0.575729
0.575417
0.576007
0.576123
0.577315
0.577106
0.577766
0.578218
0.577558
0.578426
0.578345
0.577697
0.577407
0.576933
0.576377
0.575752
0.575509
0.575093
0.575891
0.575961
0.575961
0.576134
0.575787
0.576065
0.574803
0.576644
0.575984
0.575914
0.574965
0.575463
0.576192
0.576019
0.576331
0.576817
0.577477
0.577824
0.577442
0.578692
0.579954
0.581157
0.581574
0.58213
0.582199
0.582789
0.581898
0.58235
0.581343
0.581551
0.581516
0.579317
0.580903
0.581319
0.581458
0.582882
0.583831
0.584352
0.583935
0.584664
0.584491
0.5839
0.585255
0.585463
0.585602
0.586192
0.585671
0.588877
0.584769
0.584734
0.584421
0.587778
0.586875
0.58662
0.586655
0.582928
0.577465
0.575521
0.574479
0.573785
0.573715
0.573611
0.573056
0.573611
0.573183
0.572396
0.573426
0.573252
0.5736
0.577222
0.573704
0.574294
0.573889
0.57375
0.572847
0.573819
0.573472
0.574132
0.573507
0.573125
0.573368
0.572257
0.573819
0.574688
0.574549
0.575382
0.577118
0.577465
0.577847
0.578333
0.578993
0.579722
0.58059
0.581308
0.580475
0.58559
0.582731
0.583947
0.58412
0.584155
0.585706
0.586123
0.587315
0.587396
0.587755
0.588449
0.581644
0.583287
0.585208
0.584861
0.584086
0.583206
0.582836
0.582731
0.583056
0.582847
0.582558
0.583681
0.583565
0.583241
0.584039
0.584479
0.583646
0.583657
0.582743
0.582812
0.585313
0.581296
0.579826
0.578924
0.579063
0.570104
0.571088
0.57088
0.570289
0.573206
0.569109
0.567627
0.57044
0.566898
0.56662
0.570625
0.566215
0.564803
0.564664
0.564109
0.564549
0.56441
0.564074
0.564861
0.564896
0.564769
0.564884
0.565949
0.565891
0.565359
0.565359
0.565556
0.565903
0.570081
0.567697
0.568831
0.568877
0.569456
0.569132
0.569676
0.569792
0.570729
0.572512
0.572928
0.575787
0.576875
0.577431
0.580775
0.58515
0.584213
0.587639
0.589213
0.594942
0.595058
0.597454
0.596551
0.606806
0.604792
0.605775
0.6086
0.610104
0.610359
0.614086
0.615023
0.61353
0.617199
0.62206
0.622176
0.625914
0.626748
0.62809
0.632998
0.635995
0.638542
0.639919
0.643183
0.643507
0.645174
0.647338
0.64603
0.636563
0.638252
0.639896
0.641354
0.641192
0.64206
0.641678
0.640197
0.640799
0.63544
0.633461
0.635139
0.633437
0.635579
0.631377
0.632373
0.628565
0.627419
0.624352
0.62603
0.619421
0.617477
0.614479
0.618935
0.62037
0.616262
0.615058
0.619537
0.615926
0.617222
0.614213
0.62022
0.619005
0.616563
0.613843
0.616817
0.616528
0.614676
0.612176
0.611748
0.613137
0.613993
0.620231
0.621991
0.626655
0.625799
0.632894
0.628437
0.630637
0.631493
0.633148
0.639479
0.64912
0.645035
0.654664
0.663484
0.664178
0.669757
0.676725
0.677928
0.687338
0.700313
0.700556
0.70684
0.707512
0.704896
0.706817
0.711771
0.714167
0.718229
0.728507
0.727581
0.735347
0.740544
0.738449
0.745058
0.739225
0.731366
0.720243
0.717627
0.71184
0.724236
0.734468
0.736319
0.743044
0.74037
0.739178
0.742384
0.737894
0.744236
0.748102
0.756053
0.755671
0.766493
0.770556
0.769213
0.773831
0.772535
0.767257
0.775532
0.782002
0.779109
0.783171
0.788345
0.787315
0.783657
0.784248
0.782373
0.788831
0.793171
0.795984
0.805845
0.804572
0.802373
0.803738
0.801921
0.801389
0.799919
0.803044
0.801007
0.800972
0.800787
0.795023
0.792697
0.790197
0.786829
0.784398
0.779884
0.777002
0.77897
0.77735
0.775463
0.77397
0.779074
0.774711
0.773981
0.767002
0.762245
0.7614
0.766736
0.766956
0.776296
0.7875
0.790625
0.801481
0.807269
0.807164
0.810359
0.807778
0.807604
0.809086
0.801053
0.799711
0.802141
0.798137
0.792164
0.79235
0.795729
0.791227
0.7925
0.789144
0.786667
0.786968
0.780266
0.774502
0.764884
0.767373
0.769178
0.773079
0.77228
0.769537
0.769248
0.768322
0.76853
0.767986
0.769525
0.761887
0.75625
0.75397
0.746042
0.742454
0.731331
0.725984
0.71434
0.710856
0.705336
0.697662
0.683449
0.675949
0.673912
0.675637
0.6736
0.66735
0.65662
0.655683
0.656713
0.655822
0.652396
0.648032
0.647002
0.645602
0.655463
0.656354
0.652882
0.656632
0.663229
0.661586
0.665706
0.668669
0.672164
0.670069
0.664757
0.657593
0.657292
0.646644
0.647361
0.653958
0.655486
0.655891
0.665995
0.679954
0.674792
0.674375
0.669549
0.665741
0.670486
0.674167
0.673044
0.676227
0.680023
0.674236
0.675081
0.672697
0.673993
0.677894
0.692072
0.691227
0.703461
0.711528
0.709306
0.7161
0.723368
0.721204
0.721759
0.717361
0.714502
0.711551
0.712801
0.712604
0.713299
0.70794
0.71015
0.710116
0.705382
0.70022
0.697292
0.70184
0.704525
0.708947
0.709444
0.706181
0.695579
0.682014
0.678206
0.665127
0.660521
0.662199
0.6636
0.661076
0.662465
0.658657
0.655694
0.655
0.664144
0.662535
0.674444
0.6725
0.687014
0.681609
0.679815
0.714931
0.705498
0.705613
0.73647
0.730451
0.729028
0.724792
0.7686
0.770498
0.77265
0.770382
0.775799
0.792847
0.785613
0.782639
0.786424
0.780914
0.783449
0.778681
0.775382
0.775694
0.77662
0.772025
0.769097
0.763252
0.757465
0.752014
0.750741
0.744583
0.746343
0.748368
0.740359
0.736285
0.738461
0.732616
0.72162
0.71375
0.704375
0.711505
0.711412
0.702488
0.704144
0.701481
0.695266
0.694884
0.692431
0.684294
0.682442
0.683692
0.678565
0.676991
0.666991
0.660405
0.6539
0.646285
0.639421
0.639942
0.636806
0.626343
0.630683
0.627384
0.623819
0.617465
0.615208
0.603519
0.596238
0.602928
0.603762
0.612269
0.613067
0.611146
0.603287
0.602396
0.597187
0.595613
0.595116
0.589352
0.58566
0.577118
0.570266
0.568669
0.563993
0.556528
0.552465
0.547593
0.539919
0.54015
0.540567
0.533519
0.536019
0.53125
0.524792
0.517731
0.516412
0.511563
0.520359
0.513472
0.503183
0.501458
0.491331
0.48169
0.469572
0.463958
0.456169
0.460602
0.45963
0.453704
0.443924
0.436516
0.426875
0.416412
0.410336
0.405301
0.396042
0.389271
0.386933
0.387396
0.389421
0.386481
0.389271
0.391933
0.382373
0.381238
0.376736
0.369444
0.373495
0.366146
0.367465
0.363542
0.366933
0.365579
0.367373
0.368356
0.365359
0.361065
0.361319
0.361898
0.375799
0.377407
0.38081
0.39316
0.41103
0.416505
0.429271
0.444653
0.463252
0.466782
0.478692
0.477141
0.48897
0.501343
0.498275
0.507951
0.518611
0.517025
0.513796
0.511435
0.510035
0.512894
0.513681
0.509468
0.516019
0.531308
0.53728
0.540382
0.543727
0.538738
0.533912
0.522106
0.520266
0.511528
0.500486
0.497164
0.490486
0.488426
0.480127
0.470185
0.463704
0.458194
0.448194
0.443819
0.438773
0.432477
0.426065
0.407396
0.395845
0.388762
0.380764
0.376308
0.37103
0.36441
0.360278
0.345706
0.339502
0.329456
0.3186
0.315498
0.310972
0.304826
0.300579
0.297176
0.298044
0.293287
0.294178
0.288079
0.286319
0.282824
0.278021
0.270069
0.258889
0.249988
0.240069
0.235185
0.229236
0.217616
0.20919
0.201713
0.194734
0.188148
0.181412
0.18088
0.173021
0.162303
0.158368
0.150544
0.14162
0.137639
0.132188
0.125706
0.121366
0.115833
0.112361
0.108912
0.106343
0.106458
0.104884
0.104468
0.100995
0.0970833
0.0965509
0.093206
0.0918171
0.089838
0.0876505
0.0864931
0.104583
0.0989931
0.0944213
0.0942824
0.0924074
0.0913657
0.0892477
0.0867824
0.0838079
0.0832407
0.0820949
0.0790394
0.0769097
0.0760185
0.0733449
0.0744444
0.0872569
0.0938542
0.107755
0.123935
0.132234
0.150637
0.170012
0.18059
0.199167
0.231701
0.23941
0.2625
0.283611
0.291285
0.314028
0.338715
0.345694
0.366632
0.386493
0.394097
0.403958
0.419097
0.423229
0.443507
0.452639
0.452118
0.451875
0.446632
0.444514
0.438785
0.426007
0.421493
0.411366
0.404132
0.39625
0.380116
0.358576
0.353299
0.342813
0.33
0.321354
0.31125
0.295289
0.290174
0.292986
0.281736
0.276076
0.262535
0.252326
0.247488
0.237639
0.227813
0.222639
0.211134
0.203715
0.199699
0.19125
0.184618
0.176701
0.172049
0.162257
0.156875
0.148299
0.138414
0.13309
0.125556
0.117535
0.110197
0.100671
0.0923843
0.0860069
0.0762153
0.0667708
0.0602778
0.0528009
0.0437269
0.0395139
0.0395486
0.0378704
0.0370139
0.0360417
0.0356944
0.0346991
0.0331944
0.0371875
0.0344792
0.0332639
0.0313194
0.0296528
0.0292361
0.0274306
0.0272569
0.0265625
0.0262847
0.0267361
0.0265972
0.0271181
0.0282986
0.0334375
0.0383102
0.0413194
0.0485417
0.0555787
0.060625
0.0715278
0.0800694
0.0836111
0.0914815
0.103264
0.112465
0.120451
0.128021
0.131354
0.142187
0.149387
0.154375
0.164861
0.172639
0.176042
0.183715
0.189618
0.195347
0.201979
0.217049
0.221632
0.233299
0.246875
0.24691
0.254861
0.26191
0.255278
0.258125
0.260347
0.265833
0.268715
0.274514
0.269792
0.275208
0.271667
0.266979
0.269375
0.272176
0.270278
0.27147
0.272257
0.268738
0.272083
0.276285
0.274097
0.277361
0.267384
0.270139
0.265069
0.268218
0.267882
0.270139
0.27434
0.270741
0.271748
0.270463
0.269861
0.269062
0.268993
0.264375
0.259942
0.260012
0.2575
0.24934
0.241424
0.233738
0.223044
0.21522
0.209248
0.198565
0.184549
0.17941
0.173333
0.163692
0.153958
0.146042
0.135093
0.130069
0.119653
0.110764
0.107847
0.0975347
0.0880903
0.0833333
0.0733449
0.0652315
0.0622222
0.0547222
0.0482292
0.0429167
0.0353819
0.0315972
0.0306597
0.0273611
0.0228125
0.0208681
0.0176389
0.0142708
0.0129977
0.0107639
0.00805556
0.00701389
0.00519676
0.0028125
0.00204861
0.00496528
0.00413194
0.00420139
0.00416667
0.00392361
0.00402778
0.00357639
0.00361111
0.00288194
0.00284722
0.00270833
0.00222222
0.00225694
0.00208333
0.00284722
0.00239583
0.0021875
0.001875
0.00215278
0.00319444
0.00329861
0.00260417
0.00215278
0.00170139
0.00211806
0.00222222
0.00173611
0.00260417
0.00232639
0.00229167
0.00177083
0.00149306
0.00144676
0.0015625
0.00170139
0.00142361
0.00170139
0.00152778
0.00159722
0.00197917
0.00197917
0.00274306
0.0025
0.00369213
0.00350694
0.0034375
0.003125
0.00336806
0.00305556
0.00376157
0.00390046
0.00408565
0.0044213
0.00428241
0.00440972
0.00621528
0.00614583
0.0130556
0.0206597
0.02375
0.0299306
0.0365972
0.0396528
0.0463194
0.0489236
0.049375
0.0566667
0.0598264
0.0604745
0.0610417
0.0635417
0.0634722
0.0677083
0.066875
0.0687847
0.0687153
0.0680903
0.0671181
0.0696181
0.0715972
0.0763542
0.0755208
0.075625
0.0759028
0.0772222
0.0747917
0.0746181
0.0795139
0.0775347
0.0807639
0.0827431
0.0872569
0.0863426
0.0921528
0.0991319
0.101076
0.0964931
0.0895833
0.0895833
0.0850926
0.0774769
0.0748958
0.0726389
0.069537
0.0692708
0.070463
0.0673032
0.0662384
0.0611111
0.0598264
0.0566319
0.0530556
0.0526042
0.0495833
0.0462847
0.0415509
0.0412731
0.0405671
0.0372917
0.0372106
0.036713
0.0356597
0.0334954
0.0334259
0.031956
0.0303819
0.0293403
0.0275579
0.0265972
0.0265625
0.0251736
0.0234375
0.0211806
0.0197685
0.0176389
0.0159028
0.0139583
0.0122917
0.0105208
0.0102431
0.0102546
0.0108681
0.0101273
0.0102199
0.00986111
0.00954861
0.009375
0.00986111
0.0103125
0.00979167
0.0107986
0.0113542
0.0122917
0.0139583
0.0155556
0.0167708
0.0186458
0.0183681
0.02
0.0193403
0.0183681
0.0178472
0.0163542
0.0160764
0.0147569
0.0162847
0.0169444
0.0177431
0.0175579
0.0161111
0.0151736
0.0136806
0.0115278
0.0123264
0.0210764
0.0302431
0.0363889
0.046875
0.0579861
0.0620486
0.06625
0.0727778
0.0740278
0.0775347
0.078125
0.0780556
0.0797569
0.0789931
0.0756597
0.0757292
0.0745486
0.0726042
0.0705208
0.0719444
0.0710764
0.0719097
0.075625
0.0761458
0.0777431
0.0782986
0.0769444
0.0734028
0.0684259
0.0634606
0.0630903
0.0554167
0.0552662
0.0497222
0.0414699
0.0384722
0.0313194
0.0246528
0.0221875
0.0154514
0.0108333
0.00822917
0.00392361
0.000416667
0.00107639
0.0028125
0.00486111
0.00586806
0.00979167
0.0188889
0.0235417
0.0319444
0.0373264
0.0386806
0.0400347
0.0402431
0.0409375
0.0418056
0.0422222
0.0427778
0.045
0.0467361
0.0476042
0.0499306
0.0504167
0.0509375
0.0520486
0.0548264
0.0544097
0.0553472
0.0575347
0.0579514
0.0600347
0.0604861
0.0619097
0.0619097
0.0589236
0.0571181
0.0531944
0.0469097
0.0444097
0.0396528
0.0352431
0.0324306
0.0290625
0.0246412
0.0226736
0.0180903
0.0140278
0.0122222
0.0087963
0.00604167
0.00622685
0.008125
0.0113542
0.0115972
0.0122917
0.013125
0.0141319
0.0145486
0.0154861
0.0153819
0.0161806
0.0169444
0.0170486
0.0173611
0.0180208
0.0184722
0.0187847
0.0193403
0.0192708
0.0201389
0.0210069
0.0212847
0.0215972
0.0226042
0.0223264
0.0232639
0.0234375
0.0241667
0.0246412
0.0236111
0.023125
0.0213542
0.0239931
0.0266667
0.0311111
0.0365625
0.0407986
0.0499653
0.0556597
0.0574653
0.0575694
0.0586458
0.0585648
0.0613194
0.0620486
0.0621181
0.0639931
0.0674306
0.0698264
0.0706597
0.0722222
0.0721181
0.0740278
0.0771875
0.0765278
0.0776042
0.0787153
0.0787847
0.0807292
0.0813194
0.0796875
0.0826389
0.0841319
0.085
0.0832986
0.0844444
0.0838889
0.0872917
0.0901389
0.089294
0.0869792
0.0840509
0.0819097
0.0790856
0.0750347
0.0734028
0.0665394
0.0602315
0.0562037
0.0495139
0.0426389
0.0407292
0.033287
0.0267708
0.0251389
0.0189468
0.0145139
0.0106481
0.00658565
0.00511574
0.00424769
0.00292824
0.00149306
0.00146991
0.00142361
0.00145833
0.00149306
0.00152778
0.00163194
0.00163194
0.00166667
0.00159722
0.00157407
0.0015625
0.0015625
0.00152778
0.00149306
0.00152778
0.00152778
0.00145833
0.00149306
0.00145833
0.00145833
0.00159722
0.00159722
0.00166667
0.00166667
0.00166667
0.00170139
0.00166667
0.00163194
0.00163194
0.00149306
0.00152778
0.0015625
0.00152778
0.00152778
0.00159722
0.00163194
0.00163194
0.00170139
0.00190972
0.00190972
0.00195602
0.00197917
0.00194444
0.00173611
0.00177083
0.00180556
0.00177083
0.00173611
0.00177083
0.00170139
0.00173611
0.00175926
0.00179398
0.00173611
0.00163194
0.00184028
0.00725694
0.0107292
0.0173264
0.0244097
0.0275694
0.0330208
0.0359722
0.0366667
0.0390625
0.0417708
0.0429861
0.0452083
0.05
0.0530208
0.0627778
0.0748264
0.0804282
0.0899537
0.101412
0.107002
0.120868
0.130289
0.136238
0.149444
0.15809
0.163646
0.174757
0.178102
0.18044
0.18419
0.187639
0.189306
0.193611
0.196933
0.195729
0.200995
0.195544
0.192373
0.187164
0.188889
0.186181
0.178299
0.174306
0.173924
0.176875
0.178449
0.17919
0.178889
0.1811
0.185243
0.179838
0.182431
0.180289
0.175417
0.166331
0.156875
0.157546
0.156204
0.158264
0.156238
0.147257
0.144965
0.141736
0.135833
0.135313
0.128542
0.119063
0.115937
0.112431
0.105799
0.1025
0.0957292
0.0917014
0.0863079
0.0802778
0.0735532
0.070081
0.0665278
0.0626505
0.060463
0.0603472
0.0607986
0.0604861
0.0612847
0.0614236
0.0603819
0.0596181
0.0597917
0.0604514
0.0615625
0.0632292
0.0630208
0.0631597
0.0635069
0.0611111
0.0620833
0.0617708
0.0630208
0.0637847
0.0646181
0.0645833
0.0670139
0.0671528
0.0699653
0.0745833
0.0801042
0.0807523
0.0850347
0.0911111
0.0914931
0.0958218
0.10037
0.101111
0.103877
0.105382
0.105174
0.107813
0.108194
0.108333
0.110069
0.110764
0.110729
0.112396
0.115764
0.116667
0.119306
0.120938
0.120764
0.120475
0.122569
0.121736
0.124653
0.123958
0.125579
0.127014
0.127743
0.126979
0.128183
0.128576
0.129097
0.129456
0.131389
0.131875
0.131042
0.132431
0.13169
0.134549
0.135787
0.134167
0.136528
0.137801
0.138634
0.140035
0.140625
0.140486
0.143021
0.144028
0.145035
0.144549
0.142917
0.144271
0.143993
0.14375
0.143426
0.145313
0.144699
0.144063
0.145313
0.144583
0.144097
0.145648
0.143519
0.144097
0.144132
0.144653
0.144201
0.144167
0.142778
0.142708
0.141829
0.142662
0.141875
0.142083
0.141389
0.141042
0.142384
0.140868
0.140035
0.140625
0.14059
0.140833
0.140451
0.139468
0.137743
0.138264
0.137674
0.137535
0.138368
0.136667
0.136528
0.135451
0.133021
0.132257
0.131806
0.13125
0.130764
0.130764
0.130556
0.128356
0.127257
0.132708
0.131007
0.129583
0.128611
0.127049
0.125833
0.124479
0.12309
0.121667
0.119931
0.119688
0.11809
0.116736
0.115417
0.115903
0.119294
0.12
0.124306
0.126551
0.127836
0.129884
0.126898
0.125579
0.123565
0.119606
0.122188
0.116389
0.112778
0.110903
0.108021
0.106667
0.105313
0.104861
0.104722
0.103785
0.103194
0.102222
0.101667
0.102222
0.101528
0.0994097
0.0973264
0.0947917
0.0928472
0.093125
0.0944792
0.0954167
0.0984028
0.0985417
0.0977431
0.105602
0.10287
0.102697
0.102731
0.101551
0.101273
0.101343
0.0996412
0.0990509
0.0963426
0.0959838
0.0962384
0.0967708
0.0970718
0.0975926
0.096956
0.0966898
0.0966667
0.0966319
0.0960648
0.095787
0.0972222
0.0984028
0.0983681
0.0988542
0.0964583
0.0965625
0.0962847
0.0973611
0.0972569
0.0971181
0.0981944
0.0975347
0.0964931
0.0967014
0.0972222
0.0979745
0.0987037
0.0989005
0.0984491
0.0984491
0.0983333
0.0974769
0.097963
0.0975926
0.100509
0.100729
0.101157
0.101551
0.101539
0.0997338
0.0999306
0.10059
0.100556
0.101169
0.102083
0.103287
0.10669
0.111146
0.11309
0.118241
0.124896
0.128507
0.136065
0.140845
0.143866
0.149398
0.154178
0.156123
0.160775
0.16691
0.170579
0.177627
0.184606
0.1889
0.195336
0.200995
0.203796
0.210498
0.216956
0.220914
0.227454
0.232685
0.235012
0.239664
0.245428
0.247812
0.255521
0.260347
0.26147
0.267141
0.272894
0.274491
0.2789
0.282616
0.285509
0.289734
0.29434
0.294757
0.301146
0.371713
0.361481
0.35919
0.361169
0.361794
0.366759
0.371875
0.374792
0.377674
0.381181
0.382118
0.389896
0.402674
0.403611
0.41125
0.411111
0.415139
0.42316
0.430035
0.433264
0.440486
0.450313
0.452431
0.463993
0.473646
0.509792
0.511968
0.517917
0.520347
0.534826
0.544595
0.5475
0.556944
0.562384
0.566979
0.573368
0.580694
0.581146
0.588819
0.59412
0.593322
0.599109
0.603993
0.60434
0.610903
0.616655
0.617986
0.621644
0.623403
0.624514
0.635197
0.63316
0.632905
0.636204
0.611632
0.60522
0.604039
0.598056
0.597361
0.597847
0.599583
0.595868
0.598125
0.598646
0.59566
0.592708
0.590938
0.587153
0.5886
0.586667
0.584132
0.583229
0.584063
0.582882
0.586458
0.592014
0.5875
0.588472
0.589167
0.587847
0.590243
0.592187
0.594549
0.594236
0.593715
0.590035
0.588646
0.591493
0.590509
0.590764
0.590417
0.585868
0.580417
0.579653
0.576181
0.57022
0.568206
0.567095
0.56515
0.558889
0.565116
0.560914
0.557755
0.556713
0.558727
0.557847
0.556852
0.555567
0.556123
0.551609
0.550243
0.54566
0.540208
0.534618
0.529687
0.52581
0.524653
0.519687
0.515683
0.511586
0.503461
0.49978
0.496551
0.489225
0.485093
0.493461
0.483137
0.477419
0.476215
0.473715
0.470694
0.471424
0.469514
0.470023
0.469468
0.466863
0.466204
0.465752
0.465185
0.465694
0.465266
0.465162
0.465301
0.465266
0.465475
0.463924
0.465926
0.46559
0.465463
0.467558
0.466887
0.46794
0.468634
0.469734
0.469051
0.469745
0.471644
0.471678
0.473194
0.473299
0.473681
0.474456
0.475069
0.475984
0.476887
0.477546
0.47897
0.480185
0.481296
0.480914
0.482755
0.485417
0.486111
0.487222
0.488993
0.489757
0.490266
0.490683
0.490336
0.490926
0.490799
0.490451
0.490475
0.489687
0.489375
0.489306
0.489097
0.48941
0.490775
0.490035
0.489792
0.489896
0.489687
0.490162
0.49044
0.489398
0.488009
0.488044
0.487593
0.488669
0.490625
0.492535
0.492731
0.49544
0.496273
0.496354
0.498403
0.500162
0.501204
0.502211
0.50419
0.504433
0.504606
0.503715
0.504375
0.505104
0.505035
0.504479
0.505139
0.505069
0.50559
0.505613
0.506644
0.506076
0.506331
0.507986
0.508773
0.508009
0.508426
0.508958
0.509028
0.50875
0.509167
0.509236
0.509653
0.509931
0.510035
0.510069
0.510104
0.510417
0.51037
0.51037
0.510856
0.511053
0.5114
0.511435
0.510498
0.510984
0.510081
0.509699
0.509306
0.508588
0.509317
0.508484
0.508796
0.508947
0.50912
0.508634
0.5089
0.508762
0.508819
0.508669
0.508646
0.509549
0.509375
0.508993
0.508785
0.50875
0.508646
0.508056
0.5075
0.507569
0.50765
0.50831
0.508796
0.510741
0.510914
0.510602
0.511296
0.511007
0.511215
0.511076
0.511088
0.510949
0.511424
0.511563
0.511435
0.511539
0.512338
0.51213
0.512755
0.51331
0.512847
0.512604
0.512963
0.512581
0.512176
0.512697
0.512801
0.512593
0.5125
0.512118
0.512431
0.512303
0.51147
0.511551
0.512407
0.512292
0.513264
0.512188
0.51228
0.511331
0.511794
0.511725
0.511875
0.511273
0.51103
0.512037
0.515035
0.510949
0.510486
0.511065
0.511134
0.510949
0.511736
0.513507
0.513229
0.512326
0.51125
0.510764
0.509965
0.510208
0.509062
0.508542
0.507523
0.507188
0.506447
0.505729
0.505243
0.504653
0.505475
0.505856
0.506389
0.506701
0.505984
0.50603
0.507257
0.505694
0.504606
0.504572
0.501539
0.500741
0.501262
0.501296
0.501574
0.50191
0.503021
0.503924
0.502951
0.50184
0.501736
0.501806
0.500486
0.500382
0.5
0.499745
0.498576
0.498125
0.498333
0.5
0.499479
0.499826
0.500833
0.500208
0.50059
0.501308
0.500926
0.50125
0.500417
0.499826
0.499444
0.498692
0.498785
0.498125
0.496806
0.495625
0.495972
0.496528
0.496424
0.496354
0.495833
0.496007
0.495729
0.495903
0.496042
0.495694
0.496181
0.496007
0.495903
0.496319
0.495937
0.495937
0.497292
0.496771
0.49816
0.497951
0.498437
0.49934
0.499549
0.499306
0.499479
0.49941
0.499618
0.499826
0.500104
0.500162
0.501308
0.502662
0.503125
0.504201
0.505451
0.506076
0.506667
0.507222
0.506979
0.506806
0.505903
0.506215
0.505903
0.505521
0.505451
0.504687
0.50434
0.504965
0.505069
0.505486
0.504931
0.504861
0.504861
0.504965
0.504549
0.504479
0.504375
0.504861
0.504826
0.505
0.505069
0.506111
0.50625
0.506701
0.512396
0.512049
0.51191
0.511632
0.511667
0.512153
0.512431
0.512465
0.512604
0.512639
0.512951
0.513333
0.513194
0.513437
0.513785
0.514097
0.514306
0.51434
0.514549
0.514792
0.514861
0.515069
0.515
0.515278
0.514757
0.518854
0.516493
0.516493
0.516285
0.517083
0.516632
0.516146
0.515035
0.514132
0.513715
0.512569
0.511493
0.51066
0.509479
0.508785
0.507986
0.507639
0.507951
0.507778
0.507604
0.507812
0.507292
0.507812
0.507708
0.508299
0.509687
0.508958
0.50919
0.509016
0.509062
0.50941
0.509132
0.509236
0.509549
0.509028
0.508681
0.509132
0.509097
0.509167
0.509236
0.509792
0.509988
0.510058
0.509919
0.508993
0.50934
0.509479
0.509132
0.509028
0.509132
0.51
0.510243
0.510312
0.510312
0.509826
0.509479
0.508958
0.508611
0.508819
0.508854
0.508333
0.508437
0.508229
0.50809
0.508472
0.508264
0.508229
0.508368
0.508611
0.50816
0.507951
0.508229
0.508403
0.508507
0.508125
0.505521
0.505868
0.505868
0.506076
0.505174
0.50559
0.505972
0.506806
0.506667
0.50691
0.508056
0.50875
0.509479
0.509826
0.510486
0.511146
0.511389
0.511944
0.51191
0.512049
0.512639
0.512813
0.512326
0.512917
0.512639
0.511701
0.511285
0.511979
0.51184
0.511076
0.510243
0.509618
0.509757
0.509653
0.512975
0.512558
0.513495
0.513507
0.51316
0.513472
0.512882
0.513264
0.514028
0.514201
0.513958
0.514583
0.51434
0.515069
0.51559
0.516424
0.516701
0.516944
0.517604
0.516875
0.516701
0.516354
0.516042
0.515764
0.515799
0.513681
0.513819
0.513229
0.512778
0.511979
0.510521
0.510938
0.509792
0.509479
0.509722
0.510625
0.511007
0.511528
0.512917
0.513322
0.513252
0.514352
0.514201
0.514653
0.515463
0.515868
0.516447
0.516875
0.517396
0.518322
0.522014
0.521192
0.52566
0.522535
0.520972
0.521076
0.520301
0.518657
0.517986
0.517963
0.517685
0.516759
0.51706
0.517535
0.516713
0.517928
0.519722
0.519745
0.519734
0.521111
0.521123
0.521157
0.520289
0.51985
0.51985
0.518762
0.518414
0.519329
0.518194
0.518299
0.518067
0.517523
0.517512
0.516736
0.516609
0.515868
0.514572
0.513819
0.513611
0.513565
0.512245
0.512095
0.511678
0.511204
0.510544
0.510625
0.510637
0.510579
0.510289
0.50985
0.507731
0.507558
0.507604
0.50772
0.50772
0.505903
0.506794
0.506863
0.50662
0.507188
0.507222
0.507188
0.507245
0.506875
0.506806
0.507188
0.507604
0.508507
0.508368
0.50809
0.508125
0.50772
0.507778
0.507593
0.507245
0.508472
0.508576
0.508819
0.508264
0.508542
0.508229
0.508507
0.508507
0.509236
0.510104
0.510382
0.509861
0.510938
0.510243
0.511042
0.510833
0.511354
0.511111
0.511528
0.510938
0.510243
0.514456
0.513912
0.512928
0.512905
0.510394
0.509711
0.509977
0.510532
0.509769
0.506458
0.505417
0.506806
0.509144
0.505278
0.504653
0.50434
0.503819
0.504097
0.502882
0.502847
0.502917
0.502188
0.505336
0.501667
0.500694
0.500833
0.500382
0.499826
0.499375
0.497917
0.497986
0.49816
0.497361
0.496597
0.497083
0.496319
0.495972
0.495937
0.495972
0.49559
0.495833
0.495625
0.49559
0.494896
0.494792
0.494583
0.493924
0.493542
0.493264
0.492535
0.491563
0.490486
0.490799
0.490556
0.488576
0.489028
0.489236
0.491111
0.492917
0.49309
0.492326
0.492951
0.493368
0.493854
0.495486
0.496493
0.497674
0.498958
0.498854
0.499306
0.500035
0.499826
0.505324
0.501667
0.501806
0.502708
0.503924
0.504167
0.504896
0.504988
0.506412
0.506516
0.507419
0.507558
0.508565
0.508819
0.513206
0.513727
0.51
0.510278
0.510417
0.510104
0.509583
0.510694
0.511215
0.515081
0.512118
0.512465
0.512257
0.512361
0.51191
0.511319
0.512569
0.512465
0.52044
0.520301
0.5211
0.520579
0.52103
0.520961
0.521169
0.522245
0.522454
0.522662
0.52419
0.524988
0.525243
0.526042
0.526354
0.526771
0.52728
0.527917
0.528009
0.528356
0.528762
0.529028
0.529931
0.530382
0.53066
0.530266
0.530961
0.532176
0.531898
0.532049
0.531759
0.53235
0.532454
0.532083
0.532188
0.532708
0.532049
0.532778
0.532442
0.531331
0.531829
0.531898
0.531956
0.531597
0.531551
0.53162
0.531863
0.5311
0.531146
0.532014
0.534641
0.534329
0.534884
0.535093
0.53478
0.535914
0.536516
0.536377
0.535648
0.535544
0.535995
0.535752
0.536065
0.535058
0.534051
0.53478
0.535301
0.535035
0.5361
0.536134
0.536285
0.53625
0.536516
0.53485
0.534074
0.535532
0.533634
0.533495
0.535359
0.534213
0.532975
0.532442
0.531898
0.53412
0.53456
0.534109
0.53603
0.535775
0.536551
0.537072
0.537315
0.538241
0.537801
0.537373
0.537326
0.537882
0.537118
0.537604
0.537604
0.537639
0.537477
0.538218
0.53765
0.537616
0.538727
0.539178
0.538727
0.537963
0.538275
0.538137
0.537419
0.537697
0.537037
0.538877
0.537986
0.537951
0.538356
0.53853
0.538912
0.539352
0.53897
0.539329
0.539294
0.539815
0.539861
0.538958
0.539236
0.538715
0.538889
0.538981
0.539236
0.539595
0.540012
0.539653
0.540185
0.540185
0.540255
0.539757
0.539745
0.539931
0.539433
0.539167
0.539549
0.53853
0.539502
0.5386
0.538669
0.538773
0.538669
0.539086
0.542662
0.542627
0.542593
0.542419
0.542315
0.54184
0.541736
0.541354
0.540937
0.540556
0.539931
0.538461
0.537384
0.537211
0.534618
0.53441
0.533299
0.535521
0.535521
0.537535
0.538368
0.539062
0.539306
0.539479
0.539618
0.538287
0.538403
0.538553
0.538692
0.538762
0.53853
0.537778
0.537894
0.537998
0.53787
0.538102
0.53735
0.537072
0.537222
0.536875
0.536944
0.536875
0.536817
0.53691
0.537558
0.537454
0.537766
0.53794
0.538056
0.537813
0.539086
0.538634
0.538356
0.538738
0.539005
0.538866
0.538866
0.539005
0.538426
0.538495
0.53831
0.538935
0.539641
0.539572
0.539676
0.53978
0.539606
0.539745
0.53978
0.53985
0.539722
0.539167
0.538773
0.538808
0.539028
0.538808
0.539109
0.539352
0.540231
0.539884
0.539387
0.539074
0.5386
0.538669
0.539248
0.539039
0.539711
0.539479
0.539039
0.537847
0.538368
0.538542
0.538993
0.537951
0.537905
0.537813
0.538785
0.538576
0.538715
0.539097
0.538345
0.538808
0.538912
0.539294
0.539236
0.538785
0.538831
0.539109
0.539167
0.538854
0.538866
0.538727
0.538241
0.537824
0.537639
0.537743
0.537882
0.53809
0.537859
0.53772
0.537639
0.537326
0.537442
0.53691
0.536667
0.541331
0.541389
0.54191
0.541412
0.541551
0.542593
0.541968
0.541412
0.541273
0.540683
0.541343
0.541412
0.541238
0.540683
0.540995
0.541065
0.540301
0.541632
0.541632
0.5411
0.540266
0.540822
0.540787
0.541181
0.541771
0.542419
0.5436
0.543287
0.543183
0.543183
0.54353
0.543495
0.543495
0.544051
0.545127
0.545266
0.545868
0.545035
0.544861
0.544468
0.543067
0.544664
0.544502
0.543553
0.542095
0.54294
0.544051
0.543958
0.545486
0.547454
0.547558
0.548565
0.549155
0.549838
0.549549
0.551887
0.552037
0.553993
0.554144
0.555255
0.55669
0.555509
0.558183
0.558356
0.560949
0.560532
0.561447
0.561424
0.562546
0.564236
0.5625
0.566609
0.567581
0.567801
0.569282
0.569456
0.572106
0.575313
0.57691
0.581192
0.583368
0.584479
0.588241
0.591968
0.594583
0.59566
0.598912
0.598773
0.601505
0.604097
0.605069
0.609387
0.613102
0.613484
0.617847
0.619595
0.622199
0.626921
0.629595
0.631944
0.626296
0.627083
0.628843
0.630949
0.635104
0.63794
0.640243
0.639433
0.641412
0.639896
0.64544
0.644479
0.647801
0.649514
0.652292
0.656042
0.659549
0.661088
0.663218
0.664306
0.664722
0.665961
0.667569
0.669606
0.672164
0.673796
0.674988
0.67375
0.676377
0.67515
0.676343
0.673866
0.672257
0.667731
0.660984
0.663021
0.658438
0.6586
0.656065
0.652384
0.647454
0.644375
0.637558
0.632535
0.632049
0.620532
0.618669
0.615451
0.63169
0.635359
0.640359
0.652083
0.653218
0.655359
0.668657
0.688183
0.687187
0.700637
0.711667
0.716794
0.734884
0.738021
0.738229
0.751111
0.750069
0.759664
0.770787
0.775567
0.780417
0.786655
0.784745
0.780139
0.781458
0.781123
0.774757
0.769352
0.769444
0.771285
0.771389
0.778194
0.775243
0.773368
0.779514
0.780312
0.783877
0.782014
0.783831
0.780104
0.777014
0.769896
0.767222
0.766088
0.759109
0.748611
0.73809
0.731146
0.725243
0.727975
0.739155
0.75559
0.762431
0.75588
0.758403
0.762025
0.762824
0.766296
0.763519
0.755764
0.750718
0.743322
0.739306
0.736667
0.734201
0.731597
0.731377
0.73485
0.733912
0.732928
0.732153
0.731111
0.733437
0.736354
0.733206
0.738437
0.731771
0.73184
0.722315
0.725451
0.726528
0.723623
0.723345
0.714722
0.710764
0.714803
0.711852
0.715544
0.716169
0.71353
0.723785
0.731817
0.730382
0.741204
0.745694
0.744329
0.74625
0.735243
0.7264
0.730544
0.721389
0.718056
0.739572
0.741748
0.735347
0.736157
0.733194
0.731505
0.727176
0.729352
0.728461
0.736285
0.739676
0.737222
0.737095
0.735081
0.729514
0.729664
0.730023
0.729248
0.721667
0.720289
0.716412
0.721285
0.722778
0.716667
0.715231
0.709063
0.704861
0.698507
0.69522
0.692708
0.689618
0.68809
0.686042
0.687778
0.699213
0.692014
0.689132
0.678206
0.678403
0.682222
0.681817
0.677326
0.676296
0.671262
0.667396
0.664525
0.66353
0.660394
0.661285
0.673009
0.67
0.666146
0.663704
0.662743
0.664745
0.670486
0.662569
0.663194
0.659155
0.655278
0.653588
0.645521
0.641991
0.638056
0.650532
0.64691
0.655799
0.658218
0.655903
0.665278
0.662407
0.662361
0.660382
0.658345
0.654653
0.653449
0.648102
0.644792
0.643044
0.633252
0.626979
0.632778
0.635891
0.635741
0.627188
0.626296
0.621944
0.618924
0.625544
0.622512
0.627847
0.624016
0.621725
0.620995
0.635
0.636169
0.638924
0.64272
0.644954
0.650509
0.661157
0.660278
0.659387
0.659618
0.657488
0.6611
0.672257
0.675984
0.682292
0.682025
0.67838
0.684028
0.682639
0.681655
0.689688
0.696319
0.693681
0.691979
0.682292
0.677917
0.675937
0.672951
0.663333
0.662986
0.657882
0.657465
0.657697
0.65816
0.654097
0.654213
0.659028
0.660509
0.664375
0.662731
0.670162
0.671736
0.67162
0.669676
0.675
0.677975
0.67588
0.673576
0.674549
0.666493
0.662419
0.661238
0.657951
0.655081
0.64809
0.644618
0.638692
0.630428
0.625127
0.614572
0.61228
0.608854
0.606134
0.604722
0.601042
0.600556
0.593495
0.586458
0.590544
0.593958
0.591227
0.586481
0.583542
0.578009
0.572766
0.567187
0.555764
0.560081
0.560208
0.557303
0.567593
0.568981
0.564363
0.569132
0.567558
0.569178
0.585347
0.601979
0.601343
0.607986
0.608947
0.602465
0.606574
0.609942
0.609306
0.613437
0.614514
0.608368
0.608935
0.612708
0.607465
0.606354
0.5975
0.592303
0.596157
0.597442
0.59213
0.588275
0.587998
0.581713
0.576944
0.562535
0.554641
0.551609
0.544722
0.533993
0.526169
0.518866
0.514954
0.508403
0.50272
0.503403
0.504062
0.502604
0.506829
0.508021
0.512465
0.51147
0.51515
0.515891
0.517431
0.522604
0.530046
0.523472
0.527407
0.525
0.516609
0.510266
0.502002
0.495428
0.491921
0.487812
0.482685
0.483507
0.483831
0.479016
0.478715
0.480197
0.473646
0.474815
0.479954
0.46978
0.471748
0.472465
0.46294
0.462373
0.457581
0.446979
0.444572
0.442697
0.434294
0.426667
0.417419
0.413056
0.419896
0.420093
0.413299
0.414676
0.40456
0.403692
0.412755
0.411782
0.404225
0.395266
0.389641
0.387905
0.382199
0.377049
0.367049
0.358819
0.346655
0.353287
0.34794
0.34191
0.335602
0.336667
0.333414
0.333113
0.331771
0.331516
0.330069
0.338507
0.334132
0.333507
0.344769
0.342662
0.339352
0.341377
0.341713
0.329873
0.330475
0.328912
0.324537
0.334433
0.3389
0.335729
0.341065
0.347025
0.34603
0.358218
0.359363
0.360938
0.357245
0.351944
0.352616
0.347396
0.339178
0.336435
0.338206
0.332199
0.324653
0.323171
0.31956
0.309167
0.316076
0.311389
0.306563
0.299398
0.28566
0.279653
0.276632
0.272083
0.266493
0.264977
0.251146
0.246562
0.23919
0.234919
0.227674
0.224005
0.217674
0.214757
0.208009
0.204757
0.205544
0.211123
0.219942
0.223657
0.237801
0.24375
0.241655
0.252106
0.256493
0.258588
0.252465
0.251782
0.268981
0.259294
0.26037
0.254722
0.2514
0.248356
0.247685
0.250451
0.252083
0.252662
0.258576
0.262998
0.26375
0.276343
0.278623
0.277442
0.285313
0.293252
0.294514
0.302419
0.306435
0.310058
0.323773
0.331343
0.328356
0.328021
0.331319
0.329722
0.337951
0.333808
0.336875
0.328634
0.328542
0.321736
0.325174
0.327905
0.323484
0.315764
0.317164
0.314132
0.309583
0.309769
0.306632
0.303218
0.298414
0.293299
0.291366
0.283275
0.279062
0.275069
0.272222
0.269028
0.258056
0.250995
0.245208
0.241701
0.227083
0.218275
0.210602
0.219583
0.211146
0.207743
0.201366
0.191759
0.189537
0.214907
0.205984
0.2061
0.204259
0.198183
0.196806
0.200718
0.195602
0.195428
0.195486
0.199907
0.187523
0.184583
0.181574
0.168414
0.16559
0.162361
0.156042
0.15022
0.141875
0.132627
0.132269
0.129352
0.120231
0.112766
0.105
0.0977546
0.0942014
0.0899074
0.0887384
0.0888079
0.0868519
0.0860995
0.0858796
0.0804167
0.0917245
0.0878125
0.0851736
0.0843171
0.080544
0.0770023
0.0735185
0.0685532
0.0656134
0.0606481
0.0587384
0.0562731
0.052662
0.0501042
0.0484491
0.0471991
0.0456366
0.0440046
0.0426505
0.0408796
0.0387963
0.0376505
0.0362269
0.0335764
0.0318056
0.0344792
0.0329861
0.0311806
0.0292014
0.0282292
0.0275694
0.0257639
0.0236806
0.0226042
0.0212153
0.0189583
0.0181597
0.0170833
0.0163542
0.016875
0.0156597
0.0146181
0.0140278
0.0139236
0.013125
0.0124306
0.0117361
0.0104861
0.0101736
0.00989583
0.0090625
0.00864583
0.00854167
0.00722222
0.00607639
0.00604167
0.00476852
0.00506944
0.00416667
0.00482639
0.00408565
0.00387731
0.00349537
0.0037963
0.00358796
0.00320602
0.00290509
0.00284722
0.0028125
0.00263889
0.00256944
0.00239583
0.00239583
0.00215278
0.00225694
0.00225694
0.00215278
0.00243056
0.00225694
0.0021875
0.00211806
0.00215278
0.00208333
0.00180556
0.001875
0.00184028
0.00170139
0.00190972
0.00204861
0.00190972
0.00194444
0.00180556
0.00184028
0.00204861
0.00194444
0.00180556
0.00180556
0.00194444
0.00152778
0.00125
0.00128472
0.00125
0.00100694
0.000972222
0.00204861
0.00295139
0.00402778
0.00541667
0.00652778
0.00722222
0.00885417
0.0108681
0.0116319
0.0123958
0.0104861
0.01
0.00868056
0.00743056
0.00701389
0.00586806
0.00447917
0.00385417
0.00704861
0.0132986
0.0171528
0.0239236
0.0277778
0.0286111
0.0315278
0.0335764
0.035
0.0362847
0.0422569
0.0487847
0.0575
0.0663194
0.0710417
0.080625
0.0830903
0.0857292
0.0881597
0.0922917
0.0906944
0.0954167
0.0983333
0.101215
0.103264
0.101667
0.102535
0.10441
0.103785
0.10059
0.0986343
0.0958681
0.0953472
0.0947454
0.0911806
0.0871181
0.0848264
0.0871875
0.0862847
0.0852431
0.0848611
0.0840625
0.0827778
0.0795023
0.0755903
0.0690046
0.0633102
0.059919
0.0536574
0.0470139
0.0461111
0.048125
0.049375
0.0514583
0.0505556
0.0504514
0.0523727
0.0503819
0.0544676
0.0573843
0.0575116
0.0576157
0.0579514
0.0586458
0.0601736
0.0595139
0.0585069
0.0622222
0.0619792
0.0642014
0.0624306
0.0611458
0.0603472
0.0637153
0.0610764
0.0612153
0.0641319
0.0645255
0.0657986
0.0667014
0.066875
0.067338
0.0654167
0.0644444
0.0703704
0.0674074
0.0669444
0.0652431
0.065
0.0665972
0.0691782
0.063125
0.0613542
0.0569676
0.0517361
0.0480556
0.0384722
0.0323958
0.0306597
0.0248032
0.0202083
0.0171065
0.0144097
0.0135417
0.0149537
0.0147685
0.0138194
0.0117361
0.00883102
0.00715278
0.00621528
0.00664352
0.00690972
0.00729167
0.00770833
0.00826389
0.00840278
0.00875
0.00923611
0.00944444
0.0100347
0.00996528
0.0100694
0.0103472
0.0112153
0.0112847
0.0120139
0.0125
0.0131944
0.0179167
0.0241667
0.0278472
0.0360069
0.0469792
0.0520486
0.0653472
0.0778356
0.0841088
0.0963426
0.110683
0.119549
0.130683
0.149688
0.158958
0.170139
0.187639
0.195243
0.213681
0.226146
0.237014
0.250694
0.270243
0.279687
0.295174
0.310382
0.310521
0.320208
0.330104
0.331389
0.33566
0.332153
0.327465
0.325451
0.315451
0.310174
0.303542
0.295694
0.29809
0.294132
0.282315
0.275972
0.26941
0.258958
0.252627
0.24625
0.241667
0.238206
0.23191
0.229028
0.22434
0.220417
0.215104
0.213333
0.208391
0.20309
0.2036
0.190556
0.181424
0.175625
0.156875
0.144063
0.136736
0.120382
0.107072
0.101262
0.0874074
0.0748843
0.0693981
0.0567824
0.0449074
0.0402431
0.0326273
0.0272222
0.024375
0.0172685
0.0112037
0.00832176
0.00258102
0
0
0
0
0.00037037
0.000902778
0.00215278
0.00260417
0.00326389
0.00434028
0.00378472
0.00236111
0.000520833
0.000277778
3.47222e-05
0
0
0
0
0
0
2.31481e-05
2.31481e-05
2.31481e-05
2.31481e-05
0
0.00127315
0
0
0.00113426
0
0.000763889
0
0
0
0
0
0
0
0
0
0
0
0
0
0
0
0
0
0
0
0
0
0
0
0
0
0
0
0
0.0003125
0.0012037
2.31481e-05
0
0
0
0
0
0
0
0
0
0
0
0
0
0
0
0
0
0
0
0
0
0
0
0
0
0
0
0
0
0
0
0
0.000243056
3.47222e-05
0
0
3.47222e-05
3.47222e-05
0
0
0
0
0
0
0
0
0
0
0
0
0
0
0
0
0
0
0
3.47222e-05
0
0
0
0
0
0
0
0
0
0
0
0
0.00295139
0.00642361
0.0134375
0.0220833
0.025
0.0329514
0.0393403
0.04125
0.0445833
0.0456944
0.0453125
0.0485069
0.0510995
0.0517708
0.0511806
0.0520833
0.0529167
0.0540625
0.0541667
0.0543403
0.0544444
0.0567014
0.0569444
0.0576736
0.0588194
0.0581597
0.0596181
0.0603472
0.0623958
0.0638889
0.0671181
0.0683333
0.0746528
0.0835069
0.0893403
0.0984375
0.112847
0.116875
0.122847
0.137465
0.13875
0.147187
0.153403
0.155648
0.160081
0.169514
0.167396
0.172778
0.175937
0.178299
0.181215
0.186111
0.186111
0.186667
0.189757
0.189618
0.192257
0.193924
0.193264
0.19125
0.192083
0.192292
0.191562
0.189444
0.188403
0.186875
0.182222
0.181736
0.180764
0.177014
0.176354
0.175243
0.178299
0.179688
0.182292
0.186424
0.187535
0.190069
0.192569
0.193681
0.194792
0.19441
0.193229
0.195417
0.197569
0.196424
0.198854
0.202465
0.200347
0.202396
0.204236
0.20309
0.204792
0.205556
0.205382
0.209826
0.215104
0.217222
0.226736
0.231563
0.236076
0.243125
0.249583
0.253542
0.259271
0.257708
0.257396
0.258507
0.258958
0.260521
0.256354
0.256076
0.260139
0.259097
0.257917
0.256215
0.255903
0.259757
0.259618
0.258762
0.259757
0.256806
0.258715
0.258437
0.25625
0.256424
0.256667
0.255937
0.260139
0.263924
0.265451
0.271458
0.279097
0.280347
0.28691
0.290938
0.290903
0.298993
0.297118
0.294792
0.297708
0.294653
0.29434
0.292014
0.290035
0.28691
0.286088
0.282535
0.277882
0.273958
0.271354
0.269583
0.267326
0.264931
0.263299
0.26191
0.261007
0.258681
0.257778
0.25875
0.260451
0.265347
0.279965
0.277361
0.28191
0.286007
0.285208
0.289653
0.290417
0.289653
0.290035
0.289167
0.289028
0.292396
0.297326
0.302153
0.308403
0.316597
0.318854
0.326701
0.334028
0.33809
0.344375
0.351771
0.355347
0.361389
0.367257
0.386632
0.387986
0.39125
0.389757
0.392083
0.394201
0.394097
0.394329
0.393819
0.394167
0.396215
0.39434
0.394792
0.393507
0.394525
0.392465
0.392986
0.390961
0.388819
0.385706
0.382315
0.380509
0.377002
0.373333
0.371667
0.385683
0.375903
0.374097
0.374861
0.37059
0.3675
0.366354
0.363947
0.363356
0.365417
0.366354
0.367292
0.370058
0.376343
0.377488
0.384398
0.387176
0.388831
0.393194
0.399201
0.40184
0.405833
0.411632
0.414375
0.420069
0.445729
0.441308
0.44515
0.441655
0.44272
0.442928
0.443449
0.445556
0.44941
0.448056
0.443715
0.446111
0.4486
0.445208
0.446076
0.448437
0.448924
0.444861
0.445694
0.442604
0.440694
0.435625
0.429294
0.429144
0.428414
0.472569
0.459456
0.458866
0.453137
0.451354
0.449201
0.44441
0.446007
0.452917
0.449722
0.449861
0.453889
0.452743
0.456632
0.456667
0.456076
0.458819
0.456771
0.456979
0.457269
0.461111
0.461389
0.464306
0.466667
0.467708
0.495498
0.488032
0.484178
0.479907
0.478519
0.476806
0.47434
0.47441
0.472303
0.474421
0.475359
0.476319
0.47831
0.478495
0.479572
0.48287
0.484363
0.485266
0.486794
0.489421
0.49088
0.494248
0.497407
0.498519
0.500012
0.501667
0.5025
0.504248
0.505856
0.508044
0.511111
0.515243
0.515069
0.517882
0.520069
0.521991
0.524873
0.526505
0.5264
0.526667
0.527431
0.526458
0.529757
0.528194
0.528056
0.52963
0.531725
0.53191
0.533947
0.534549
0.529444
0.529618
0.528553
0.528646
0.525255
0.525046
0.523414
0.521817
0.522755
0.522442
0.522153
0.520035
0.520347
0.521146
0.522465
0.522581
0.524502
0.526528
0.527569
0.526146
0.5275
0.528681
0.529375
0.529965
0.531377
0.527465
0.528322
0.527917
0.528715
0.529097
0.528958
0.529884
0.530752
0.531667
0.530741
0.529988
0.529595
0.529595
0.529792
0.528657
0.527662
0.525926
0.525417
0.523125
0.523785
0.524769
0.525116
0.523785
0.523275
0.521829
0.528472
0.527905
0.528692
0.528657
0.528935
0.528403
0.528125
0.527917
0.526458
0.526979
0.524907
0.525683
0.525625
0.52434
0.524259
0.524745
0.525058
0.525428
0.525637
0.52537
0.526725
0.526794
0.525637
0.525301
0.52588
0.527269
0.528993
0.528924
0.528958
0.528877
0.528484
0.528565
0.529051
0.528762
0.52956
0.528692
0.527975
0.527998
0.528634
0.528333
0.528299
0.528785
0.52985
0.5311
0.531458
0.530428
0.530359
0.530046
0.528519
0.528727
0.526319
0.526366
0.526238
0.526944
0.527153
0.527488
0.528576
0.530417
0.531065
0.53125
0.53088
0.532049
0.533113
0.533264
0.533299
0.53287
0.53375
0.536481
0.537431
0.538935
0.540995
0.541759
0.541609
0.542546
0.54265
0.559271
0.55934
0.559734
0.559907
0.559213
0.559248
0.55941
0.559352
0.559375
0.55956
0.55956
0.559769
0.559201
0.558773
0.558519
0.558461
0.559016
0.559051
