5.70381
5.36079
4.98481
4.58006
4.22087
3.90178
3.61874
3.33924
3.0411
2.77816
2.54807
2.32885
2.13043
1.91885
1.76824
1.61669
1.51368
1.41507
1.36075
1.48832
1.38913
1.32516
1.27563
1.21368
1.17573
1.15816
1.13726
1.14623
1.16125
1.16145
1.19089
1.18446
1.20148
1.19641
1.20212
1.2048
1.20615
1.20876
1.20727
1.21938
1.23257
1.23191
1.23963
1.27581
1.2969
1.34595
1.41943
1.4506
1.51313
1.57483
1.60634
1.64191
1.67016
1.71389
1.76017
1.87668
1.91587
1.97272
2.00838
2.00802
2.00633
2.08622
2.20116
2.31374
2.41126
2.4174
2.45829
2.58132
2.54039
2.47814
2.50081
2.3925
2.32594
2.32185
2.30633
2.336
2.15954
2.11995
2.1476
2.15179
2.20427
2.1456
1.96422
1.97663
2.023
2.02784
2.0342
2.11101
2.10988
2.12043
2.11953
2.11197
2.09808
2.09801
2.07787
1.99735
1.99174
2.02317
1.98147
1.97536
1.95624
1.93497
1.98775
2.0475
2.05075
2.08731
2.13407
2.15325
2.20574
2.2783
2.3389
2.38609
2.42148
2.42353
2.46013
2.47008
2.47851
2.50602
2.58759
2.54677
2.6011
2.64295
2.62513
2.65904
2.67065
2.70009
2.71873
2.79027
2.77782
2.94552
3.11066
3.04844
2.99589
2.99047
2.94773
2.89079
2.86789
2.81528
2.83868
2.85182
2.85229
2.83774
2.83631
2.82792
2.84436
2.85786
2.82529
2.81633
2.80313
2.78304
2.77103
2.7619
2.78075
2.7714
2.76701
2.76606
2.76328
2.76344
2.75456
2.7437
2.73578
2.73865
2.71987
2.70839
2.71569
2.71862
2.72469
2.71463
2.71418
2.68877
2.68949
2.68544
2.67948
2.67318
2.6785
2.68167
2.67722
2.67082
2.67152
2.67714
2.6969
2.68872
2.68644
2.68969
2.69059
2.68589
2.65314
2.65185
2.65279
2.65103
2.65176
2.64256
2.63446
2.63508
2.63089
2.64017
2.64409
2.64988
2.65255
2.6572
2.66368
2.66727
2.66458
2.6736
2.68204
2.68823
2.68767
2.69101
2.69082
2.69872
2.70277
2.69913
2.69142
2.69579
2.69906
2.69431
2.69028
2.68964
2.69448
2.68444
2.69757
2.69791
2.69741
2.69841
2.68432
2.68345
2.68497
2.68899
2.68507
2.67775
2.68094
2.67531
2.68122
2.68537
2.69478
2.69612
2.69435
2.68766
2.6866
2.67545
2.67297
2.67002
2.66171
2.66304
2.62596
2.63622
2.64096
2.64351
2.65838
2.65389
2.64787
2.6406
2.63994
2.63944
2.6397
2.64278
2.63787
2.63595
2.64493
2.65949
2.66659
2.66672
2.67311
2.67527
2.69881
2.69971
2.69992
2.69846
2.6972
2.67201
2.67052
2.68247
2.68562
2.69139
2.6902
2.68536
2.68419
2.69538
2.7042
2.72436
2.76862
2.77848
2.78597
2.815
2.84337
2.86635
2.88473
2.88987
2.8967
2.90045
2.89153
2.90046
2.9092
2.91019
2.86566
2.84564
2.84707
2.86175
2.84534
2.83477
2.83755
2.83554
2.82697
2.81755
2.81674
2.80468
2.78499
2.78793
2.79166
2.79981
2.80567
2.80376
2.79928
2.79911
2.79881
2.79741
2.78963
2.78422
2.77069
2.69203
2.69043
2.68212
2.67686
2.67584
2.66807
2.6673
2.67061
2.67301
2.67241
2.66978
2.66598
2.66554
2.66832
2.66723
2.67051
2.67205
2.67883
2.67814
2.68299
2.6775
2.67934
2.67939
2.67689
2.67615
2.61499
2.61987
2.63205
2.64594
2.63714
2.63435
2.62902
2.61924
2.6149
2.61713
2.6211
2.65044
2.65262
2.65295
2.65179
2.6549
2.65814
2.65782
2.6545
2.65172
2.65131
2.64822
2.65206
2.65656
2.66927
2.71385
2.75358
2.77696
2.80009
2.81562
2.81281
2.82586
2.80345
2.80755
2.80227
2.79841
2.79419
2.79551
2.78728
2.80566
2.82716
2.82633
2.83562
2.83588
2.82207
2.82338
2.85862
2.89767
2.92573
2.95413
2.96175
2.96294
2.97122
2.94139
2.89638
2.90451
2.89333
2.89507
2.92282
2.95559
2.97536
3.01292
3.04807
3.06347
3.12505
3.16624
3.19488
3.23178
3.30543
3.32595
3.35792
3.37796
3.39095
3.44012
3.47551
3.434
3.45916
3.49199
3.48648
3.5559
3.60332
3.62487
3.70057
3.75667
3.7678
3.81595
3.85194
3.85343
3.88832
3.91657
3.89947
3.96156
3.96944
3.94432
3.95718
3.9795
3.93124
3.93696
3.93628
3.91944
3.97608
3.9676
3.95378
3.99637
3.97853
3.97593
4.02947
4.05083
4.03089
4.03272
4.05248
4.04176
4.05102
4.04933
4.04572
4.04767
4.06351
4.06204
4.08302
4.09591
4.07684
4.08082
4.06935
4.04959
4.08959
4.11315
4.08223
4.06826
4.06014
4.04274
4.07109
4.04975
4.01495
4.03047
4.0252
4.00681
4.02292
4.01351
4.00366
4.01139
4.01299
4.0095
4.01391
4.02971
4.00586
4.00177
4.00995
4.00736
4.01605
4.008
4.06912
4.04454
4.03716
4.0288
4.04025
4.03927
4.03625
4.04494
4.05095
4.04905
4.04856
4.04748
4.03911
4.04843
4.05608
4.05795
4.05994
4.06402
4.07573
4.06771
4.06683
4.06806
4.08523
4.09942
4.10811
4.08883
4.11241
4.14646
4.16935
4.1975
4.21235
4.24777
4.27096
4.29078
4.31072
4.33171
4.34123
4.34287
4.33461
4.33922
4.35737
4.35093
4.35238
4.36763
4.40155
4.40277
4.43027
4.45476
4.45525
4.47367
4.47505
4.49163
4.502
4.51972
4.50542
4.50505
4.5113
4.5153
4.50491
4.50475
4.48934
4.48366
4.47395
4.47639
4.47834
4.48029
4.48366
4.4906
4.49419
4.4864
4.4698
4.46514
4.46914
4.46978
4.46978
4.40639
4.40448
4.41814
4.42824
4.4334
4.43259
4.42303
4.43271
4.43295
4.43851
4.43999
4.46035
4.46385
4.48304
4.47672
4.48328
4.47793
4.46926
4.47406
4.48174
4.47517
4.4695
4.47029
4.46638
4.46545
4.40642
4.41124
4.42001
4.42632
4.43616
4.45196
4.46058
4.47677
4.48201
4.4877
4.49913
4.505
4.50063
4.52042
4.53589
4.54844
4.56293
4.58285
4.58882
4.59578
4.59697
4.60567
4.61524
4.62374
4.63186
4.67549
4.68244
4.69041
4.69569
4.71141
4.71891
4.73023
4.73567
4.74603
4.75412
4.76206
4.77866
4.78838
4.79491
4.80093
4.8144
4.81211
4.81508
4.81863
4.82001
4.82564
4.82616
4.83345
4.82517
4.82495
4.79061
4.80337
4.80321
4.8088
4.80193
4.79799
4.79868
4.81069
4.82506
4.82317
4.82703
4.82841
4.83508
4.8376
4.83487
4.84057
4.84946
4.851
4.85676
4.85786
4.85941
4.86207
4.8552
4.85796
4.85795
4.79345
4.79233
4.79773
4.79009
4.76135
4.7631
4.78932
4.79491
4.80551
4.80322
4.80804
4.81132
4.80162
4.8067
4.80317
4.7937
4.80478
4.79749
4.79082
4.78597
4.78634
4.79249
4.79494
4.79536
4.79707
4.78957
4.79722
4.79
4.79539
4.80616
4.80078
4.80315
4.80137
4.80961
4.8081
4.77822
4.77319
4.7795
4.77839
4.78468
4.77814
4.78191
4.78368
4.78433
4.79683
4.80727
4.82856
4.83192
4.8386
4.84126
4.76461
4.77046
4.77971
4.78381
4.7851
4.80067
4.81383
4.81822
4.81772
4.81304
4.81593
4.81631
4.81927
4.82271
4.80505
4.79679
4.793
4.79318
4.79868
4.80132
4.79844
4.79887
4.79796
4.80286
4.80135
4.71975
4.7249
4.7272
4.7224
4.71334
4.71792
4.70733
4.70904
4.71438
4.71458
4.715
4.71462
4.71418
4.71478
4.7184
4.71851
4.72233
4.71309
4.71289
4.71603
4.71352
4.71163
4.71584
4.71464
4.71494
4.62757
4.63809
4.64475
4.65116
4.65638
4.65655
4.65859
4.66549
4.66941
4.67847
4.68194
4.68771
4.68944
4.69247
4.70365
4.70214
4.70471
4.70793
4.70639
4.7119
4.71655
4.71478
4.7197
4.7205
4.72359
4.70209
4.70794
4.72353
4.72191
4.7295
4.72729
4.72368
4.7259
4.72855
4.73071
4.73395
4.72907
4.73331
4.72449
4.7289
4.73946
4.74227
4.74771
4.75752
4.76907
4.78494
4.79274
4.80684
4.81598
4.81799
4.87409
4.87936
4.8716
4.89244
4.89002
4.90308
4.90413
4.92757
4.93763
4.93399
4.93867
4.94189
4.94353
4.94174
4.93729
4.92774
4.92049
4.92432
4.92361
4.93162
4.93907
4.94332
4.94878
4.94233
4.94953
4.91094
4.91962
4.91786
4.92308
4.9174
4.93122
4.92572
4.92312
4.93253
4.94602
4.94356
4.9308
4.93141
4.92609
4.9227
4.92163
4.92189
4.92031
4.92061
4.93938
4.93858
4.93957
4.93685
4.93668
4.93394
4.88524
4.89654
4.90818
4.90841
4.91404
4.90878
4.90752
4.91258
4.91631
4.90843
4.89154
4.8963
4.89696
4.89637
4.90245
4.91044
4.90707
4.90968
4.91001
4.91167
4.91251
4.92215
4.92808
4.92935
4.92813
4.93453
4.94314
4.94551
4.95286
4.9559
4.95601
4.95721
4.95402
4.95074
4.95118
4.87675
4.88183
4.88345
4.88244
4.88147
4.8823
4.88197
4.87178
4.86797
4.86115
4.85488
4.8472
4.8344
4.82564
4.81817
4.81781
4.81634
4.82061
4.83365
4.82947
4.83089
4.83578
4.83664
4.8333
4.83266
4.84544
4.8513
4.86191
4.86001
4.87156
4.86907
4.8716
4.88389
4.89175
4.90164
4.91148
4.92297
4.92985
4.93329
4.9355
4.93677
4.9364
4.93241
4.93079
4.93036
4.93612
4.93692
4.944
4.94888
4.94551
4.88427
4.88986
4.88766
4.88868
4.89105
4.89287
4.89067
4.89597
4.9015
4.89719
4.90301
4.90296
4.90582
4.90679
4.91491
4.92314
4.92909
4.93292
4.942
4.94483
4.94826
4.94508
4.94681
4.95207
4.95355
4.82966
4.83562
4.84137
4.84182
4.85429
4.85398
4.8516
4.85032
4.84569
4.84824
4.84441
4.86552
4.86902
4.87656
4.88557
4.89091
4.88878
4.89016
4.88852
4.88747
4.8897
4.89749
4.90144
4.90409
4.90475
4.8866
4.88097
4.88611
4.88546
4.89453
4.88648
4.80679
4.8202
4.82565
4.8109
4.81595
4.84138
4.83745
4.83513
4.84037
4.83858
4.83427
4.83936
4.83176
4.82852
4.82751
4.82698
4.82641
4.82635
4.82598
4.81601
4.81352
4.81188
4.81779
4.81598
4.81647
4.80881
4.81441
4.82171
4.81911
4.81372
4.82341
4.83344
4.83766
4.84545
4.84347
4.85027
4.85737
4.86789
4.87624
4.87794
4.87532
4.87319
4.87588
4.87603
4.87587
4.87789
4.87731
4.88604
4.88678
4.88545
4.83177
4.84162
4.83363
4.8398
4.83833
4.8369
4.83672
4.82405
4.82203
4.81663
4.82204
4.82983
4.83066
4.82957
4.83047
4.82981
4.83278
4.82882
4.83078
4.82943
4.8341
4.83568
4.84367
4.84965
4.85405
4.78625
4.79021
4.78836
4.79397
4.79072
4.79008
4.7888
4.8133
4.80661
4.8142
4.81527
4.81078
4.8131
4.81198
4.80653
4.79975
4.80042
4.80347
4.80319
4.80115
4.79999
4.79999
4.79962
4.80063
4.80037
4.73691
4.7459
4.74965
4.75273
4.76616
4.76998
4.77272
4.78161
4.7742
4.78208
4.78005
4.78442
4.78251
4.80572
4.75899
4.74098
4.73797
4.79311
4.78137
4.81929
4.82959
4.83277
4.83269
4.83949
4.83934
4.78571
4.79781
4.79863
4.80182
4.79322
4.7981
4.80708
4.78517
4.7709
4.76899
4.78603
4.79213
4.78682
4.78191
4.79356
4.78839
4.79284
4.79395
4.79898
4.79015
4.79032
4.78528
4.78222
4.78481
4.78197
4.7839
4.77863
4.779
4.77794
4.78865
4.7972
4.80986
4.81831
4.80565
4.81122
4.80881
4.81052
4.80674
4.81977
4.82406
4.82451
4.83354
4.83674
4.83534
4.84576
4.8258
4.813
4.81412
4.81059
4.80701
4.79059
4.81166
4.80348
4.81656
4.8238
4.8295
4.81634
4.81711
4.81014
4.81485
4.86677
4.90957
4.90661
4.93024
4.87644
4.84758
4.84924
4.80731
4.84101
4.84611
4.85045
4.84745
4.83683
4.82554
4.86635
4.84016
4.82907
4.83544
4.83653
4.84061
4.8403
4.84278
4.84377
4.85093
4.85544
4.86049
4.84229
4.85774
4.85756
4.88252
4.86969
4.86894
4.8633
4.87001
4.87006
4.87111
4.87844
4.87659
4.89334
4.87896
4.86343
4.86881
4.87591
4.88635
4.88731
4.87506
4.88013
4.85885
4.86196
4.86626
4.85191
4.84964
4.83145
4.82404
4.81749
4.81946
4.8212
4.81553
4.78394
4.78948
4.79564
4.78556
4.78525
4.78532
4.78359
4.74414
4.74664
4.74926
4.76244
4.76251
4.77711
4.77491
4.78083
4.79416
4.7977
4.79752
4.80144
4.79656
4.80848
4.81117
4.81809
4.82249
4.82478
4.82691
4.83126
4.83432
4.82993
4.82431
4.82413
4.81532
4.79667
4.79603
4.8024
4.7965
4.79155
4.79538
4.80227
4.79616
4.79641
4.79279
4.78559
4.81093
4.80742
4.80576
4.80285
4.81346
4.80642
4.81361
4.81375
4.80826
4.80872
4.80328
4.80248
4.80883
4.81522
4.72786
4.74656
4.74814
4.75014
4.75465
4.75413
4.75056
4.75571
4.757
4.75889
4.7598
4.76475
4.76417
4.75295
4.75008
4.75635
4.75693
4.75656
4.75921
4.76443
4.76628
4.7664
4.75979
4.75809
4.75106
4.72785
4.73742
4.73333
4.7365
4.74297
4.75962
4.77988
4.78486
4.78488
4.79559
4.80205
4.81194
4.81219
4.8119
4.82226
4.82843
4.84062
4.83626
4.83947
4.84516
4.84027
4.84748
4.84889
4.85003
4.84818
4.78185
4.78865
4.79205
4.79046
4.78182
4.77634
4.76448
4.75698
4.74766
4.73709
4.72116
4.7303
4.72186
4.7119
4.71138
4.70839
4.70047
4.70132
4.7099
4.70829
4.70213
4.70331
4.69331
4.69212
4.69519
4.65699
4.6603
4.6656
4.67759
4.68262
4.68405
4.6852
4.68678
4.69667
4.70225
4.6984
4.69413
4.69433
4.69723
4.70091
4.70308
4.69815
4.69916
4.69917
4.69692
4.69366
4.68685
4.6944
4.70174
4.69838
4.63359
4.64003
4.64223
4.64009
4.6512
4.65358
4.65737
4.6502
4.65161
4.66066
4.67834
4.67589
4.68612
4.69311
4.71443
4.72734
4.73468
4.77667
4.79309
4.79611
4.82116
4.84435
4.84716
4.86576
4.88762
4.89696
4.92464
4.89728
4.88762
4.88436
4.90153
4.90243
4.93953
4.97258
4.99024
4.9974
5.05343
5.05769
5.08139
5.07608
5.08888
5.09049
5.08751
5.09701
5.11941
5.08933
5.05339
5.02692
5.09311
5.09593
5.08089
5.09414
5.10206
5.19922
5.21793
5.16586
5.21601
5.26587
5.26065
5.34725
5.39628
5.37573
5.4381
5.44752
5.4569
5.53994
5.61626
5.61605
5.63895
5.66257
5.6363
5.61435
5.53241
5.51907
5.45751
5.39329
5.34801
5.3455
5.32655
5.29023
5.28723
5.31111
5.25845
5.28228
5.31037
5.26012
5.24334
5.17671
5.14677
5.06035
5.01501
5.00034
4.86988
4.77292
4.80297
4.7606
4.7197
4.71786
4.68693
4.65159
4.71943
4.69486
4.67675
4.67174
4.65382
4.54466
4.53304
4.51153
4.51748
4.52378
4.53458
4.44405
4.44001
4.39888
4.38394
4.37307
4.3327
4.362
4.37784
4.37853
4.35484
4.31975
4.25544
4.23448
4.22686
4.12652
4.16039
4.12252
4.10735
4.15277
4.1586
4.19703
4.25015
4.23293
4.24801
4.29288
4.26779
4.2685
4.25172
4.14088
4.08858
4.07703
4.02786
4.00193
3.99383
3.973
3.96404
3.93424
3.90998
3.9275
4.03575
3.98333
4.01002
4.01391
4.05286
4.16432
4.2627
4.30463
4.43291
4.56072
4.59645
4.68583
4.75837
4.74145
4.76953
4.74404
4.74595
4.79466
4.87161
4.86737
4.96988
5.01172
5.00712
5.08341
5.12566
5.08867
5.07906
5.09398
5.04241
4.99986
4.96938
4.97353
4.98157
4.98562
5.02402
5.03655
5.03536
5.01051
5.05231
5.12729
5.15208
5.2197
5.30994
5.32072
5.31748
5.32069
5.32514
5.3014
5.25854
5.26778
5.24344
5.23632
5.2023
5.11678
5.06073
5.05442
4.92639
4.85166
4.76286
4.6856
4.6114
4.52025
4.44253
4.37572
4.30376
4.31227
4.30767
4.2562
4.21568
4.19265
4.14744
4.18061
4.2302
4.21194
4.18885
4.09184
4.02649
3.95374
3.87852
3.82579
3.78943
3.73456
3.68157
3.68376
3.6548
3.62934
3.63763
3.648
3.63221
3.67229
3.71571
3.69155
3.7162
3.71546
3.69196
3.65671
3.62657
3.60637
3.58433
3.58642
3.5287
3.50712
3.50044
3.51867
3.48551
3.43596
3.41269
3.42024
3.47867
3.47436
3.51373
3.53904
3.53047
3.56267
3.60662
3.62267
3.6894
3.73639
3.75115
3.76862
3.82322
3.82542
3.9089
3.96662
3.98097
4.01664
4.05986
4.02922
4.09226
4.13409
4.1161
4.17541
4.19104
4.20161
4.24396
4.31427
4.25653
4.30278
4.28848
4.22338
4.20021
4.17609
4.1097
4.07094
4.00527
3.93225
3.95757
3.98734
3.97059
3.99774
4.0295
4.009
4.04788
4.07662
4.08708
4.15812
4.19838
4.2278
4.26523
4.27133
4.22791
4.18182
4.15245
4.09965
4.08329
4.14204
4.06921
4.01736
3.97106
3.94911
3.77627
3.72373
3.73603
3.75439
3.7699
3.65874
3.67391
3.70829
3.69444
3.70596
3.65797
3.61426
3.59028
3.54455
3.47413
3.33977
3.22608
3.13654
3.0728
3.04663
2.9953
3.04737
3.07006
3.06521
2.97023
2.97265
2.90904
2.93584
2.93478
2.93995
3.04993
2.98027
2.92481
2.91912
2.8889
2.85235
2.82432
2.82796
2.79378
2.75676
2.73558
2.71366
2.70084
2.64428
2.61573
2.61792
2.6239
2.60414
2.60554
2.6113
2.60045
2.60809
2.57966
2.55887
2.53321
2.66997
2.66098
2.67032
2.65861
2.61257
2.61394
2.58594
2.55883
2.49484
2.45031
2.41287
2.42032
2.38847
2.40013
2.37487
2.37794
2.38301
2.38826
2.43419
2.39818
2.34414
2.29157
2.25995
2.22536
2.18729
2.39572
2.37506
2.35688
2.32738
2.29718
2.24841
2.21922
2.20179
2.15803
2.13763
2.10569
2.08263
2.07159
2.06198
2.0181
2.00693
1.93916
1.81964
1.78781
1.70181
1.70425
1.71752
1.72169
1.69182
1.66965
1.64014
1.57873
1.53278
1.51566
1.50204
1.47525
1.47005
1.49211
1.49955
1.51326
1.51921
1.52366
1.49737
1.43686
1.40164
1.32241
1.30584
1.3124
1.30448
1.28633
1.28177
1.25039
1.233
1.21932
1.19652
1.18541
1.15142
1.12292
1.13579
1.13052
1.1345
1.17314
1.18631
1.2192
1.21532
1.22164
1.24272
1.27937
1.29608
1.33471
1.38536
1.41722
1.53479
1.69183
1.78287
1.96557
2.16155
2.24654
2.4056
2.55803
2.75542
2.83851
2.97005
3.01154
3.16381
3.27907
3.31182
3.39507
3.48051
3.4912
3.52068
3.56237
3.57404
3.67213
3.74377
3.76765
3.88353
4.00106
4.01716
4.10057
4.24792
4.23801
4.20986
4.17464
4.08626
4.08148
4.03264
3.93603
3.91575
3.89185
3.80178
3.79772
3.76975
3.70314
3.74215
3.71338
3.64613
3.53939
3.44479
3.28421
3.18907
3.1138
3.04362
2.97272
2.93193
2.88765
2.88538
2.87828
2.81984
2.82001
2.84206
2.73369
2.72013
2.71275
2.60814
2.58674
2.5299
2.44611
2.31442
2.24703
2.18111
2.11728
2.05308
2.01497
1.97315
1.86088
1.79843
1.69682
1.60244
1.53521
1.43435
1.33927
1.26925
1.20734
1.13532
1.34005
1.2284
1.09624
1.01955
0.939803
0.855787
0.789433
0.719792
0.645498
0.601238
0.528854
0.479803
0.460752
0.451991
0.418171
0.413947
0.415602
0.417581
0.4136
0.416678
0.411701
0.404988
0.410035
0.410648
0.406644
0.491366
0.474097
0.458646
0.441586
0.4261
0.415995
0.409676
0.395729
0.39191
0.387153
0.382454
0.379676
0.385949
0.384699
0.3764
0.380937
0.466447
0.527014
0.655602
0.783241
0.850093
0.98934
1.11617
1.17676
1.29499
1.4949
1.52792
1.6994
1.86414
1.90016
2.0528
2.10016
2.08418
2.19262
2.30313
2.32487
2.56868
2.73804
2.74528
2.77066
2.82101
2.83508
2.96541
2.98288
2.92256
3.04506
3.05213
3.04485
3.13463
3.20373
3.18368
3.09663
2.99056
2.91072
2.77109
2.70976
2.62097
2.61668
2.60678
2.54803
2.59682
2.62855
2.60647
2.62689
2.54641
2.48919
2.43191
2.33442
2.24622
2.17957
2.08652
2.0335
1.95119
1.82378
1.69803
1.70178
1.5434
1.4488
1.32803
1.25167
1.17456
1.12237
1.05146
0.98831
0.920394
0.868009
0.819769
0.764387
0.673843
0.642442
0.578414
0.504271
0.476019
0.448634
0.434641
0.431215
0.416215
0.410174
0.408299
0.39588
0.438738
0.411273
0.391667
0.389618
0.387882
0.380116
0.377477
0.376019
0.375613
0.377234
0.376956
0.380949
0.391539
0.409745
0.500567
0.558935
0.593924
0.676829
0.752627
0.790521
0.869005
0.928333
0.930197
1.01139
1.09647
1.08332
1.17047
1.2545
1.2999
1.38894
1.45242
1.51169
1.61208
1.7167
1.75066
1.85763
1.93976
1.9712
2.06421
2.15159
2.20965
2.25355
2.36153
2.40935
2.48046
2.5765
2.60003
2.66265
2.6655
2.68616
2.71008
2.76464
2.76149
2.80404
2.84946
2.83439
2.87822
2.92023
2.89654
2.85874
2.83541
2.83172
2.84005
2.84014
2.83688
2.81282
2.76145
2.77177
2.74447
2.71302
2.69764
2.61663
2.53926
2.52081
2.46263
2.37146
2.33814
2.23699
2.16488
2.16921
2.25341
2.31486
2.31875
2.32928
2.28495
2.23118
2.1958
2.10841
2.05024
1.98269
1.94678
1.90112
1.86214
1.78238
1.75189
1.68539
1.6662
1.60741
1.57863
1.53655
1.82334
1.69124
1.55801
1.44844
1.31991
1.23249
1.15799
1.0531
0.972083
0.932616
0.893472
0.876725
0.864907
0.860289
0.839352
0.806377
0.799167
0.780648
0.760475
0.716586
0.72691
0.698831
0.683924
0.685498
0.672477
0.658542
0.644317
0.655197
0.666273
0.680579
0.690231
0.697986
0.705822
0.691771
0.697222
0.67331
0.664074
0.696725
0.707373
0.707523
0.699456
0.723345
0.737998
0.730417
0.729606
0.718437
0.717072
0.733113
0.712731
0.683484
0.656667
0.65294
0.6614
0.666088
0.672326
0.711412
0.721655
0.72397
0.719977
0.746088
0.741678
0.757442
0.718206
0.689757
0.741516
0.761563
0.762164
0.765012
0.769132
0.762546
0.740313
0.777292
0.783924
0.793808
0.823183
0.812986
0.814236
0.825787
0.819398
0.798738
0.790231
0.783183
0.796991
0.844688
0.865822
0.92559
0.99522
1.03373
1.12303
1.17411
1.204
1.23498
1.24713
1.25723
1.24043
1.23458
1.21902
1.25132
1.25275
1.2511
1.26581
1.25775
1.26058
1.29703
1.3333
1.35506
1.43183
1.49112
1.49706
1.5122
1.48896
1.46745
1.4588
1.44322
1.44044
1.45295
1.48469
1.48633
1.47059
1.48209
1.48716
1.48219
1.45985
1.43567
1.4039
1.37322
1.32382
1.28093
1.22529
1.21181
1.19486
1.1701
1.16236
1.1301
1.14681
1.14471
1.16191
1.19921
1.17715
1.14006
1.1385
1.14425
1.12387
1.12213
1.11609
1.06169
1.02887
1.0125
0.974225
0.938368
0.934549
0.895914
0.903889
0.889815
0.872373
0.8475
0.841609
0.876424
0.87265
0.834803
0.828333
0.818576
0.800937
0.800579
0.613056
0.608032
0.556273
0.498808
0.487697
0.508588
0.472813
0.424815
0.389884
0.350266
0.352292
0.367049
0.389977
0.405822
0.430972
0.458866
0.463183
0.477986
0.483854
0.491343
0.484699
0.455197
0.445521
0.427789
0.422326
0.416898
0.43169
0.439873
0.44353
0.448021
0.448727
0.444051
0.426667
0.407384
0.400775
0.402905
0.418067
0.423519
0.428229
0.453727
0.450174
0.472755
0.49728
0.499641
0.617963
0.764722
0.798947
0.842731
0.986285
1.01515
1.10385
1.17782
1.17258
1.17612
1.14603
1.13345
1.10568
1.02977
0.984306
0.953044
0.944236
0.897743
0.853773
0.809225
0.777616
0.733831
0.736458
0.738322
0.708507
0.656007
0.638588
0.599942
0.560972
0.544549
0.498218
0.458056
0.432431
0.375532
0.335567
0.351354
0.415
0.423519
0.420104
0.411076
0.410127
0.40853
0.494583
0.48625
0.472951
0.521921
0.499641
0.483947
0.505266
0.559178
0.593414
0.662477
0.717326
0.736424
0.805208
0.860694
0.875775
0.889144
0.890498
0.891227
0.904387
0.901794
0.916505
0.973079
0.976343
1.00999
1.05315
1.12721
1.14123
1.21955
1.17716
1.18035
1.12716
1.10122
1.0697
1.0367
0.981551
0.945289
0.900671
0.855104
0.832928
0.758403
0.759954
0.759884
0.720544
0.747824
0.744954
0.754329
0.746227
0.745
0.756065
0.758704
0.747697
0.79081
0.798623
0.808252
0.834722
0.848866
0.862836
0.870683
0.879005
0.879514
0.878449
0.886713
0.878079
0.883125
0.872894
0.877488
0.896863
0.886134
0.89169
0.903345
0.899063
0.891366
0.875139
0.867755
0.858519
0.878241
0.859884
0.873877
0.887234
0.897986
0.914699
0.927326
0.93162
0.939363
0.954734
0.973576
0.978773
1.08096
1.13649
1.14122
1.15684
1.20781
1.24794
1.30071
1.36339
1.41843
1.43751
1.43434
1.42851
1.41803
1.4337
1.4212
1.41222
1.43318
1.41752
1.39486
1.37807
1.37501
1.3839
1.4002
1.38351
1.33736
1.28667
1.28904
1.23081
1.20405
1.20686
1.16418
1.13429
1.11569
1.08937
1.03233
1.02637
1.01773
1.00187
0.989016
0.932512
0.882998
0.867998
0.815845
0.787778
0.781748
0.776944
0.773449
0.769155
0.775336
0.771134
0.773426
0.758009
0.769525
0.770266
0.774363
0.801632
0.799479
0.794456
0.795081
0.790868
0.789178
0.78772
0.794595
0.780891
0.784977
0.786065
0.783183
0.788762
0.780486
0.780903
0.784769
0.781539
0.781377
0.775498
0.779444
0.802616
0.799248
0.796227
0.812882
0.813866
0.811817
0.817512
0.816968
0.815694
0.815995
0.814375
0.814537
0.815266
0.786863
0.788843
0.788009
0.800741
0.782847
0.775556
0.746238
0.749329
0.752708
0.747512
0.745069
0.746042
0.749051
0.742454
0.746701
0.76706
0.792905
0.816817
0.833808
0.834271
0.846782
0.849248
0.866308
0.861053
0.85147
0.826123
0.834271
0.830521
0.838229
0.854514
0.924109
0.969919
1.04657
1.12795
1.16958
1.26059
1.295
1.30831
1.3515
1.37122
1.37087
1.46131
1.51964
1.52457
1.52459
1.60083
1.6251
1.75821
1.82088
1.84822
1.99389
1.98088
1.94624
1.93686
1.92909
1.9101
1.9394
1.91135
1.90859
1.9011
1.89642
1.86861
1.83551
1.82204
1.79992
1.72179
1.65691
1.62115
1.54432
1.48209
1.44984
1.39492
1.33456
1.32705
1.31928
1.32709
1.28801
1.23219
1.20295
1.20135
1.18846
1.18957
1.18874
1.20887
1.21051
1.19719
1.16575
1.1649
1.16198
1.16713
1.15358
1.12201
1.10199
1.07588
1.05991
1.06101
1.05994
1.05698
1.06444
1.06727
0.996123
0.989595
0.990243
1.00554
1.05311
1.07543
1.06914
1.06988
1.10545
1.08168
1.08925
1.00796
0.984687
0.976435
1.04774
1.01118
0.995347
1.05067
0.996875
0.94559
0.899132
0.931968
1.0095
0.844028
0.845995
0.902766
0.898426
0.89831
0.867118
0.852315
0.837141
0.838704
0.825058
0.797731
0.799178
0.801169
0.81485
0.817176
0.863079
0.872211
0.922373
0.958877
0.961447
1.00975
1.03964
1.03212
1.06438
1.08468
1.08078
1.11736
1.12091
1.11299
1.13822
1.14622
1.14753
1.17056
1.198
1.19793
1.21168
1.22551
1.22078
1.2435
1.31067
1.4075
1.59387
1.66009
1.66123
1.7176
1.54765
1.59186
1.5351
1.4561
1.35547
1.36541
1.33394
1.34115
1.34295
1.35271
1.34944
1.34969
1.3526
1.34343
1.3489
1.34969
1.34788
1.34942
1.34582
1.34065
1.33186
1.33009
1.31859
1.32205
1.31012
1.30105
1.29885
1.30082
1.29375
1.29284
1.29455
1.28797
1.27134
1.27354
1.26624
1.26715
1.26759
1.26965
1.27208
1.25927
1.26209
1.26723
1.27214
1.27837
1.277
1.27876
1.28006
1.27465
1.27191
1.2716
1.27241
1.27089
1.27851
1.30705
1.33463
1.34928
1.49659
1.55377
1.58543
1.47448
1.41634
1.29806
1.29811
1.27441
1.26983
1.26887
1.26992
1.27325
1.27346
1.27861
1.27626
1.27943
1.30295
1.31551
1.35067
1.37792
1.39314
1.41505
1.41706
1.40787
1.39693
1.37969
1.35824
1.33328
1.31122
1.30075
1.29241
1.29057
1.28794
1.29001
1.29458
1.29818
1.30755
1.31153
1.30654
1.3089
1.30725
1.30205
1.28618
1.2758
1.26885
1.26495
1.28174
1.29222
1.32205
1.34534
1.35395
1.34081
1.35851
1.36221
1.36301
1.37437
1.37435
1.38258
1.37929
1.38317
1.36715
1.36194
1.37245
1.35907
1.35644
1.35112
1.34958
1.34778
1.34659
1.34127
1.33738
1.33782
1.34057
1.34749
1.34514
1.34977
1.34676
1.35043
1.35051
1.35368
1.35711
1.3458
1.34617
1.34733
1.34223
1.34369
1.34843
1.3506
1.35861
1.35889
1.36509
1.36097
1.35431
1.34917
1.34997
1.35105
1.36671
1.37277
1.37926
1.38163
1.37498
1.35691
1.35698
1.36125
1.36506
1.36534
1.37709
1.39536
1.43153
1.46584
1.48201
1.53125
1.58936
1.6199
1.66904
1.71787
1.74516
1.79407
1.82433
1.8413
1.87818
1.91734
1.94068
1.97854
2.02811
2.06208
2.21957
2.25253
2.2666
2.30161
2.33274
2.33972
2.37456
2.42721
2.45274
2.49093
2.53564
2.56392
2.61749
2.65872
2.68352
2.71286
2.76106
2.77816
2.81189
2.83076
2.84613
2.86976
2.90407
2.92588
2.97914
3.25439
3.21237
3.20031
3.17344
3.20164
3.2401
3.27844
3.30663
3.32485
3.32939
3.33961
3.35613
3.39536
3.431
3.47186
3.49603
3.51712
3.54559
3.56569
3.57932
3.59837
3.60938
3.6206
3.63032
3.63361
3.67336
3.68249
3.70554
3.70728
3.73512
3.76958
3.78851
3.82546
3.84995
3.86271
3.90069
3.93037
3.93253
3.96693
3.99647
3.9976
4.00507
4.01787
4.02051
4.0194
4.02527
4.01759
4.00837
4.00086
3.99134
3.98852
4.00578
4.00058
4.02961
4.01624
4.01322
4.02722
4.03912
4.0461
4.076
4.09589
4.1015
4.13005
4.136
4.14122
4.14532
4.15466
4.16243
4.17458
4.19824
4.20563
4.21981
4.22433
4.21494
4.22799
4.23679
4.24666
4.25078
4.26723
4.27193
4.28642
4.29723
4.30149
4.31817
4.33279
4.33537
4.34812
4.34758
4.34846
4.33985
4.3413
4.34902
4.3305
4.3388
4.32649
4.32294
4.32156
4.32194
4.32167
4.34253
4.26138
4.26594
4.27405
4.28419
4.29594
4.31613
4.31001
4.28993
4.26895
4.2564
4.24429
4.22509
4.2303
4.21166
4.20765
4.20691
4.20001
4.19237
4.19314
4.19097
4.16785
4.16345
4.14593
4.12507
4.13377
4.10015
4.10409
4.11067
4.12696
4.11022
4.10675
4.11657
4.10949
4.11032
4.11749
4.10846
4.09978
4.08955
4.10064
4.10269
4.10128
4.11079
4.11323
4.12514
4.12171
4.12493
4.12318
4.14003
4.1441
4.16059
4.16303
4.17532
4.17635
4.18421
4.17946
4.18648
4.20552
4.20363
4.19372
4.20229
4.20906
4.22424
4.22448
4.23692
4.23848
4.23797
4.24093
4.24228
4.24167
4.24214
4.23983
4.24373
4.24325
4.2444
4.23687
4.18654
4.17853
4.17312
4.17235
4.17395
4.17097
4.15906
4.15421
4.15758
4.16175
4.16185
4.16584
4.16304
4.15878
4.15917
4.1524
4.14931
4.15171
4.15277
4.15519
4.15324
4.15043
4.13113
4.13167
4.13147
4.16546
4.18324
4.1872
4.17709
4.18052
4.18178
4.1915
4.19512
4.19676
4.2105
4.21953
4.21872
4.21404
4.21348
4.21391
4.21272
4.22068
4.22623
4.23281
4.24049
4.24703
4.25343
4.25381
4.25146
4.25156
4.23
4.23444
4.23666
4.23769
4.24587
4.24468
4.24221
4.24481
4.25245
4.25213
4.25637
4.25422
4.2528
4.25104
4.24711
4.24596
4.24608
4.25003
4.24841
4.25512
4.25115
4.24475
4.24216
4.24192
4.23823
4.23
4.22503
4.24211
4.25034
4.25613
4.24838
4.25868
4.25358
4.24722
4.24207
4.23674
4.23115
4.22902
4.22285
4.22138
4.23013
4.24047
4.23656
4.23619
4.22978
4.2226
4.22128
4.22807
4.22204
4.2226
4.20616
4.21425
4.21308
4.21807
4.22146
4.22593
4.22181
4.23963
4.23898
4.23995
4.23769
4.23734
4.24027
4.24483
4.25179
4.25454
4.26411
4.26106
4.26251
4.26818
4.2669
4.27351
4.2853
4.29209
4.29984
4.28035
4.28289
4.28638
4.28411
4.27858
4.2751
4.27375
4.27381
4.26108
4.25418
4.24919
4.24299
4.24816
4.24461
4.2444
4.24747
4.24205
4.24487
4.24628
4.24811
4.24692
4.24583
4.24537
4.24623
4.24676
4.18777
4.17896
4.17844
4.18142
4.18392
4.17898
4.19142
4.19147
4.17762
4.17076
4.16546
4.16189
4.16609
4.16686
4.18623
4.18813
4.19384
4.19365
4.19572
4.20122
4.20389
4.19991
4.18554
4.19047
4.19103
4.15329
4.16795
4.16991
4.17855
4.17001
4.1767
4.18291
4.18286
4.17788
4.16925
4.15954
4.17534
4.17975
4.17509
4.18317
4.17375
4.17314
4.16872
4.16036
4.1658
4.17574
4.18084
4.19704
4.19525
4.18722
4.14184
4.13905
4.14314
4.14929
4.15235
4.15865
4.16894
4.17634
4.16575
4.16238
4.15628
4.15466
4.16605
4.17486
4.18547
4.18839
4.19905
4.2013
4.19612
4.19626
4.19637
4.20102
4.20171
4.20587
4.20788
4.19707
4.20347
4.21512
4.21691
4.22054
4.22914
4.22442
4.23149
4.24266
4.24811
4.25343
4.25089
4.25448
4.25765
4.26153
4.26257
4.26175
4.26503
4.27287
4.27672
4.2806
4.2816
4.2769
4.27955
4.28138
4.2402
4.23838
4.24188
4.24726
4.24848
4.24869
4.24653
4.25086
4.25054
4.25003
4.25495
4.25535
4.25381
4.25708
4.25917
4.25738
4.25969
4.26017
4.26131
4.26186
4.2636
4.26404
4.26874
4.27911
4.28576
4.33838
4.34119
4.33909
4.33863
4.34148
4.34296
4.35722
4.35766
4.36206
4.36679
4.37186
4.3876
4.38706
4.38898
4.3886
4.38763
4.38763
4.38475
4.38626
4.38655
4.38519
4.39098
4.38947
4.38823
4.38572
4.35043
4.35301
4.35062
4.35536
4.3583
4.35715
4.35934
4.36743
4.36154
4.36429
4.36106
4.36006
4.36003
4.35575
4.35255
4.35606
4.35674
4.35644
4.3564
4.35705
4.35806
4.36084
4.36402
4.36454
4.36294
4.35796
4.35794
4.36753
4.37061
4.36105
4.35992
4.3644
4.36927
4.36491
4.36194
4.3644
4.36294
4.3641
4.36513
4.36574
4.38238
4.38456
4.39029
4.39586
4.39487
4.39049
4.38845
4.37652
4.37995
4.37622
4.29359
4.31128
4.31495
4.31831
4.32098
4.3281
4.33238
4.33292
4.33309
4.33086
4.32883
4.33003
4.3331
4.32442
4.33123
4.33267
4.33043
4.32981
4.32966
4.33148
4.32834
4.32675
4.32844
4.33008
4.32965
4.31037
4.30993
4.32191
4.32186
4.31961
4.31898
4.3219
4.32508
4.32677
4.33002
4.33954
4.35139
4.35479
4.36111
4.35998
4.35613
4.35755
4.36507
4.36435
4.36262
4.36197
4.36228
4.3611
4.35637
4.3558
4.33178
4.33306
4.33549
4.33505
4.34155
4.34593
4.34411
4.34697
4.34472
4.31007
4.32692
4.3352
4.33878
4.34086
4.34084
4.33861
4.33969
4.34991
4.34997
4.3459
4.34575
4.34601
4.35413
4.35488
4.3569
4.36176
4.36525
4.37067
4.36655
4.37149
4.37067
4.36315
4.36455
4.36613
4.34692
4.34843
4.34683
4.34752
4.34404
4.34675
4.35009
4.34902
4.34295
4.34135
4.34742
4.35477
4.35245
4.35694
4.35708
4.35977
4.36383
4.36757
4.37057
4.37203
4.37472
4.38013
4.38398
4.39142
4.39838
4.38686
4.42411
4.42425
4.43715
4.43116
4.42865
4.41966
4.41447
4.41323
4.40757
4.40501
4.40582
4.40579
4.41119
4.41346
4.42902
4.44493
4.4506
4.45613
4.4602
4.46057
4.45873
4.45008
4.44941
4.44669
4.42024
4.41846
4.41465
4.41416
4.41624
4.40468
4.40573
4.40868
4.40708
4.42063
4.41343
4.40656
4.40806
4.40927
4.40892
4.41003
4.40325
4.40284
4.40823
4.40911
4.40685
4.40566
4.40597
4.40508
4.39884
4.35917
4.34833
4.3585
4.34916
4.34458
4.32149
4.32478
4.32903
4.32113
4.3174
4.32096
4.32899
4.32682
4.33315
4.33338
4.33642
4.32713
4.34106
4.34112
4.3495
4.34872
4.35131
4.35249
4.35047
4.34706
4.33544
4.3306
4.33304
4.32652
4.31934
4.31994
4.30867
4.31331
4.32558
4.32764
4.33197
4.33465
4.32765
4.32133
4.31869
4.32146
4.3303
4.33159
4.33992
4.33745
4.33668
4.339
4.33789
4.33806
4.33506
4.31882
4.31542
4.31971
4.32736
4.33396
4.34241
4.33766
4.34308
4.34291
4.34692
4.34455
4.34236
4.33936
4.34041
4.33954
4.3399
4.33734
4.33825
4.33885
4.34057
4.33966
4.34029
4.33718
4.3366
4.3334
4.30916
4.31141
4.3158
4.31965
4.31613
4.31289
4.33777
4.32983
4.33227
4.32834
4.3275
4.33316
4.32565
4.32384
4.31588
4.31801
4.32119
4.32001
4.31772
4.31431
4.31329
4.30947
4.29231
4.28534
4.28907
4.22407
4.21341
4.21809
4.2241
4.22354
4.21834
4.21402
4.22737
4.23896
4.23407
4.23229
4.2477
4.26361
4.27118
4.26903
4.277
4.29534
4.29883
4.30687
4.30712
4.30499
4.30241
4.30389
4.30433
4.30174
4.30868
4.31125
4.31236
4.31221
4.30699
4.2973
4.29363
4.29523
4.30102
4.30788
4.30135
4.30358
4.30632
4.30334
4.31223
4.31981
4.33203
4.34552
4.35247
4.35941
4.36181
4.36685
4.37794
4.41977
4.43264
4.58617
4.59368
4.60834
4.61484
4.61507
4.62271
4.61858
4.61681
4.61426
4.62282
4.63447
4.65213
4.64959
4.65722
4.65984
4.66719
4.67193
4.67412
4.67463
4.6765
4.67847
4.68644
4.68567
4.68266
4.68013
4.64535
4.67453
4.67527
4.68041
4.6785
4.67971
4.67666
4.67731
4.65992
4.66449
4.66519
4.66564
4.6587
4.65595
4.64877
4.64161
4.64052
4.63846
4.6347
4.622
4.62767
4.63383
4.6359
4.62635
4.63709
4.61622
4.62215
4.63348
4.64476
4.64464
4.65137
4.65295
4.66295
4.66573
4.66375
4.67337
4.68322
4.67876
4.67816
4.67257
4.67523
4.67797
4.6773
4.68257
4.68491
4.68231
4.67802
4.6836
4.66672
4.6475
4.59095
4.57843
4.60561
4.61296
4.58598
4.57375
4.59293
4.58716
4.61256
4.61942
4.62973
4.64122
4.64172
4.64319
4.65009
4.64248
4.65264
4.64667
4.64255
4.64756
4.65045
4.64553
4.65296
4.65259
4.65286
4.61826
4.62573
4.62887
4.62867
4.62997
4.63672
4.6325
4.63457
4.6326
4.62348
4.60775
4.62895
4.61884
4.64293
4.64544
4.64407
4.65434
4.66451
4.66647
4.6538
4.65291
4.67361
4.63339
4.68508
4.73977
4.88604
4.90185
4.89326
4.91863
4.94829
4.93763
4.92253
4.91529
4.83063
4.81679
4.82402
4.81796
4.8
4.7975
4.81369
4.80187
4.79241
4.79208
4.7841
4.79661
4.79124
4.81105
4.82685
4.82516
4.85313
4.90676
4.91382
4.91301
4.92181
4.91483
4.87574
4.86178
4.86848
4.83479
4.83397
4.82539
4.81373
4.79769
4.80182
4.77038
4.79435
4.83025
4.87003
4.8649
4.87929
4.8864
4.89196
4.89478
4.91078
4.9117
4.86247
4.87057
4.86697
4.85115
4.8333
4.81339
4.81406
4.8052
4.80491
4.81091
4.79495
4.79203
4.81876
4.82236
4.81909
4.83356
4.816
4.82822
4.83456
4.85535
4.84618
4.84057
4.84914
4.84164
4.81148
4.78131
4.79501
4.77809
4.783
4.78791
4.77395
4.78903
4.7895
4.77829
4.76979
4.74818
4.74896
4.78313
4.79649
4.79755
4.82168
4.82652
4.81051
4.81049
4.79279
4.75891
4.74726
4.75186
4.75736
4.7933
4.7938
4.77383
4.79949
4.81714
4.81418
4.82802
4.83519
4.83082
4.83391
4.84281
4.83244
4.85029
4.84911
4.83742
4.83666
4.84215
4.84054
4.8309
4.82899
4.82293
4.83281
4.8356
4.81975
4.81144
4.82448
4.70786
4.71193
4.71144
4.70648
4.70734
4.71559
4.71384
4.70793
4.70772
4.70686
4.70409
4.70324
4.70392
4.70126
4.70411
4.69817
4.69698
4.68418
4.68108
4.67833
4.67848
4.67226
4.67412
4.67521
4.66965
4.6615
4.6591
4.66333
4.68854
4.68987
4.69014
4.69131
4.68976
4.68921
4.68682
4.68797
4.69589
4.69447
4.67775
4.66008
4.65463
4.65554
4.66091
4.66358
4.65653
4.65134
4.64377
4.63991
4.63194
4.63089
4.63138
4.63414
4.63161
4.63625
4.652
4.65534
4.65553
4.6581
4.66284
4.66432
4.68333
4.68679
4.68363
4.68451
4.68976
4.68381
4.67867
4.68103
4.67502
4.67078
4.67106
4.67867
4.68384
4.6834
4.69216
4.69691
4.69343
4.724
4.73539
4.74307
4.74218
4.73259
4.75093
4.74767
4.74882
4.76191
4.75061
4.74774
4.74881
4.75581
4.73736
4.7377
4.73101
4.7283
4.7308
4.73255
4.76828
4.78079
4.82132
4.8636
4.95612
4.98566
4.97816
4.97986
4.99122
5.03487
5.03179
5.04781
5.08991
5.09632
5.12701
5.16917
5.1647
5.19563
5.17052
5.15052
5.12323
5.10266
5.07634
5.0812
5.07918
5.0585
5.01538
5.0214
5.00683
5.04278
5.02291
5.04322
5.00882
4.99948
4.97902
5.01991
5.08184
5.08226
5.102
5.19487
5.20795
5.22253
5.24922
5.31111
5.33257
5.39907
5.3937
5.48921
5.51275
5.54884
5.62119
5.81727
5.81832
5.88138
5.91648
5.93406
5.95116
5.95568
5.95626
5.99553
5.91775
5.94844
5.92876
5.88377
5.87439
5.89352
5.92654
5.90147
5.88448
5.81296
5.81094
5.78138
5.8609
5.85417
5.55897
5.46867
5.45565
5.22652
5.13601
4.98179
5.01334
4.98951
4.99078
4.74066
4.72907
4.74469
4.78563
4.80034
4.82696
4.63839
4.63578
4.59138
4.57377
4.64971
4.69476
4.70981
4.82043
4.7649
4.72308
4.69076
4.68715
4.73221
4.71821
4.69662
4.64461
4.74771
4.78477
4.82066
4.80377
4.76586
4.77064
4.67951
4.63053
4.617
4.696
4.69669
4.64866
4.63076
4.64963
4.67779
4.73331
4.74589
4.76422
4.77432
4.72475
4.71707
4.65266
4.58657
4.49883
4.42627
4.43282
4.45764
4.48554
4.44556
4.45453
4.50132
4.49286
4.45709
4.44422
4.41737
4.45191
4.52993
4.54036
4.5638
4.57797
4.54124
4.57241
4.55318
4.56045
4.56338
4.51584
4.53984
4.57025
4.54174
4.49865
4.62685
4.76144
4.75919
4.78877
4.75686
4.72019
4.69459
4.6487
4.58118
4.53654
4.47365
4.40807
4.47877
4.45881
4.35532
4.34715
4.33519
4.31012
4.31557
4.33142
4.3502
4.42916
4.56348
4.57001
4.44478
4.4963
4.44925
4.502
4.51752
4.48704
4.48977
4.52743
4.52685
4.57105
4.55615
4.5313
4.53116
4.55899
4.48252
4.54045
4.58691
4.59456
4.59211
4.53333
4.47903
4.40532
4.32557
4.25672
4.23277
4.30565
4.23449
4.2792
4.30274
4.2822
4.30346
4.28118
4.26249
4.25282
4.26318
4.25891
4.28086
4.28352
4.19782
4.18455
4.13666
4.12219
4.11024
4.05244
4.07625
4.03788
4.00919
4.01388
3.98326
3.93921
3.91959
3.85429
3.86469
3.81758
3.81625
3.76144
3.71179
3.68212
3.62031
3.58304
3.49661
3.44882
3.41926
3.37024
3.29933
3.24469
3.26293
3.24219
3.20443
3.26367
3.28672
3.27392
3.30766
3.31081
3.27003
3.27622
3.25634
3.22318
3.18876
3.16475
3.11016
3.08799
3.05573
3.02918
3.09402
3.12354
3.12191
3.14286
3.2239
3.25442
3.31035
3.40962
3.44916
3.53295
3.57601
3.58123
3.65633
3.73715
3.7269
3.69882
3.88655
3.83943
3.82314
3.78376
3.70677
3.71909
3.72339
3.66382
3.70927
3.76675
3.7444
3.80087
3.78557
3.74554
3.75468
3.78567
3.71896
3.72973
3.79664
3.73668
3.80403
3.85101
3.74699
3.81694
3.85343
3.85029
3.84251
3.79061
3.70446
3.64065
3.59135
3.42079
3.41782
3.33166
3.16566
3.08604
3.05101
2.93762
2.92015
2.88113
2.80556
2.83066
2.84748
2.80565
2.82815
2.83866
2.80677
2.8494
2.89461
2.81954
3.02819
3.04091
3.01884
3.11584
3.22958
3.19993
3.24728
3.27012
3.21572
3.22543
3.27123
3.2502
3.34012
3.39777
3.39627
3.49691
3.57392
3.52826
3.57484
3.54233
3.48998
3.54323
3.59551
3.59696
3.63971
3.83252
3.78513
3.73667
3.7214
3.68116
3.74622
3.72855
3.72816
3.70281
3.72169
3.71377
3.73793
3.7553
3.77877
3.78648
3.83243
3.84237
3.82834
3.78848
3.73325
3.67698
3.59123
3.55559
3.50238
3.4776
3.53312
3.48435
3.44755
3.40336
3.43299
3.46517
3.47471
3.50128
3.54179
3.54575
3.58014
3.60575
3.61714
3.52631
3.54274
3.52266
3.54072
3.54682
3.55622
3.58238
3.53087
3.484
3.48238
3.44675
3.42618
3.44046
3.35025
3.29797
3.25622
3.23448
3.19412
3.20175
3.19644
3.17659
3.135
3.12853
3.10905
3.06962
3.01514
2.98536
3.01238
3.01186
3.00304
3.02701
3.03933
3.01414
3.0212
3.05479
3.05391
3.05041
3.08054
3.02676
2.96581
2.88498
2.84388
2.84259
2.86352
2.82642
2.81135
2.80338
2.77832
2.76642
2.7498
2.73163
2.70919
2.68759
2.66098
2.60995
2.62679
2.61719
2.59875
2.60257
2.61188
2.62353
2.67169
2.72595
2.69861
2.64803
2.63245
2.57911
2.55525
2.5503
2.55832
2.5436
2.52642
2.53839
2.5384
2.52654
2.54215
2.56369
2.56691
2.57049
2.57694
2.56354
2.58712
2.58532
2.61142
2.60361
2.60161
2.62931
2.65691
2.68543
2.69194
2.66453
2.66223
2.65773
2.66684
2.64363
2.63426
2.60878
2.60306
2.61457
2.65326
2.63501
2.62159
2.64876
2.61346
2.56193
2.53223
2.54391
2.5602
2.55759
2.55891
2.49868
2.48957
2.48042
2.45402
2.47152
2.5113
2.50691
2.53508
2.43407
2.38677
2.35216
2.37318
2.30146
2.27485
2.24184
2.24171
2.25641
2.26433
2.26514
2.41051
2.4363
2.42034
2.49625
2.534
2.51736
2.55007
2.53678
2.56424
2.56413
2.5676
2.50769
2.54035
2.51272
2.49442
2.50046
2.49216
2.46501
2.43006
2.36889
2.35831
2.4108
2.43777
2.42344
2.43719
2.45425
2.41411
2.39991
2.35348
2.31623
2.39981
2.48853
2.50723
2.58468
2.60519
2.60428
2.63481
2.64332
2.64413
2.66336
2.65498
2.60308
2.69877
2.77464
2.76833
2.82346
2.8848
2.8837
2.92208
2.97983
2.98237
2.99813
3.00427
2.97477
2.94873
2.8712
2.82318
2.74549
2.68253
2.58112
2.58428
2.53329
2.50273
2.43918
2.31514
2.22948
2.12241
2.04509
1.98116
1.91984
1.86314
1.79284
1.74742
1.71222
1.66463
1.61594
1.57133
1.52795
1.4505
1.3836
1.35624
1.32912
1.31709
1.45507
1.3925
1.26628
1.17344
1.07902
1.02854
0.979907
0.926019
0.874225
0.879965
0.864421
0.83522
0.831042
0.845532
0.830035
0.802014
0.705451
0.648044
0.624352
0.568924
0.563623
0.551042
0.493171
0.516007
0.522014
0.54265
0.544977
0.542095
0.539583
0.524977
0.508912
0.497037
0.447801
0.431262
0.402917
0.404884
0.427535
0.432164
0.45228
0.446285
0.502616
0.56022
0.552894
0.548056
0.550174
0.544097
0.572616
0.583831
0.59125
0.566146
0.536215
0.524282
0.535255
0.566331
0.580729
0.621667
0.666146
0.656539
0.644919
0.607199
0.605336
0.613935
0.597025
0.615671
0.78794
0.795556
0.781586
0.809942
0.752812
0.766875
0.727188
0.77066
0.759688
0.818252
0.792928
0.838218
0.859456
0.85809
0.796319
0.69684
0.695706
0.708553
0.756366
0.726829
0.740764
0.738229
0.690486
0.709236
0.704826
0.708218
0.722604
0.693252
0.676319
0.68235
0.693148
0.680046
0.696863
0.717766
0.700856
0.687859
0.700127
0.704919
0.809363
0.8014
0.801898
0.818113
0.828183
0.825984
0.833762
0.803333
0.821736
0.76162
0.80434
0.774167
0.813854
0.747234
0.731794
0.779722
0.784005
0.785382
0.788646
0.814282
0.840671
0.812789
0.781088
0.769387
0.724942
0.735127
0.700093
0.752558
0.756794
0.727731
0.73147
0.677882
0.674282
0.746794
0.740012
0.747234
0.7275
0.650764
0.643507
0.564583
0.486076
0.471458
0.452801
0.445521
0.4336
0.421447
0.405058
0.396435
0.384468
0.378183
0.377488
0.371771
0.367361
0.368229
0.407639
0.471412
0.504433
0.558877
0.612894
0.63963
0.706968
0.770683
0.76412
0.781736
0.799757
0.803009
0.881817
1.03418
1.03961
1.09777
1.17978
1.21206
1.29391
1.35703
1.35157
1.36656
1.34727
1.32763
1.30605
1.27564
1.26488
1.23921
1.24433
1.22992
1.17422
1.14178
1.12284
1.08162
1.01222
0.96375
0.900648
0.843785
0.811725
0.750417
0.695648
0.686238
0.638171
0.604734
0.589005
0.554525
0.529815
0.514826
0.47934
0.4439
0.433472
0.434063
0.466019
0.476701
0.488877
0.532581
0.576516
0.635289
0.721678
0.744225
0.78934
0.803032
0.817037
0.833542
0.922731
0.938634
0.993426
1.05764
1.06594
1.10513
1.07132
1.05544
1.0475
1.01789
1.00115
0.969028
0.939734
0.939954
0.939132
0.941169
0.938426
0.932025
0.936748
0.90794
0.916227
0.877836
0.849792
0.792535
0.752419
0.736296
0.670324
0.612326
0.588252
0.552477
0.523194
0.502593
0.480475
0.462153
0.445613
0.404097
0.376019
0.363287
0.35037
0.348843
0.347442
0.358021
0.377072
0.386539
0.408576
0.432697
0.444178
0.458935
0.465718
0.470949
0.479051
0.480231
0.477593
0.47963
0.46956
0.464005
0.497894
0.560671
0.609306
0.709132
0.8161
0.861528
0.962616
1.05481
1.0916
1.17987
1.26682
1.28677
1.33541
1.44663
1.45668
1.52932
1.62278
1.67141
1.71281
1.74113
1.74786
1.8284
1.91925
1.96285
2.05103
2.22037
2.31079
2.44881
2.62279
2.68941
2.78785
2.80087
2.79932
2.84828
2.90639
2.92084
2.96894
3.00411
2.93186
2.84387
2.6719
2.576
2.47471
2.40786
2.36701
2.31208
2.33538
2.31613
2.33705
2.34049
2.29888
2.32785
2.28711
2.22449
2.16769
2.1158
2.00958
1.92663
1.83106
1.72174
1.62097
1.51003
1.41865
1.4295
1.32234
1.22387
1.18799
1.10942
1.04475
0.99294
0.941829
0.879618
0.831493
0.764329
0.716875
0.673021
0.61728
0.555799
0.494491
0.409606
0.364051
0.354317
0.352512
0.352824
0.355648
0.357245
0.361794
0.369838
0.386782
0.397373
0.39485
0.383773
0.377894
0.368576
0.362315
0.360683
0.357812
0.35794
0.356215
0.358333
0.359745
0.360637
0.359988
0.360995
0.361262
0.361065
0.362384
0.361806
0.362569
0.363391
0.364444
0.363403
0.363403
0.355498
0.354942
0.380139
0.356134
0.358333
0.359919
0.360394
0.360752
0.360139
0.359097
0.35809
0.35647
0.357766
0.357396
0.357975
0.358067
0.358241
0.358553
0.360463
0.360035
0.359769
0.359988
0.360023
0.361574
0.360995
0.343762
0.344248
0.345428
0.346829
0.345012
0.344618
0.345556
0.345729
0.348171
0.347894
0.347373
0.353194
0.353171
0.35294
0.354699
0.354421
0.354236
0.355046
0.355706
0.355243
0.356424
0.356493
0.356389
0.356424
0.35816
0.358681
0.358368
0.358924
0.357917
0.357546
0.358102
0.359213
0.359595
0.360417
0.360023
0.360162
0.339225
0.34066
0.340625
0.34191
0.341019
0.342743
0.343507
0.342963
0.344306
0.344606
0.34647
0.347488
0.348391
0.348437
0.349317
0.348854
0.349479
0.349988
0.350035
0.349942
0.350799
0.351088
0.351771
0.354063
0.354236
0.347593
0.347431
0.347315
0.347986
0.346574
0.348356
0.348831
0.349456
0.349525
0.34985
0.349421
0.349352
0.350382
0.352465
0.355162
0.363808
0.374572
0.381794
0.39044
0.399826
0.406921
0.418113
0.453993
0.466794
0.525995
0.524167
0.539653
0.580382
0.607373
0.616887
0.641644
0.650752
0.655
0.661458
0.673241
0.680521
0.711227
0.731111
0.744387
0.787257
0.811667
0.815278
0.849688
0.870382
0.879028
0.916435
0.95265
0.959248
0.994873
1.04377
1.0111
1.06352
1.12343
1.13646
1.17936
1.20104
1.20528
1.23331
1.3227
1.2962
1.31573
1.35574
1.35255
1.40113
1.53132
1.56749
1.63723
1.69737
1.70567
1.74689
1.78985
1.7901
1.83457
1.90097
1.90722
1.96234
1.97514
1.961
1.95274
1.95287
1.94451
1.95877
1.98021
1.96523
1.9767
1.98358
1.95833
1.94936
1.91443
1.88873
1.89108
1.90919
1.91983
1.91425
1.96391
1.94183
1.90934
1.90847
1.87291
1.86521
1.88917
1.90127
1.93222
1.95748
1.95853
1.96389
1.95618
1.95789
1.95103
1.96219
1.93174
1.94822
1.93351
1.94611
1.92898
1.9333
1.92775
1.93691
1.93231
1.93032
1.93171
1.92376
1.91962
1.91274
1.90541
1.88906
1.88126
1.97531
2.02725
2.11345
2.19096
2.22289
2.2516
2.30362
2.34243
2.40747
2.47596
2.50494
2.52968
2.54152
2.5335
2.53468
2.52043
2.53019
2.53345
2.57473
2.58686
2.6128
2.62789
2.60497
2.61988
2.61089
2.5945
2.59799
2.58166
2.54334
2.54265
2.54569
2.54808
2.52102
2.51279
2.51109
2.507
2.49214
2.50119
2.51271
2.52837
2.54698
2.55788
2.58139
2.58973
2.60517
2.622
2.6208
2.64323
2.68887
2.70259
2.72557
2.74865
2.7681
2.81535
2.84844
2.85655
2.88
2.8831
2.89731
2.95336
3.02745
3.0695
3.15618
3.23748
3.2664
3.34022
3.42512
3.47204
3.55719
3.61304
3.63694
3.67177
3.70582
3.65179
3.71046
3.77508
3.81054
3.85943
3.89888
3.88671
3.91046
3.91968
3.9101
3.93178
3.93774
3.91903
3.94409
3.95721
3.95023
3.96148
3.97576
3.97259
3.98287
3.98483
3.95449
3.95134
3.93877
3.92738
3.91831
3.89896
3.88749
3.87693
3.85457
3.83814
3.83751
3.83524
3.82606
3.85387
3.89545
3.90148
3.93726
3.96894
3.95921
3.99767
4.03388
4.01145
4.03156
4.04914
4.03774
4.05082
4.04749
4.04675
4.07046
4.17694
4.16185
4.16907
4.16029
4.14936
4.1558
4.16453
4.1719
4.20206
4.18697
4.16309
4.15547
4.14763
4.12823
4.15683
4.16699
4.17477
4.17572
4.17101
4.17593
4.16554
4.15058
4.15345
4.14771
4.13787
4.1214
4.11369
4.13824
4.13266
4.12899
4.13931
4.14632
4.14281
4.15921
4.17541
4.18302
4.19091
4.19649
4.20762
4.21477
4.22249
4.229
4.23118
4.23108
4.2319
4.23767
4.2484
4.24951
4.24329
4.24231
4.21074
4.21589
4.24501
4.24208
4.28215
4.27295
4.26183
4.2816
4.29328
4.29812
4.30575
4.30884
4.33528
4.35347
4.3617
4.38233
4.44456
4.46818
4.49069
4.49955
4.51581
4.53038
4.52972
4.54524
4.54257
4.48664
4.49541
4.50633
4.51265
4.50918
4.55959
4.54983
4.57061
4.55552
4.57189
4.58625
4.57726
4.57068
4.55751
4.56574
4.57267
4.57162
4.58234
4.58737
4.58471
4.59575
4.60681
4.61293
4.61841
4.62289
4.59128
4.61456
4.618
4.60817
4.58441
4.57322
4.55882
4.5611
4.55038
4.54848
4.53194
4.53388
4.54691
4.54971
4.53818
4.54991
4.548
4.54487
4.53708
4.555
4.54227
4.54421
4.5485
4.54106
4.53971
4.43637
4.43181
4.44617
4.44632
4.43253
4.43021
4.42687
4.42263
4.42425
4.41802
4.41691
4.41052
4.40838
4.40624
4.40644
4.40713
4.37303
4.38791
4.37455
4.35723
4.35428
4.35279
4.34536
4.34168
4.31854
4.2694
4.2726
4.28201
4.28552
4.28905
4.28895
4.28635
4.26391
4.24493
4.21938
4.21736
4.22227
4.20678
4.192
4.1597
4.14152
4.13238
4.15479
4.23912
4.24525
4.29824
4.20968
4.21633
4.22138
4.21963
4.14363
4.15346
4.15192
4.13634
4.14242
4.13851
4.14399
4.14406
4.16104
4.16284
4.17216
4.17014
4.17196
4.18269
4.18006
4.17523
4.17535
4.18443
4.17343
4.17213
4.17332
4.16641
4.16139
4.14683
4.14499
4.16574
4.17534
4.16645
4.17352
4.17905
4.22551
4.26791
4.22674
4.23522
4.28931
4.23104
4.23348
4.29324
4.30308
4.30045
4.27411
4.31463
4.27897
4.3223
4.31339
4.33088
4.41616
4.39228
4.39654
4.31016
4.41903
4.42034
4.41598
4.42271
4.42215
4.42405
4.41878
4.42149
4.42991
4.43517
4.43346
4.44332
4.43877
4.4202
4.41152
4.4203
4.41973
4.42545
