0
0.0521759
0.0573611
0.0699769
0.08375
0.0883681
0.10059
0.112211
0.11669
0.124537
0.133218
0.136586
0.138218
0.14162
0.14419
0.146829
0.148565
0.149641
0.150613
0.164606
0.162419
0.163519
0.16228
0.162975
0.161898
0.164155
0.165382
0.168229
0.172014
0.172361
0.173681
0.175833
0.175313
0.17441
0.173715
0.174583
0.174132
0.174271
0.175035
0.175486
0.175382
0.175278
0.174479
0.174306
0.17375
0.171076
0.170174
0.169618
0.168646
0.168437
0.169063
0.167465
0.16941
0.17125
0.174618
0.177465
0.178611
0.183299
0.185451
0.186458
0.18809
0.190382
0.190822
0.191586
0.188565
0.18787
0.186169
0.184606
0.18294
0.183762
0.180648
0.179016
0.177801
0.176065
0.174711
0.173704
0.172836
0.172245
0.171863
0.171655
0.173773
0.175787
0.178368
0.178785
0.184931
0.19184
0.193542
0.204896
0.216979
0.221771
0.233958
0.243993
0.245961
0.254919
0.272743
0.272002
0.274988
0.279421
0.280729
0.283958
0.28662
0.288507
0.291458
0.292708
0.293472
0.288194
0.285104
0.282419
0.275995
0.27331
0.271204
0.265856
0.262778
0.261771
0.259711
0.259502
0.257523
0.254051
0.249977
0.249572
0.250475
0.247454
0.245984
0.245567
0.24456
0.241991
0.241262
0.241331
0.241262
0.241192
0.244525
0.244039
0.245104
0.245764
0.245938
0.244688
0.245556
0.245694
0.244201
0.243623
0.243472
0.2425
0.241181
0.237917
0.24081
0.237639
0.23728
0.235521
0.233507
0.231736
0.229479
0.227396
0.22625
0.226146
0.224167
0.221597
0.219236
0.215891
0.213218
0.212708
0.211319
0.209896
0.209271
0.207257
0.20566
0.204618
0.203819
0.201181
0.199306
0.201701
0.199097
0.196875
0.193958
0.193542
0.190417
0.189549
0.188194
0.187361
0.186042
0.18566
0.184618
0.184097
0.18375
0.181875
0.18066
0.179236
0.177951
0.17559
0.174861
0.174063
0.171632
0.170625
0.169826
0.168437
0.177326
0.174861
0.173715
0.171528
0.170405
0.169167
0.168507
0.167674
0.166146
0.165694
0.165035
0.164861
0.163021
0.161111
0.159132
0.158819
0.158438
0.158229
0.156632
0.155382
0.155243
0.153611
0.152396
0.150938
0.150208
0.159398
0.155556
0.152118
0.150822
0.150035
0.148843
0.148287
0.145556
0.145486
0.145868
0.144236
0.142986
0.141933
0.140961
0.140174
0.139965
0.139155
0.137731
0.136481
0.133808
0.131655
0.131887
0.132766
0.132604
0.131528
0.137477
0.134201
0.131979
0.129549
0.127153
0.125417
0.123681
0.121204
0.118669
0.117731
0.115509
0.114398
0.114792
0.113681
0.111771
0.111968
0.110648
0.106701
0.105833
0.105162
0.104792
0.103889
0.102986
0.101979
0.101319
0.110891
0.107419
0.106667
0.103993
0.102465
0.102708
0.100556
0.0972569
0.0959722
0.09625
0.0979861
0.0999306
0.101597
0.106181
0.108681
0.108715
0.114479
0.115301
0.114606
0.115799
0.113461
0.111863
0.111551
0.109583
0.107257
0.118646
0.11353
0.110625
0.108194
0.104294
0.101632
0.0990856
0.0959954
0.0946412
0.0910301
0.0888079
0.0873264
0.0855208
0.0867361
0.0864815
0.0860648
0.0852315
0.0857523
0.0864815
0.0848495
0.084537
0.0829745
0.0817593
0.0801273
0.078287
0.0975694
0.0921065
0.0880093
0.0848264
0.0822454
0.0799537
0.0776968
0.0781019
0.0770718
0.0756134
0.0747801
0.0721181
0.0702083
0.0693403
0.0679514
0.0677083
0.0668403
0.0659375
0.0664931
0.0661111
0.0666667
0.0649306
0.0636111
0.0612847
0.0623958
0.0735764
0.0702431
0.0710069
0.070625
0.0697917
0.0696875
0.0683681
0.0657986
0.0642014
0.0628472
0.0616667
0.0619792
0.06
0.0588889
0.0586806
0.0580208
0.0573958
0.0579167
0.0571875
0.0562153
0.0561458
0.0556597
0.0554167
0.0554514
0.0548958
0.060787
0.0583218
0.0568287
0.0555903
0.0550694
0.0548958
0.0541667
0.0542708
0.0527431
0.0515278
0.0500347
0.0502431
0.0490278
0.0492708
0.0486806
0.0505556
0.0520139
0.0520139
0.0536806
0.0553819
0.0555208
0.0581944
0.0602778
0.0602431
0.0622569
0.0748032
0.0705324
0.0696644
0.0702546
0.0695602
0.069838
0.07
0.0687153
0.0685069
0.0708449
0.0727199
0.0780903
0.0836806
0.0876389
0.094213
0.101076
0.106042
0.114201
0.122894
0.127442
0.13647
0.143958
0.14809
0.156539
0.164699
0.194549
0.195752
0.200891
0.202708
0.211979
0.221389
0.224826
0.233472
0.243542
0.246354
0.25375
0.2625
0.265243
0.275278
0.283194
0.285556
0.292535
0.299097
0.300243
0.305208
0.313021
0.314097
0.320799
0.325139
0.326562
0.354826
0.35375
0.352917
0.358333
0.360174
0.359514
0.363993
0.363889
0.364201
0.363889
0.366632
0.366979
0.369688
0.372604
0.373958
0.37684
0.382049
0.381111
0.38441
0.38625
0.386597
0.387778
0.387465
0.387604
0.390799
0.407083
0.404549
0.40316
0.401736
0.400799
0.401898
0.401667
0.398681
0.39934
0.399028
0.397616
0.397257
0.396806
0.395313
0.396771
0.397361
0.397257
0.396562
0.399028
0.397847
0.395764
0.39478
0.394086
0.393738
0.392488
0.399444
0.395625
0.395313
0.393854
0.393032
0.392951
0.391215
0.393368
0.394653
0.396701
0.401354
0.4061
0.407558
0.414317
0.4161
0.416273
0.419826
0.423403
0.424653
0.427569
0.427604
0.425938
0.428056
0.430556
0.431319
0.448229
0.448958
0.447118
0.447639
0.449167
0.449549
0.449167
0.451319
0.449896
0.450521
0.44934
0.447257
0.447465
0.448889
0.446493
0.44816
0.447743
0.445035
0.444861
0.442708
0.441458
0.440451
0.441632
0.440347
0.438889
0.456493
0.448403
0.447083
0.447951
0.447986
0.447535
0.448472
0.444271
0.439549
0.43809
0.434583
0.434444
0.431944
0.42875
0.42684
0.423542
0.422812
0.422361
0.421424
0.419375
0.419861
0.419097
0.415243
0.419549
0.415729
0.424896
0.422037
0.420706
0.416192
0.416713
0.420463
0.419213
0.418866
0.418484
0.417512
0.417373
0.4189
0.415914
0.41772
0.416539
0.413137
0.416539
0.413588
0.411644
0.412731
0.412234
0.410637
0.410289
0.412755
0.410949
0.430637
0.430602
0.428032
0.427824
0.425984
0.423206
0.424039
0.423692
0.421748
0.419178
0.418623
0.415845
0.42338
0.423727
0.422755
0.422859
0.424109
0.42213
0.423796
0.424005
0.421782
0.4214
0.422789
0.420532
0.419213
0.461227
0.452581
0.447512
0.446644
0.443623
0.44206
0.439977
0.436262
0.435949
0.432581
0.431887
0.430949
0.429942
0.426574
0.42331
0.419803
0.416227
0.414317
0.412512
0.410671
0.409178
0.406331
0.402824
0.400914
0.397685
0.42022
0.411678
0.40581
0.401435
0.399734
0.39765
0.394352
0.39265
0.390602
0.386609
0.385498
0.383032
0.378137
0.3764
0.374873
0.373553
0.369873
0.367928
0.365532
0.364248
0.364838
0.360567
0.359317
0.358414
0.357164
0.373796
0.36706
0.361748
0.356227
0.352755
0.349491
0.346991
0.34647
0.341192
0.341088
0.337581
0.333866
0.33088
0.330046
0.32515
0.321331
0.318935
0.315081
0.313588
0.310671
0.307581
0.305914
0.301956
0.299907
0.299734
0.325185
0.311505
0.308935
0.303727
0.29647
0.29213
0.290706
0.286748
0.28088
0.280185
0.27713
0.273727
0.272095
0.267789
0.265671
0.264734
0.263345
0.262512
0.260081
0.257512
0.255637
0.255185
0.249734
0.249942
0.246366
0.296331
0.281574
0.273588
0.264491
0.258449
0.253137
0.247303
0.243692
0.238796
0.232303
0.229977
0.227789
0.225706
0.224039
0.220185
0.216887
0.212373
0.209005
0.206644
0.202998
0.198414
0.195671
0.191539
0.189699
0.186262
0.218553
0.207095
0.200741
0.196157
0.192824
0.187789
0.18088
0.178484
0.17581
0.173553
0.17081
0.170012
0.168067
0.166157
0.161609
0.15765
0.154873
0.153553
0.151088
0.148727
0.146921
0.146505
0.143831
0.141296
0.139699
0.180949
0.168553
0.162164
0.156123
0.150012
0.148171
0.144977
0.14088
0.137049
0.134884
0.130382
0.130278
0.128958
0.126597
0.123229
0.121111
0.117674
0.114375
0.109931
0.105
0.103611
0.101354
0.0995833
0.0984722
0.0982986
0.114896
0.108056
0.105174
0.101215
0.0995833
0.0992014
0.0972569
0.0968403
0.0929167
0.0917708
0.0914931
0.0888194
0.0882292
0.0855556
0.0831944
0.0804167
0.0796528
0.0799306
0.0791319
0.0780556
0.0768403
0.0763542
0.0782986
0.0774653
0.0772569
0.113542
0.100729
0.0960069
0.0940278
0.0913889
0.0876042
0.0885417
0.0867708
0.0856597
0.0834722
0.0835417
0.0819097
0.0812153
0.0804167
0.0774653
0.0745139
0.0723264
0.070625
0.0687847
0.0667014
0.0652431
0.0648958
0.0641319
0.0629167
0.0613542
0.0805556
0.0739583
0.0698264
0.0673611
0.0635417
0.0605208
0.0567708
0.0554514
0.0524653
0.0514931
0.0491319
0.0487153
0.0463542
0.0445139
0.0427431
0.0417708
0.0420833
0.0410764
0.0394444
0.0388194
0.0397222
0.0393403
0.0386111
0.0379514
0.0368403
0.0485069
0.0429514
0.0427778
0.0401042
0.0388542
0.0376389
0.0366319
0.0368056
0.0354861
0.0342361
0.0384028
0.0335764
0.0331134
0.030706
0.0290278
0.0280556
0.0272917
0.0275
0.0259375
0.0248264
0.0242014
0.0227778
0.0220486
0.0216319
0.0210069
0.0207639
0.0212847
0.0216204
0.0223032
0.0210301
0.0200579
0.0195023
0.0198843
0.0197106
0.0187037
0.025162
0.0225926
0.0214815
0.0207176
0.0192245
0.0179745
0.0179745
0.0176968
0.0160301
0.0148843
0.0140856
0.0138079
0.0124884
0.0112037
0.00978009
0.00912037
0.00912037
0.00898148
0.00880787
0.00873843
0.0087037
0.00790509
0.00741898
0.00731481
0.00842593
0.012037
0.0121065
0.0103704
0.00929398
0.00922454
0.00877315
0.00828704
0.00884259
0.00943287
0.00988426
0.0119329
0.0134954
0.0136343
0.0138773
0.013669
0.0134259
0.013669
0.0134954
0.0133565
0.0135648
0.0130787
0.0131829
0.0131829
0.0131481
0.0131481
0.0159954
0.014537
0.0142593
0.0139468
0.0137731
0.0133565
0.0135995
0.0133218
0.0132176
0.0124884
0.0119329
0.012037
0.0119676
0.0121412
0.0124537
0.0119676
0.0124537
0.0123843
0.0129051
0.0141898
0.014294
0.0135301
0.0138773
0.0148495
0.0141898
0.0191551
0.0184259
0.0174537
0.0173495
0.0171065
0.0167245
0.016412
0.0158218
0.0162037
0.0155093
0.0153009
0.0150231
0.0152662
0.0150231
0.0150579
0.0154398
0.0156829
0.0152662
0.0146065
0.0144097
0.0151389
0.0146875
0.015
0.0154514
0.0159375
0.0175347
0.0169097
0.0159028
0.0161111
0.0160764
0.0167014
0.0206944
0.0192708
0.0185417
0.0183333
0.0179861
0.0176389
0.0168056
0.0163889
0.0159375
0.0156944
0.0145139
0.014375
0.0138194
0.0134375
0.0133333
0.0135764
0.0129167
0.0131597
0.0121875
0.0124653
0.0121181
0.0115625
0.0122917
0.0113889
0.0118403
0.0112847
0.0113542
0.0104861
0.0111111
0.0111806
0.0109375
0.0112847
0.0118403
0.0112847
0.0107639
0.0108333
0.0112153
0.0114931
0.0112153
0.0116319
0.0109028
0.0103125
0.0101389
0.00996528
0.0101736
0.00958333
0.00881944
0.00857639
0.00798611
0.00868056
0.00864583
0.00885417
0.00815972
0.00784722
0.00770833
0.00701389
0.00697917
0.00677083
0.00666667
0.00673611
0.00652778
0.00697917
0.006875
0.00722222
0.00704861
0.00670139
0.00697917
0.00604167
0.00611111
0.00506944
0.00583333
0.00586806
0.0059375
0.0065625
0.0065625
0.00711806
0.0075
0.00729167
0.00722222
0.00836806
0.00850694
0.00960648
0.00892361
0.00916667
0.0090625
0.0096875
0.0100694
0.0115278
0.0110764
0.0109028
0.0108681
0.01125
0.0112153
0.0111111
0.0113194
0.0110069
0.010625
0.0105556
0.0114583
0.0117014
0.011875
0.0111111
0.0104514
0.0108681
0.0103819
0.0105903
0.00986111
0.009375
0.0108681
0.0105556
0.0103125
0.010625
0.0107292
0.0108681
0.0120486
0.0127083
0.0136111
0.0153472
0.0159028
0.0164236
0.0160417
0.0172917
0.0167708
0.0173611
0.0168056
0.01875
0.0178472
0.0176389
0.0180903
0.0171181
0.0162847
0.0160764
0.015625
0.0148958
0.0153125
0.0157639
0.0159375
0.0155903
0.0162153
0.0167361
0.0164583
0.0154167
0.0140625
0.0139931
0.0128472
0.0134722
0.0137847
0.0131944
0.0139583
0.0148264
0.0156944
0.0165972
0.0164931
0.0170833
0.0169444
0.0160764
0.0153125
0.015625
0.0146875
0.0138889
0.01375
0.013125
0.0132292
0.0124653
0.0149769
0.0138657
0.0130671
0.0125116
0.0121644
0.0114005
0.0109838
0.00983796
0.00895833
0.00927083
0.00930556
0.00819444
0.00795139
0.00784722
0.00743056
0.00770833
0.00736111
0.00715278
0.00729167
0.00798611
0.0075
0.0071875
0.00756944
0.00743056
0.00680556
0.00642361
0.00565972
0.0053125
0.00527778
0.00631944
0.00482639
0.00482639
0.00479167
0.00479167
0.00472222
0.00506944
0.00506944
0.00517361
0.00534722
0.00538194
0.00576389
0.00541667
0.00541667
0.00579861
0.00569444
0.00565972
0.00611111
0.0065625
0.00614583
0.00625
0.00604167
0.00576389
0.00607639
0.00729167
0.00798611
0.00881944
0.00996528
0.0103472
0.0116319
0.0133681
0.0134722
0.0132292
0.0129167
0.0129514
0.0132986
0.0141667
0.0154861
0.0158681
0.0155556
0.0168403
0.0169097
0.0167708
0.0164583
0.0160764
0.0153472
0.015
0.0152778
0.0139931
0.0136458
0.0134028
0.01375
0.0133333
0.0135764
0.0126736
0.0127431
0.0134375
0.0145486
0.0146181
0.0142361
0.0141319
0.0138194
0.0136458
0.0134375
0.0135764
0.0136458
0.0140278
0.0139583
0.0136458
0.01375
0.0137847
0.0136111
0.0141319
0.0134028
0.0139583
0.0138194
0.0134375
0.0130903
0.0126389
0.0130556
0.0127083
0.0125
0.0138194
0.0139583
0.0145139
0.0144444
0.0154514
0.0155903
0.0160764
0.0158333
0.0171875
0.0169097
0.0169097
0.0174306
0.0170139
0.0156597
0.0144792
0.0142014
0.0126042
0.0129167
0.0122222
0.0134028
0.0131944
0.0134375
0.0133333
0.0135069
0.0132986
0.0128125
0.0114583
0.0108681
0.0096875
0.00871528
0.00833333
0.00715278
0.00701389
0.00680556
0.00684028
0.006875
0.00711806
0.00663194
0.00670139
0.00649306
0.00597222
0.00510417
0.00465278
0.004375
0.00420139
0.00378472
0.00385417
0.00357639
0.00333333
0.00336806
0.00340278
0.00347222
0.00354167
0.00402778
0.00423611
0.00666667
0.00680556
0.00736111
0.00847222
0.0102083
0.0112153
0.0130208
0.0147222
0.0156597
0.0184375
0.0201736
0.0200694
0.0227778
0.0259028
0.025625
0.0282292
0.0313194
0.03125
0.0324653
0.0322917
0.0348611
0.0359375
0.0361458
0.0367708
0.0369792
0.0380556
0.0378472
0.0378009
0.0388773
0.0398958
0.0399306
0.0401736
0.0400347
0.0400694
0.0398611
0.038912
0.0408681
0.0398611
0.0396875
0.0399653
0.0402431
0.0402083
0.0395486
0.0386111
0.0381944
0.0387847
0.0377778
0.0367361
0.0361458
0.0366667
0.0362847
0.0355903
0.0346528
0.0346181
0.0330556
0.0336111
0.0327778
0.0315972
0.0318056
0.0314931
0.0317708
0.0318403
0.0307986
0.0304167
0.0310069
0.0302778
0.0302778
0.0310069
0.0321875
0.0317361
0.0358681
0.0357986
0.0355903
0.0364931
0.0384375
0.0394444
0.0412847
0.0420486
0.0445139
0.0467708
0.0481597
0.0492708
0.0529514
0.0521065
0.0559375
0.0615278
0.0621875
0.0681944
0.0707639
0.0723264
0.0813079
0.0901042
0.0915278
0.1025
0.11125
0.118935
0.127037
0.136424
0.14059
0.15066
0.159664
0.162396
0.171632
0.182882
0.186042
0.196123
0.21316
0.219167
0.232674
0.248738
0.248681
0.262789
0.273403
0.279387
0.28809
0.296644
0.297546
0.309826
0.315382
0.318252
0.335764
0.340313
0.338681
0.343924
0.349028
0.348819
0.357662
0.364479
0.364421
0.376042
0.389618
0.399468
0.420347
0.438368
0.44316
0.461019
0.471424
0.471701
0.476759
0.483924
0.482222
0.494236
0.504375
0.504236
0.513194
0.527488
0.52184
0.52581
0.532326
0.534514
0.544861
0.553692
0.553715
0.567118
0.577338
0.577396
0.588715
0.592894
0.591354
0.595625
0.60912
0.607836
0.613495
0.62044
0.615671
0.625799
0.632894
0.628437
0.630637
0.631493
0.633148
0.639479
0.64912
0.645035
0.654664
0.663484
0.664178
0.669757
0.676725
0.677928
0.687338
0.700313
0.700556
0.70684
0.707512
0.704896
0.706817
0.711771
0.714167
0.718229
0.728507
0.727581
0.735347
0.740544
0.738449
0.745058
0.739225
0.731366
0.720243
0.717627
0.71184
0.724236
0.734468
0.736319
0.743044
0.74037
0.739178
0.742384
0.737894
0.744236
0.748102
0.756053
0.755671
0.766493
0.770556
0.769213
0.773831
0.772535
0.767257
0.775532
0.782002
0.779109
0.783171
0.788345
0.787315
0.783657
0.784248
0.782373
0.788831
0.793171
0.795984
0.805845
0.804572
0.802373
0.803738
0.801921
0.801389
0.799919
0.803044
0.801007
0.800972
0.800787
0.795023
0.792697
0.790197
0.786829
0.784398
0.779884
0.777002
0.77897
0.77735
0.775463
0.77397
0.779074
0.774711
0.773981
0.767002
0.762245
0.7614
0.766736
0.766956
0.776296
0.7875
0.790625
0.801481
0.807269
0.807164
0.810359
0.807778
0.807604
0.809086
0.801053
0.799711
0.802141
0.798137
0.792164
0.79235
0.795729
0.791227
0.7925
0.789144
0.786667
0.786968
0.780266
0.774502
0.764884
0.767373
0.769178
0.773079
0.77228
0.769537
0.769248
0.768322
0.76853
0.767986
0.769525
0.761887
0.75625
0.75397
0.746042
0.742454
0.731331
0.725984
0.71434
0.710856
0.705336
0.697662
0.683449
0.675949
0.673912
0.675637
0.6736
0.66735
0.65662
0.655683
0.656713
0.655822
0.652396
0.648032
0.647002
0.645602
0.655463
0.656354
0.652882
0.656632
0.663229
0.661586
0.665706
0.668669
0.672164
0.670069
0.664757
0.657593
0.657292
0.646644
0.647361
0.653958
0.655486
0.655891
0.665995
0.679954
0.674792
0.674375
0.669549
0.665741
0.670486
0.674167
0.673044
0.676227
0.680023
0.674236
0.675081
0.672697
0.673993
0.677894
0.692072
0.691227
0.703461
0.711528
0.709306
0.7161
0.723368
0.721204
0.721759
0.717361
0.714502
0.711551
0.712801
0.712604
0.713299
0.70794
0.71015
0.710116
0.705382
0.70022
0.697292
0.70184
0.704525
0.708947
0.709444
0.706181
0.695579
0.682014
0.678206
0.665127
0.660521
0.662199
0.6636
0.661076
0.662465
0.658657
0.655694
0.655
0.664144
0.662535
0.674444
0.6725
0.687014
0.681609
0.679815
0.714931
0.705498
0.705613
0.73647
0.730451
0.729028
0.724792
0.7686
0.770498
0.77265
0.770382
0.775799
0.792847
0.785613
0.782639
0.786424
0.780914
0.783449
0.778681
0.775382
0.775694
0.77662
0.772025
0.769097
0.763252
0.757465
0.752014
0.750741
0.744583
0.746343
0.748368
0.740359
0.736285
0.738461
0.732616
0.72162
0.71375
0.704375
0.711505
0.711412
0.702488
0.704144
0.701481
0.695266
0.694884
0.692431
0.684294
0.682442
0.683692
0.678565
0.676991
0.666991
0.660405
0.6539
0.646285
0.639421
0.639942
0.636806
0.626343
0.630683
0.627384
0.623819
0.617465
0.615208
0.603519
0.596238
0.602928
0.603762
0.612269
0.613067
0.611146
0.603287
0.602396
0.597187
0.595613
0.595116
0.589352
0.58566
0.577118
0.570266
0.568669
0.563993
0.556528
0.552465
0.547593
0.539919
0.54015
0.540567
0.533519
0.536019
0.53125
0.524792
0.517731
0.516412
0.511563
0.520359
0.513472
0.503183
0.501458
0.491331
0.48169
0.469572
0.463958
0.456169
0.460602
0.45963
0.453704
0.443924
0.436516
0.426875
0.416412
0.410336
0.405301
0.396042
0.389271
0.386933
0.387396
0.389421
0.386481
0.389271
0.391933
0.382373
0.381238
0.376736
0.369444
0.373495
0.366146
0.367465
0.363542
0.366933
0.365579
0.367373
0.368356
0.365359
0.361065
0.361319
0.361898
0.375799
0.377407
0.38081
0.39316
0.41103
0.416505
0.429271
0.444653
0.463252
0.466782
0.478692
0.477141
0.48897
0.501343
0.498275
0.507951
0.518611
0.517025
0.513796
0.511435
0.510035
0.512894
0.513681
0.509468
0.516019
0.531308
0.53728
0.540382
0.543727
0.538738
0.533912
0.522106
0.520266
0.511528
0.500486
0.497164
0.490486
0.488426
0.480127
0.470185
0.463704
0.458194
0.448194
0.443819
0.438773
0.432477
0.426065
0.407396
0.395845
0.388762
0.380764
0.376308
0.37103
0.36441
0.360278
0.345706
0.339502
0.329456
0.3186
0.315498
0.310972
0.304826
0.300579
0.297176
0.298044
0.293287
0.294178
0.288079
0.286319
0.282824
0.278021
0.270069
0.258889
0.249988
0.240069
0.235185
0.229236
0.217616
0.20919
0.201713
0.194734
0.188148
0.181412
0.18088
0.173021
0.162303
0.158368
0.150544
0.14162
0.137639
0.132188
0.125706
0.121366
0.115833
0.112361
0.108912
0.106343
0.106458
0.104884
0.104468
0.100995
0.0970833
0.0965509
0.093206
0.0918171
0.089838
0.0876505
0.0864931
0.104583
0.0989931
0.0944213
0.0942824
0.0924074
0.0913657
0.0892477
0.0867824
0.0838079
0.0832407
0.0820949
0.0790394
0.0769097
0.0760185
0.0733449
0.0744444
0.0872569
0.0938542
0.107755
0.123935
0.132234
0.150637
0.170012
0.18059
0.199167
0.231701
0.23941
0.2625
0.283611
0.291285
0.314028
0.338715
0.345694
0.366632
0.386493
0.394097
0.403958
0.419097
0.423229
0.443507
0.452639
0.452118
0.451875
0.446632
0.444514
0.438785
0.426007
0.421493
0.411366
0.404132
0.39625
0.380116
0.358576
0.353299
0.342813
0.33
0.321354
0.31125
0.295289
0.290174
0.292986
0.281736
0.276076
0.262535
0.252326
0.247488
0.237639
0.227813
0.222639
0.211134
0.203715
0.199699
0.19125
0.184618
0.176701
0.172049
0.162257
0.156875
0.148299
0.138414
0.13309
0.125556
0.117535
0.110197
0.100671
0.0923843
0.0860069
0.0762153
0.0667708
0.0602778
0.0528009
0.0437269
0.0395139
0.0395486
0.0378704
0.0370139
0.0360417
0.0356944
0.0346991
0.0331944
0.0371875
0.0344792
0.0332639
0.0313194
0.0296528
0.0292361
0.0274306
0.0272569
0.0265625
0.0262847
0.0267361
0.0265972
0.0271181
0.0282986
0.0334375
0.0383102
0.0413194
0.0485417
0.0555787
0.060625
0.0715278
0.0800694
0.0836111
0.0914815
0.103264
0.112465
0.120451
0.128021
0.131354
0.142187
0.149387
0.154375
0.164861
0.172639
0.176042
0.183715
0.189618
0.195347
0.201979
0.217049
0.221632
0.233299
0.246875
0.24691
0.254861
0.26191
0.255278
0.258125
0.260347
0.265833
0.268715
0.274514
0.269792
0.275208
0.271667
0.266979
0.269375
0.272176
0.270278
0.27147
0.272257
0.268738
0.272083
0.276285
0.274097
0.277361
0.267384
0.270139
0.265069
0.268218
0.267882
0.270139
0.27434
0.270741
0.271748
0.270463
0.269861
0.269062
0.268993
0.264375
0.259942
0.260012
0.2575
0.24934
0.241424
0.233738
0.223044
0.21522
0.209248
0.198565
0.184549
0.17941
0.173333
0.163692
0.153958
0.146042
0.135093
0.130069
0.119653
0.110764
0.107847
0.0975347
0.0880903
0.0833333
0.0733449
0.0652315
0.0622222
0.0547222
0.0482292
0.0429167
0.0353819
0.0315972
0.0306597
0.0273611
0.0228125
0.0208681
0.0176389
0.0142708
0.0129977
0.0107639
0.00805556
0.00701389
0.00519676
0.0028125
0.00204861
0.00496528
0.00413194
0.00420139
0.00416667
0.00392361
0.00402778
0.00357639
0.00361111
0.00288194
0.00284722
0.00270833
0.00222222
0.00225694
0.00208333
0.00284722
0.00239583
0.0021875
0.001875
0.00215278
0.00319444
0.00329861
0.00260417
0.00215278
0.00170139
0.00211806
0.00222222
0.00173611
0.00260417
0.00232639
0.00229167
0.00177083
0.00149306
0.0012963
0.0015625
0.00170139
0.00138889
0.00170139
0.00152778
0.00159722
0.00145833
0.00197917
0.00274306
0.0025
0.00369213
0.00350694
0.0034375
0.003125
0.00336806
0.00305556
0.00376157
0.00390046
0.00381944
0.00354167
0.00368056
0.00413194
0.00621528
0.00614583
0.0130556
0.0206597
0.02375
0.0299306
0.0365972
0.0396528
0.0463194
0.0489236
0.049375
0.0566667
0.0598264
0.0604745
0.0610417
0.0635417
0.0634722
0.0677083
0.066875
0.0687847
0.0687153
0.0680903
0.0671181
0.0694213
0.0715972
0.0763542
0.0755208
0.075625
0.0759028
0.0772222
0.0747917
0.0746181
0.0795139
0.0775347
0.0807639
0.0823611
0.0872569
0.0863426
0.0921528
0.0991319
0.101076
0.0964931
0.0895833
0.0895833
0.0850926
0.0774769
0.0748958
0.0726389
0.069537
0.0692708
0.070463
0.0673032
0.0662384
0.0611111
0.0598264
0.0566319
0.0530556
0.0526042
0.0495833
0.0462847
0.0415509
0.0412731
0.0405671
0.0372917
0.0372106
0.036713
0.0356597
0.0334954
0.0334259
0.031956
0.0303819
0.0293403
0.0275579
0.0265972
0.0265625
0.0251736
0.0234375
0.0211806
0.0197685
0.0176389
0.0159028
0.0139583
0.0122917
0.0105208
0.0102431
0.0102546
0.0108681
0.0101273
0.0102199
0.00986111
0.00954861
0.009375
0.00986111
0.0103125
0.00979167
0.0107986
0.0113542
0.0122917
0.0139583
0.0155556
0.0167708
0.0186458
0.0183681
0.02
0.0193403
0.0183681
0.0178472
0.0163542
0.0160764
0.0147569
0.0162847
0.0169444
0.0177431
0.0175579
0.0161111
0.0151736
0.0136806
0.0115278
0.0123264
0.0210764
0.0302431
0.0363889
0.046875
0.0579861
0.0620486
0.06625
0.0727778
0.0740278
0.0775347
0.078125
0.0780556
0.0797569
0.0789931
0.0756597
0.0757292
0.0745486
0.0726042
0.0705208
0.0719444
0.0710764
0.0719097
0.075625
0.0761458
0.0777431
0.0782986
0.0769444
0.0734028
0.0684259
0.0634606
0.0630903
0.0554167
0.0552662
0.0497222
0.0414699
0.0384722
0.0313194
0.0246528
0.0221875
0.0154514
0.0108333
0.00822917
0.00392361
0.000405093
0.00107639
0.0028125
0.00486111
0.00586806
0.00979167
0.0188889
0.0235417
0.0319444
0.0373264
0.0386806
0.0400347
0.0402431
0.0409375
0.0418056
0.0422222
0.0427778
0.045
0.0467361
0.0476042
0.0499306
0.0504167
0.0509375
0.0520486
0.0548264
0.0544097
0.0553472
0.0575347
0.0579514
0.0600347
0.0604861
0.0619097
0.0619097
0.0589236
0.0571181
0.0531944
0.0469097
0.0444097
0.0396528
0.0352431
0.0324306
0.0290625
0.0246412
0.0226736
0.0180903
0.0140278
0.0122222
0.0087963
0.00604167
0.00622685
0.008125
0.0113542
0.0115972
0.0122917
0.013125
0.0141319
0.0145486
0.0154861
0.0153819
0.0161806
0.0169444
0.0170486
0.0173611
0.0180208
0.0184722
0.0187847
0.0193403
0.0192708
0.0201389
0.0210069
0.0212847
0.0215972
0.0226042
0.0223264
0.0232639
0.0234375
0.0241667
0.0246412
0.0236111
0.023125
0.0213542
0.0239931
0.0266667
0.0311111
0.0365625
0.0407986
0.0499653
0.0556597
0.0574653
0.0575694
0.0586458
0.0585648
0.0613194
0.0620486
0.0621181
0.0639931
0.0674306
0.0698264
0.0706597
0.0722222
0.0721181
0.0740278
0.0771875
0.0765278
0.0776042
0.0787153
0.0787847
0.0807292
0.0813194
0.0796875
0.0826389
0.0841319
0.085
0.0832986
0.0844444
0.0838889
0.0872917
0.0901389
0.089294
0.0869792
0.0840509
0.0819097
0.0790856
0.0750347
0.0734028
0.0665394
0.0602315
0.0562037
0.0495139
0.0426389
0.0407292
0.033287
0.0267708
0.0251389
0.0189468
0.0145139
0.0106481
0.00658565
0.00511574
0.00424769
0.00292824
0.00145833
0.00128472
0.00128472
0.00121528
0.00128472
0.00128472
0.00121528
0.00141204
0.00131944
0.00137731
0.00157407
0.00149306
0.00131944
0.00135417
0.00131944
0.00135417
0.00125
0.00121528
0.00121528
0.00127315
0.00111111
0.00141204
0.00144676
0.00152778
0.0015162
0.00145833
0.00152778
0.0015625
0.00157407
0.00159722
0.00135417
0.00135417
0.00114583
0.00145833
0.00135417
0.00141204
0.00123843
0.00130787
0.00145833
0.00170139
0.00163194
0.00195602
0.00189815
0.00170139
0.0016088
0.00152778
0.00116898
0.00114583
0.000972222
0.000972222
0.000925926
0.00114583
0.00106481
0.00114583
0.00114583
0.00107639
0.00174769
0.00725694
0.0107292
0.0173264
0.0244097
0.0275694
0.0330208
0.0359722
0.0366667
0.0390625
0.0417708
0.0429861
0.0452083
0.05
0.0530208
0.0627778
0.0748264
0.0804282
0.0899537
0.101412
0.107002
0.120868
0.130289
0.136238
0.149444
0.15809
0.163646
0.174757
0.178102
0.18044
0.18419
0.187639
0.189306
0.193611
0.196933
0.195729
0.200995
0.195544
0.192373
0.187164
0.188889
0.186181
0.178299
0.174306
0.173924
0.176875
0.178449
0.17919
0.178889
0.1811
0.185243
0.179838
0.182431
0.180289
0.175417
0.166331
0.156875
0.157546
0.156204
0.158264
0.156238
0.147257
0.144965
0.141736
0.135833
0.135313
0.128542
0.119063
0.115937
0.112431
0.105799
0.1025
0.0957292
0.0917014
0.0863079
0.0802778
0.0735532
0.070081
0.0665278
0.0626505
0.060463
0.0603472
0.0607986
0.0604861
0.0612847
0.0614236
0.0603819
0.0596181
0.0597917
0.0604514
0.0615625
0.0632292
0.0630208
0.0631597
0.0635069
0.0611111
0.0620833
0.0617708
0.0630208
0.0637847
0.0646181
0.0645833
0.0670139
0.0671528
0.0699653
0.0745833
0.0801042
0.0807523
0.0850347
0.0911111
0.0914931
0.0958218
0.10037
0.101111
0.103877
0.105382
0.105174
0.107813
0.108194
0.108333
0.110069
0.110764
0.110729
0.112396
0.115764
0.116667
0.119306
0.120938
0.120764
0.120475
0.122569
0.121736
0.124653
0.123958
0.125579
0.127014
0.127743
0.126979
0.128183
0.128576
0.129097
0.129456
0.131389
0.131875
0.131042
0.132431
0.13169
0.134549
0.135787
0.134167
0.136528
0.137801
0.138634
0.140035
0.140625
0.140486
0.143021
0.144028
0.145035
0.144549
0.142917
0.144271
0.143993
0.14375
0.143426
0.145313
0.144699
0.144063
0.145313
0.144583
0.144097
0.145648
0.143519
0.144097
0.144132
0.144653
0.144201
0.144167
0.142778
0.142708
0.141829
0.142662
0.141875
0.142083
0.141389
0.141042
0.142384
0.140868
0.140035
0.140625
0.14059
0.140833
0.140451
0.139468
0.137743
0.138264
0.137674
0.137535
0.138368
0.136667
0.136528
0.135451
0.133021
0.132257
0.131806
0.13125
0.130764
0.130764
0.130556
0.128356
0.127257
0.132708
0.131007
0.129583
0.128611
0.127049
0.125833
0.124479
0.12309
0.121667
0.119931
0.119688
0.11809
0.116736
0.115417
0.115903
0.119294
0.12
0.124306
0.126551
0.127836
0.129884
0.126898
0.125579
0.123565
0.119606
0.122188
0.116389
0.112778
0.110903
0.108021
0.106667
0.105313
0.104861
0.104722
0.103785
0.103194
0.102222
0.101667
0.102222
0.101528
0.0994097
0.0973264
0.0947917
0.0928472
0.093125
0.0944792
0.0954167
0.0984028
0.0985417
0.0977431
0.105602
0.10287
0.102697
0.102731
0.101551
0.101273
0.101343
0.0996412
0.0990509
0.0963426
0.0953704
0.0937963
0.0934491
0.0925463
0.0919907
0.091088
0.0905903
0.0890972
0.0876389
0.0859028
0.0854167
0.0862037
0.0866204
0.0864236
0.08625
0.0919097
0.0894444
0.0884028
0.0870833
0.0867708
0.0859028
0.0840625
0.0818056
0.0806944
0.0819792
0.0808333
0.0802083
0.0813542
0.0808333
0.0800694
0.0787847
0.0777778
0.0784028
0.0784722
0.0785764
0.0812847
0.0810185
0.0811458
0.0801852
0.0800463
0.086875
0.0849306
0.0847917
0.0830903
0.0825347
0.0839236
0.0847222
0.0885764
0.0929514
0.0947222
0.0998264
0.105833
0.109653
0.116597
0.122593
0.125127
0.133229
0.137951
0.140208
0.145451
0.152118
0.154965
0.162465
0.168125
0.173264
0.194028
0.198333
0.200208
0.207187
0.211701
0.214306
0.220868
0.227326
0.231493
0.238472
0.243785
0.247812
0.255521
0.260347
0.260972
0.265694
0.270625
0.27353
0.276597
0.281181
0.285509
0.289734
0.29434
0.294757
0.301146
0.371713
0.361481
0.35919
0.361169
0.361794
0.366759
0.371875
0.374792
0.377674
0.381181
0.382118
0.389896
0.402674
0.403611
0.41125
0.411111
0.415139
0.42316
0.430035
0.433264
0.440486
0.450313
0.452431
0.463993
0.473646
0.509792
0.511968
0.517917
0.520347
0.534826
0.544595
0.5475
0.556944
0.562384
0.566979
0.573368
0.580694
0.581146
0.588819
0.59412
0.593322
0.599109
0.603993
0.60434
0.610903
0.616655
0.617986
0.621644
0.623403
0.624514
0.635197
0.63316
0.632905
0.636204
0.611632
0.60522
0.604039
0.598056
0.597361
0.597847
0.599583
0.595868
0.598125
0.598646
0.59566
0.592708
0.590938
0.587153
0.5886
0.586667
0.584132
0.583229
0.584063
0.582882
0.586458
0.592014
0.5875
0.588472
0.589167
0.587847
0.590243
0.592187
0.594549
0.594236
0.593715
0.590035
0.588646
0.591493
0.590509
0.590764
0.590417
0.585868
0.580417
0.579653
0.576181
0.57022
0.568206
0.567095
0.56515
0.558889
0.565116
0.560914
0.557755
0.556713
0.558727
0.557847
0.556852
0.555567
0.556123
0.551609
0.550243
0.54566
0.540208
0.534618
0.529687
0.52581
0.524653
0.519687
0.515683
0.511586
0.503461
0.49978
0.496551
0.489225
0.485093
0.493461
0.483137
0.477419
0.475023
0.469815
0.462766
0.45735
0.455336
0.451713
0.447928
0.443067
0.438206
0.435926
0.430324
0.427315
0.421933
0.418113
0.41316
0.411076
0.409201
0.405764
0.403021
0.400359
0.397292
0.394062
0.40544
0.393981
0.390208
0.384468
0.380243
0.374375
0.369479
0.364468
0.362072
0.357731
0.355926
0.354063
0.350694
0.344549
0.343472
0.339687
0.335972
0.332014
0.328819
0.325208
0.323681
0.320625
0.318229
0.315197
0.312454
0.327917
0.321111
0.317674
0.310972
0.305208
0.300903
0.297326
0.29191
0.287083
0.284444
0.279618
0.276562
0.272604
0.268889
0.266354
0.262569
0.260486
0.257708
0.254028
0.252731
0.249294
0.244155
0.240937
0.239236
0.236771
0.262535
0.25316
0.245938
0.241042
0.236539
0.232662
0.229444
0.226562
0.221285
0.220069
0.215486
0.210278
0.206597
0.202326
0.199063
0.1975
0.195197
0.190914
0.188646
0.18787
0.183056
0.180694
0.178403
0.175162
0.173287
0.196528
0.185868
0.180625
0.176597
0.171042
0.167778
0.163229
0.160347
0.157743
0.155556
0.152014
0.148264
0.14559
0.138958
0.136458
0.133854
0.13125
0.130556
0.128056
0.12434
0.124028
0.122465
0.120984
0.119931
0.117813
0.140764
0.132014
0.127639
0.122778
0.119896
0.116389
0.112951
0.110312
0.10912
0.105625
0.104097
0.101875
0.0992014
0.0971875
0.0958333
0.0918403
0.0910764
0.0899537
0.0872917
0.0851273
0.0835417
0.0827431
0.0811806
0.0814236
0.0786806
0.0966319
0.0920486
0.0879051
0.0854861
0.0821528
0.0797917
0.0766319
0.0743403
0.0717708
0.0713542
0.0711458
0.0694097
0.0689236
0.0686227
0.0666088
0.0671528
0.0662847
0.0645139
0.0639931
0.0635764
0.0626042
0.0602662
0.0575694
0.0575347
0.0560069
0.0642361
0.0597917
0.058125
0.0568403
0.0544097
0.0527778
0.0512153
0.0472569
0.0464583
0.0457639
0.0462847
0.0443056
0.0432986
0.0424653
0.0412847
0.0396528
0.0401042
0.0393056
0.039456
0.0388542
0.0388542
0.0386111
0.0377431
0.0378125
0.0370833
0.0480787
0.0454514
0.0435417
0.0409722
0.0410764
0.0397917
0.0373843
0.0357986
0.0365625
0.0347222
0.0362269
0.0360069
0.0341204
0.0340509
0.0343287
0.032338
0.0340972
0.0340046
0.0332292
0.0336458
0.032581
0.0323958
0.033912
0.0325
0.0318056
0.0379977
0.0333681
0.0326042
0.0328472
0.0330208
0.0305208
0.0302778
0.029375
0.0301042
0.0306944
0.0300347
0.0272917
0.0267014
0.0259028
0.0260417
0.0270139
0.0263542
0.0252778
0.0259722
0.0263889
0.0252778
0.0264931
0.0260069
0.0250347
0.0254167
0.0314236
0.0292014
0.0289236
0.0280208
0.0251042
0.0243403
0.0223611
0.0196528
0.0178125
0.0164583
0.0152083
0.0146528
0.0131597
0.0121875
0.0125
0.01125
0.0111458
0.00881944
0.00944444
0.00927083
0.00885417
0.00826389
0.00788194
0.00673611
0.00649306
0.00920139
0.0078125
0.00621528
0.00545139
0.00545139
0.005625
0.00569444
0.00680556
0.00850694
0.0084375
0.00899306
0.0101042
0.0102431
0.0111111
0.0121181
0.0111458
0.0119097
0.0134375
0.0128472
0.0139236
0.0142014
0.0151389
0.0155903
0.0161111
0.0155556
0.0175694
0.0163542
0.0156944
0.0148611
0.0142014
0.0140278
0.014375
0.0140625
0.0139583
0.0140625
0.0141667
0.0138194
0.0136458
0.0135069
0.0133333
0.0132639
0.0127083
0.0126736
0.0127778
0.0123958
0.0120139
0.0123264
0.0122569
0.0118403
0.0129514
0.0165625
0.0153472
0.0153125
0.0145486
0.0144444
0.0145833
0.0142708
0.0139583
0.0137847
0.0136806
0.0142708
0.0140972
0.0149306
0.0146875
0.0145833
0.0150347
0.0153472
0.0152083
0.0161458
0.0156597
0.0159375
0.0154861
0.0157292
0.0153819
0.0146875
0.0162847
0.0144444
0.0140972
0.0135417
0.0135069
0.0133681
0.0133681
0.0127662
0.0117708
0.0106713
0.00927083
0.00829861
0.00694444
0.00506944
0.00420139
0.00416667
0.00329861
0.00388889
0.00354167
0.003125
0.00263889
0.00326389
0.00295139
0.00347222
0.00347222
0.00427083
0.00246528
0.00274306
0.00260417
0.00284722
0.00295139
0.00246528
0.0021875
0.00208333
0.00347222
0.00309028
0.00274306
0.00201389
0.00173611
0.00190972
0.00180556
0.00197917
0.00194444
0.00184028
0.00201389
0.00166667
0.00204861
0.00155093
0.000486111
0.000451389
0.0024537
0.00233796
0.0015625
0.00141204
0.000798611
0.000729167
0.000694444
0.000231481
0.000208333
0.0003125
0.000555556
0.000520833
0.000277778
0
0
0
0
0
0
0
0
0
0
0
0
0.00111111
0.00100694
0.00104167
0.000798611
0.000729167
0.000659722
0.000590278
0.00111111
0.00163194
0.00197917
0.003125
0.0046875
0.00517361
0.00614583
0.00694444
0.00736111
0.00760417
0.00802083
0.00802083
0.00826389
0.00881944
0.00915509
0.00935185
0.00925926
0.00854167
0.00864583
0.00795139
0.00739583
0.00690972
0.00609954
0.00569444
0.00517361
0.00552083
0.00527778
0.0053125
0.00489583
0.00512731
0.00475694
0.00430556
0.004375
0.00475694
0.00475694
0.00496528
0.00604167
0.00579861
0.00621528
0.00701389
0.00739583
0.00739583
0.0078125
0.00805556
0.00861111
0.00840278
0.00840278
0.00829861
0.00763889
0.00815972
0.00805556
0.00798611
0.00725694
0.00704861
0.00631944
0.00590278
0.00475694
0.00291667
0.00239583
0.000833333
0.00128472
0.00159722
0.00215278
0.00215278
0.00229167
0.0025
0.00361111
0.00371528
0.00454861
0.00493056
0.00538194
0.00582176
0.00625
0.00663194
0.00800926
0.0093287
0.00986111
0.0130556
0.0150579
0.0156829
0.0162153
0.0153472
0.0147569
0.0122222
0.0110417
0.0102431
0.0103125
0.010081
0.00962963
0.0103472
0.0101736
0.0106944
0.0127431
0.0147222
0.0149653
0.0176736
0.0190394
0.0184028
0.0182639
0.0184722
0.0183681
0.0176042
0.0180208
0.0169097
0.0170139
0.0173264
0.0159028
0.0156019
0.0156597
0.0146875
0.0151042
0.015
0.0145833
0.0133681
0.0140278
0.0128819
0.0137153
0.0135764
0.0135648
0.0139236
0.0134954
0.0132407
0.0129861
0.0120139
0.0128472
0.0123611
0.0113542
0.0114468
0.011875
0.0113889
0.0113194
0.0105556
0.0130556
0.0127778
0.0120139
0.0126042
0.0120486
0.0119444
0.0128472
0.0135417
0.0136458
0.0129977
0.0126852
0.0111806
0.0100694
0.00940972
0.00899306
0.00857639
0.0081713
0.00804398
0.00784722
0.00805556
0.00836806
0.00798611
0.00802083
0.0105556
0.0115972
0.0112847
0.0124306
0.0127778
0.0134722
0.0161458
0.0180208
0.0167708
0.0210069
0.0226389
0.0235069
0.0252431
0.0253125
0.0244444
0.0254861
0.0268403
0.0270139
0.0292014
0.0311806
0.0314931
0.0337847
0.0354514
0.0333333
0.035
0.0373611
0.0369097
0.0385417
0.0382986
0.0386458
0.0400694
0.0411458
0.0402083
0.0413194
0.0405903
0.0395486
0.041794
0.0409722
0.0395718
0.0415278
0.0413889
0.0420139
0.0433333
0.0442361
0.0437847
0.0440972
0.0438542
0.0430208
0.0424653
0.0422917
0.0413542
0.0431597
0.0433333
0.0427778
0.0423264
0.0434722
0.0440972
0.04375
0.0426389
0.0426736
0.0426389
0.0417708
0.0411806
0.0410069
0.0412847
0.0415625
0.0420833
0.0418056
0.0416319
0.043125
0.0433333
0.0425
0.0464583
0.0479861
0.0470833
0.0463194
0.0459722
0.0452778
0.0465278
0.045
0.0448611
0.0438194
0.043125
0.0414931
0.0422917
0.0444097
0.0443403
0.0445833
0.0413194
0.0394792
0.0389583
0.0397222
0.0388194
0.0395139
0.0405556
0.0402083
0.0397569
0.0421875
0.0404167
0.0397569
0.0428125
0.0444444
0.04625
0.0499653
0.0503819
0.0516667
0.0532639
0.0537847
0.0552083
0.0561111
0.0572569
0.0598611
0.0617708
0.0603472
0.0620486
0.0630208
0.0611111
0.0632292
0.0646528
0.0642014
0.0638889
0.0622569
0.065625
0.0650694
0.0647685
0.0637153
0.0633796
0.0630208
0.0618403
0.0607639
0.0593056
0.0586458
0.0587269
0.0592014
0.0593866
0.0595833
0.0594097
0.0597685
0.060162
0.060081
0.0601273
0.0603704
0.0603935
0.0598611
0.0605671
0.0607755
0.0603356
0.0623958
0.0616435
0.0617824
0.0608218
0.0611111
0.0608102
0.061956
0.0614468
0.0607292
0.059838
0.059213
0.0592593
0.06
0.0599074
0.060463
0.0604745
0.0599306
0.0596644
0.0593171
0.0599884
0.0584028
0.0600116
0.058831
0.058912
0.058125
0.0608565
0.0572454
0.0550347
0.0537963
0.0530787
0.0523843
0.0520833
0.0522917
0.0522338
0.0525116
0.051794
0.0525
0.0515509
0.0509954
0.0509722
0.0502199
0.0488426
0.0489468
0.0480208
0.0466435
0.0460995
0.0453009
0.0438889
0.0472222
0.0505324
0.0522685
0.053669
0.0527778
0.0526157
0.0540741
0.0558218
0.0566319
0.0558102
0.0527199
0.0523148
0.0506597
0.0479282
0.0469907
0.0441204
0.0429861
0.042581
0.041088
0.0401968
0.0391667
0.0384144
0.0372338
0.0369329
0.0340625
0.0336921
0.0330671
0.03375
0.0322338
0.0318287
0.0304398
0.0296875
0.029213
0.0285648
0.0280093
0.0278819
0.0278241
0.0287384
0.0270718
0.0283565
0.0252778
0.0258449
0.0261921
0.0240162
0.0237847
0.0237616
0.0241204
0.0252778
0.0245833
0.0254398
0.0247801
0.0230556
0.0240046
0.0222454
0.0215509
0.0215509
0.0221528
0.0203935
0.0196296
0.0192245
0.0190278
0.0192824
0.0185532
0.0183218
0.0186806
0.0197569
0.019375
0.0203588
0.0198148
0.0199306
0.0195486
0.019213
0.0198495
0.0191319
0.0179514
0.0183912
0.0176736
0.0193403
0.0184028
0.018206
0.0174884
0.0160069
0.0151736
0.0159838
0.0145718
0.0139583
0.0146181
0.0152546
0.0167477
0.0175926
0.0179051
0.0206597
0.0184491
0.0194676
0.016794
0.0164931
0.0140046
0.0126968
0.0116204
0.010625
0.0101852
0.00998843
0.0114699
0.0108565
0.0104167
0.00997685
0.00969907
0.00946759
0.00961806
0.00928241
0.0087963
0.00866898
0.00850694
0.00792824
0.00803241
0.00818287
0.00815972
0.00744213
0.00740741
0.0074537
0.00739583
0.00712963
0.00751157
0.00856481
0.00729167
0.00789352
0.0101157
0.012419
0.0115278
0.0146296
0.0168866
0.0183102
0.0229861
0.0206019
0.0212963
0.0211343
0.0210764
0.0214352
0.0186574
0.0152662
0.0152778
0.0147685
0.0149769
0.0139815
0.0139931
0.0128241
0.0143866
0.0163426
0.0132986
0.0138657
0.0143519
0.0119329
0.0115509
0.00854167
0.00760417
0.00730324
0.00488426
0.00423611
0.00427083
0.00438657
0.00446759
0.00430556
0.00427083
0.00417824
0.00416667
0.00497685
0.00490741
0.00498843
0.00604167
0.00563657
0.00549769
0.00665509
0.00479167
0.00449074
0.00431713
0.00606481
0.00496528
0.0185185
0.0183796
0.0179051
0.0200347
0.0211227
0.0215046
0.0194329
0.0187847
0.0181019
0.0172338
0.0171412
0.0147569
0.0123032
0.012581
0.0108912
0.0118403
0.0107755
0.00959491
0.00787037
0.00572917
0.00799769
0.00883102
0.0099537
0.00666667
0.00605324
0.00792824
0.00685185
0.00710648
0.00524306
0.00381944
0.00614583
0.00777778
0.00836806
0.0107639
0.0106597
0.011875
0.0125347
0.013125
0.0141667
0.015625
0.0159375
0.0161458
0.0172917
0.0165972
0.0170486
0.0185764
0.0188194
0.0194792
0.0215625
0.0210069
0.0272917
0.0253125
0.023125
0.0232292
0.0219097
0.0214931
0.0222569
0.0218056
0.0215278
0.0230208
0.0257986
0.0262153
0.0290972
0.0310069
0.0302431
0.0291667
0.0338889
0.0371875
0.042662
0.0485764
0.0499884
0.0593056
0.0679167
0.0716319
0.0811111
0.0915856
0.0919444
0.101632
0.106354
0.108819
0.113646
0.118681
0.121944
0.130347
0.136319
0.138333
0.14566
0.149271
0.150208
0.157674
0.161285
0.164062
0.171771
0.178264
0.178194
0.183843
0.189606
0.191354
0.199178
0.209549
0.210521
0.222743
0.231412
0.233206
0.243588
0.251493
0.257338
0.264514
0.271701
0.278056
0.286597
0.299618
0.302998
0.314005
0.322164
0.321817
0.329664
0.337025
0.336748
0.342546
0.351296
0.354907
0.361991
0.370775
0.370637
0.380012
0.379178
0.381782
0.390891
0.395856
0.393981
0.404387
0.4139
0.416227
0.421088
0.432269
0.433993
0.444792
0.454525
0.455949
0.475336
0.489792
0.489005
0.507049
0.519988
0.52191
0.54015
0.547315
0.548981
0.562558
0.577292
0.575799
0.588368
0.592234
0.59191
0.596331
0.60088
0.594387
0.594028
0.588958
0.586447
0.592257
0.589201
0.58419
0.573611
0.581991
0.577199
0.589375
0.601701
0.603819
0.620532
0.618669
0.615451
0.63169
0.635359
0.640359
0.652083
0.653218
0.655359
0.668657
0.688183
0.687187
0.700637
0.711667
0.716794
0.734884
0.738021
0.738229
0.751111
0.750069
0.759664
0.770787
0.775567
0.780417
0.786655
0.784745
0.780139
0.781458
0.781123
0.774757
0.769352
0.769444
0.771285
0.771389
0.778194
0.775243
0.773368
0.779514
0.780312
0.783877
0.782014
0.783831
0.780104
0.777014
0.769896
0.767222
0.766088
0.759109
0.748611
0.73809
0.731146
0.725243
0.727975
0.739155
0.75559
0.762431
0.75588
0.758403
0.762025
0.762824
0.766296
0.763519
0.755764
0.750718
0.743322
0.739306
0.736667
0.734201
0.731597
0.731377
0.73485
0.733912
0.732928
0.732153
0.731111
0.733437
0.736354
0.733206
0.738437
0.731771
0.73184
0.722315
0.725451
0.726528
0.723623
0.723345
0.714722
0.710764
0.714803
0.711852
0.715544
0.716169
0.71353
0.723785
0.731817
0.730382
0.741204
0.745694
0.744329
0.74625
0.735243
0.7264
0.730544
0.721389
0.718056
0.739572
0.741748
0.735347
0.736157
0.733194
0.731505
0.727176
0.729352
0.728461
0.736285
0.739676
0.737222
0.737095
0.735081
0.729514
0.729664
0.730023
0.729248
0.721667
0.720289
0.716412
0.721285
0.722778
0.716667
0.715231
0.709063
0.704861
0.698507
0.69522
0.692708
0.689618
0.68809
0.686042
0.687778
0.699213
0.692014
0.689132
0.678206
0.678403
0.682222
0.681817
0.677326
0.676296
0.671262
0.667396
0.664525
0.66353
0.660394
0.661285
0.673009
0.67
0.666146
0.663704
0.662743
0.664745
0.670486
0.662569
0.663194
0.659155
0.655278
0.653588
0.645521
0.641991
0.638056
0.650532
0.64691
0.655799
0.658218
0.655903
0.665278
0.662407
0.662361
0.660382
0.658345
0.654653
0.653449
0.648102
0.644792
0.643044
0.633252
0.626979
0.632778
0.635891
0.635741
0.627188
0.626296
0.621944
0.618924
0.625544
0.622512
0.627847
0.624016
0.621725
0.620995
0.635
0.636169
0.638924
0.64272
0.644954
0.650509
0.661157
0.660278
0.659387
0.659618
0.657488
0.6611
0.672257
0.675984
0.682292
0.682025
0.67838
0.684028
0.682639
0.681655
0.689688
0.696319
0.693681
0.691979
0.682292
0.677917
0.675937
0.672951
0.663333
0.662986
0.657882
0.657465
0.657697
0.65816
0.654097
0.654213
0.659028
0.660509
0.664375
0.662731
0.670162
0.671736
0.67162
0.669676
0.675
0.677975
0.67588
0.673576
0.674549
0.666493
0.662419
0.661238
0.657951
0.655081
0.64809
0.644618
0.638692
0.630428
0.625127
0.614572
0.61228
0.608854
0.606134
0.604722
0.601042
0.600556
0.593495
0.586458
0.590544
0.593958
0.591227
0.586481
0.583542
0.578009
0.572766
0.567187
0.555764
0.560081
0.560208
0.557303
0.567593
0.568981
0.564363
0.569132
0.567558
0.569178
0.585347
0.601979
0.601343
0.607986
0.608947
0.602465
0.606574
0.609942
0.609306
0.613437
0.614514
0.608368
0.608935
0.612708
0.607465
0.606354
0.5975
0.592303
0.596157
0.597442
0.59213
0.588275
0.587998
0.581713
0.576944
0.562535
0.554641
0.551609
0.544722
0.533993
0.526169
0.518866
0.514954
0.508403
0.50272
0.503403
0.504062
0.502604
0.506829
0.508021
0.512465
0.51147
0.51515
0.515891
0.517431
0.522604
0.530046
0.523472
0.527407
0.525
0.516609
0.510266
0.502002
0.495428
0.491921
0.487812
0.482685
0.483507
0.483831
0.479016
0.478715
0.480197
0.473646
0.474815
0.479954
0.46978
0.471748
0.472465
0.46294
0.462373
0.457581
0.446979
0.444572
0.442697
0.434294
0.426667
0.417419
0.413056
0.419896
0.420093
0.413299
0.414676
0.40456
0.403692
0.412755
0.411782
0.404225
0.395266
0.389641
0.387905
0.382199
0.377049
0.367049
0.358819
0.346655
0.353287
0.34794
0.34191
0.335602
0.336667
0.333414
0.333113
0.331771
0.331516
0.330069
0.338507
0.334132
0.333507
0.344769
0.342662
0.339352
0.341377
0.341713
0.329873
0.330475
0.328912
0.324537
0.334433
0.3389
0.335729
0.341065
0.347025
0.34603
0.358218
0.359363
0.360938
0.357245
0.351944
0.352616
0.347396
0.339178
0.336435
0.338206
0.332199
0.324653
0.323171
0.31956
0.309167
0.316076
0.311389
0.306563
0.299398
0.28566
0.279653
0.276632
0.272083
0.266493
0.264977
0.251146
0.246562
0.23919
0.234919
0.227674
0.224005
0.217674
0.214757
0.208009
0.204757
0.205544
0.211123
0.219942
0.223657
0.237801
0.24375
0.241655
0.252106
0.256493
0.258588
0.252465
0.251782
0.268981
0.259294
0.26037
0.254722
0.2514
0.248356
0.247685
0.250451
0.252083
0.252662
0.258576
0.262998
0.26375
0.276343
0.278623
0.277442
0.285313
0.293252
0.294514
0.302419
0.306435
0.310058
0.323773
0.331343
0.328356
0.328021
0.331319
0.329722
0.337951
0.333808
0.336875
0.328634
0.328542
0.321736
0.325174
0.327905
0.323484
0.315764
0.317164
0.314132
0.309583
0.309769
0.306632
0.303218
0.298414
0.293299
0.291366
0.283275
0.279062
0.275069
0.272222
0.269028
0.258056
0.250995
0.245208
0.241701
0.227083
0.218275
0.210602
0.219583
0.211146
0.207743
0.201366
0.191759
0.189537
0.214907
0.205984
0.2061
0.204259
0.198183
0.196806
0.200718
0.195602
0.195428
0.195486
0.199907
0.187523
0.184583
0.181574
0.168414
0.16559
0.162361
0.156042
0.15022
0.141875
0.132627
0.132269
0.129352
0.120231
0.112766
0.105
0.0977546
0.0942014
0.0899074
0.0887384
0.0888079
0.0868519
0.0860995
0.0858796
0.0804167
0.0917245
0.0878125
0.0851736
0.0843171
0.080544
0.0770023
0.0735185
0.0685532
0.0656134
0.0606481
0.0587384
0.0562731
0.052662
0.0501042
0.0484491
0.0471991
0.0456366
0.0440046
0.0426505
0.0408796
0.0387963
0.0376505
0.0362269
0.0335764
0.0318056
0.0344792
0.0329861
0.0311806
0.0292014
0.0282292
0.0275694
0.0257639
0.0236806
0.0226042
0.0212153
0.0189583
0.0181597
0.0170833
0.0163542
0.016875
0.0156597
0.0146181
0.0140278
0.0139236
0.013125
0.0124306
0.0117361
0.0104861
0.0101736
0.00989583
0.0090625
0.00864583
0.00854167
0.00722222
0.00607639
0.00604167
0.00476852
0.00506944
0.00416667
0.00482639
0.00408565
0.00387731
0.00349537
0.0037963
0.00358796
0.00320602
0.00290509
0.00229167
0.00263889
0.00229167
0.00239583
0.00194444
0.0015625
0.00138889
0.00177083
0.001875
0.00142361
0.00170139
0.000972222
0.00166667
0.00142361
0.000868056
0.00107639
0.00104167
0.00100694
0.000520833
0.000381944
0.000590278
0.000486111
0.00145833
0.00121528
0.00138889
0.00118056
0.00121528
0.00114583
0.00125
0.000868056
0.00114583
0.000416667
0.000902778
0.0009375
0.000486111
0.000358796
0.000451389
0.0015625
0.00263889
0.00402778
0.00541667
0.00652778
0.00722222
0.00885417
0.0108681
0.0116319
0.0123958
0.0104861
0.01
0.00868056
0.00743056
0.00701389
0.00517361
0.00420139
0.00322917
0.00704861
0.0132986
0.0171528
0.0239236
0.0277778
0.0286111
0.0315278
0.0335764
0.035
0.0362847
0.0422569
0.0487847
0.0575
0.0663194
0.0710417
0.080625
0.0830903
0.0857292
0.0881597
0.0922917
0.0906944
0.0954167
0.0983333
0.101215
0.103264
0.101667
0.102535
0.10441
0.103785
0.10059
0.0986343
0.0958681
0.0953472
0.0947454
0.0911806
0.0871181
0.0848264
0.0871875
0.0862847
0.0852431
0.0848611
0.0840625
0.0827778
0.0795023
0.0755903
0.0690046
0.0633102
0.059919
0.0536574
0.0470139
0.0461111
0.048125
0.049375
0.0514583
0.0505556
0.0504514
0.0523727
0.0503819
0.0544676
0.0573843
0.0575116
0.0576157
0.0579514
0.0586458
0.0601736
0.0595139
0.0585069
0.0622222
0.0619792
0.0642014
0.0624306
0.0611458
0.0603472
0.0637153
0.0610764
0.0601736
0.0604167
0.0579861
0.0605556
0.0632986
0.0618403
0.0626389
0.0654167
0.0631366
0.0703704
0.0674074
0.0669444
0.0652431
0.065
0.0665972
0.0691782
0.063125
0.0613542
0.0569676
0.0517361
0.0480556
0.0384722
0.0323958
0.0306597
0.023669
0.0191782
0.0163194
0.0131019
0.0115278
0.0114468
0.0128819
0.0110764
0.00986111
0.00703704
0.00489583
0.00541667
0.00472222
0.00582176
0.00569444
0.00607639
0.00576389
0.00631944
0.00697917
0.00743056
0.00756944
0.00736111
0.00815972
0.00885417
0.00940972
0.0096875
0.0109375
0.00972222
0.0117014
0.0119444
0.0179167
0.0234375
0.0266319
0.0347222
0.0469792
0.0520486
0.0653472
0.0778356
0.0841088
0.0963426
0.110683
0.119549
0.130683
0.149688
0.158958
0.170139
0.187639
0.195243
0.213681
0.226146
0.237014
0.250694
0.270243
0.279687
0.295174
0.310382
0.310521
0.320208
0.330104
0.331389
0.33566
0.332153
0.327465
0.325451
0.315451
0.310174
0.303542
0.295694
0.29809
0.294132
0.282315
0.275972
0.26941
0.258958
0.252627
0.24625
0.241667
0.238206
0.23191
0.229028
0.22434
0.220417
0.215104
0.213333
0.208391
0.20309
0.2036
0.190556
0.181424
0.175625
0.156875
0.144063
0.136736
0.120382
0.107072
0.101262
0.0874074
0.0748843
0.0693981
0.0567824
0.0449074
0.0383449
0.0272338
0.0202083
0.0184028
0.0109028
0.00722222
0.00461806
0.000601852
0
0
0
0
0.00037037
0.000902778
0.00215278
0.00260417
0.00326389
0.00434028
0.00378472
0.00236111
0.000520833
0
0
0
0
0
0
0
0
0
0
0
0
0
0.00127315
0
0
0.00113426
0
0.000763889
0
0
0
0
0
0
0
0
0
0
0
0
0
0
0
0
0
0
0
0
0
0
0
0
0
0
0
0
0.0003125
0.0012037
2.31481e-05
0
0
0
0
0
0
0
0
0
0
0
0
0
0
0
0
0
0
0
0
0
0
0
0
0
0
0
0
0
0
0
0
0.000243056
0
0
0
0
0
0
0
0
0
0
0
0
0
0
0
0
0
0
0
0
0
0
0
0
0
0
0
0
0
0
0
0
0
0
0
0
0
0.00295139
0.00642361
0.0134375
0.0220833
0.025
0.0329514
0.0393403
0.04125
0.0445833
0.0456944
0.0453125
0.0485069
0.0510995
0.0517708
0.0511806
0.0520833
0.0529167
0.0540625
0.0541667
0.0543403
0.0544444
0.0567014
0.0569444
0.0576736
0.0588194
0.0581597
0.0596181
0.0603472
0.0623958
0.0638889
0.0671181
0.0683333
0.0746528
0.0835069
0.0893403
0.0984375
0.112847
0.116875
0.122847
0.137465
0.13875
0.147187
0.153403
0.155648
0.160081
0.169514
0.167396
0.172778
0.175937
0.178299
0.181215
0.186111
0.186111
0.186667
0.189757
0.189618
0.192257
0.193924
0.193264
0.19125
0.192083
0.192292
0.191562
0.189444
0.188403
0.186875
0.182222
0.181736
0.180764
0.177014
0.176354
0.175243
0.178299
0.179688
0.182292
0.186424
0.187535
0.190069
0.192569
0.193681
0.194792
0.19441
0.193229
0.195417
0.197569
0.196424
0.198854
0.202465
0.200347
0.202396
0.204236
0.20309
0.204792
0.205556
0.205382
0.209826
0.215104
0.217222
0.226736
0.231563
0.236076
0.243125
0.249583
0.253542
0.259271
0.257708
0.257396
0.258507
0.258958
0.260521
0.256354
0.256076
0.260139
0.259097
0.257917
0.256215
0.255903
0.259757
0.259618
0.258762
0.259757
0.256806
0.258715
0.258437
0.25625
0.256424
0.256667
0.255937
0.260139
0.263924
0.265451
0.271458
0.279097
0.280347
0.28691
0.290938
0.290903
0.298993
0.297118
0.294792
0.297708
0.294653
0.29434
0.292014
0.290035
0.28691
0.286088
0.282535
0.277882
0.273958
0.271354
0.269583
0.267326
0.264931
0.263299
0.26191
0.261007
0.258681
0.257778
0.25875
0.260451
0.265347
0.279965
0.277361
0.28191
0.286007
0.285208
0.289653
0.290417
0.289653
0.290035
0.289167
0.289028
0.292396
0.297326
0.302153
0.308403
0.316597
0.318854
0.326701
0.334028
0.33809
0.344375
0.351771
0.355347
0.361389
0.367257
0.386632
0.387986
0.39125
0.389757
0.392083
0.394201
0.394097
0.394329
0.393819
0.394167
0.396215
0.39434
0.394792
0.393507
0.394525
0.392465
0.392986
0.390961
0.388819
0.385706
0.382315
0.380509
0.377002
0.373333
0.371667
0.385683
0.375903
0.374097
0.374861
0.37059
0.3675
0.366354
0.363947
0.363356
0.365417
0.366354
0.367292
0.370058
0.376343
0.377488
0.384398
0.387176
0.388831
0.393194
0.399201
0.40184
0.405833
0.411632
0.414375
0.420069
0.445729
0.441308
0.44515
0.441655
0.44272
0.442928
0.443449
0.445556
0.44941
0.448056
0.443715
0.446111
0.4486
0.445208
0.446076
0.448437
0.448924
0.444861
0.445694
0.442604
0.440694
0.435625
0.428611
0.429144
0.428414
0.472569
0.459456
0.458866
0.453137
0.451354
0.449201
0.44441
0.446007
0.452917
0.449722
0.449861
0.453889
0.452743
0.456632
0.456667
0.456076
0.458819
0.456771
0.456979
0.457014
0.461111
0.461389
0.464306
0.463993
0.462118
0.495498
0.488032
0.484178
0.479907
0.478519
0.476806
0.47434
0.47441
0.467187
0.461806
0.461736
0.457465
0.455139
0.450972
0.446632
0.444306
0.442083
0.437014
0.432778
0.431146
0.428368
0.427014
0.430278
0.428021
0.427361
0.453287
0.441586
0.440451
0.438368
0.434722
0.433715
0.433194
0.427118
0.427292
0.426644
0.423137
0.421875
0.422569
0.416354
0.41691
0.415833
0.409097
0.416806
0.418333
0.412361
0.41375
0.408472
0.406424
0.402847
0.399236
0.447558
0.436238
0.431204
0.425891
0.421551
0.416389
0.410174
0.405729
0.402951
0.399028
0.394549
0.39
0.383437
0.381806
0.37934
0.377535
0.375382
0.372847
0.369201
0.365382
0.363056
0.362187
0.359861
0.357986
0.354583
0.389491
0.377002
0.373808
0.368646
0.363438
0.359225
0.356979
0.354097
0.349861
0.347326
0.344375
0.340972
0.336667
0.333472
0.330382
0.328056
0.32684
0.322813
0.318507
0.314028
0.309583
0.305104
0.301424
0.297778
0.295278
0.367477
0.348785
0.343715
0.33941
0.333194
0.327188
0.323299
0.319028
0.316713
0.312998
0.30978
0.305937
0.300243
0.296806
0.293345
0.287975
0.285197
0.283229
0.280451
0.277766
0.277396
0.274444
0.270729
0.266667
0.263854
0.303438
0.289687
0.282986
0.278889
0.275069
0.268403
0.263681
0.259132
0.255
0.249167
0.246632
0.246146
0.241146
0.240914
0.235637
0.231887
0.22838
0.226065
0.222975
0.221644
0.220637
0.215012
0.210637
0.207998
0.20338
0.228565
0.213773
0.208715
0.204583
0.198056
0.195243
0.194201
0.192986
0.189931
0.187743
0.185104
0.181076
0.178785
0.175486
0.17375
0.173391
0.174132
0.173171
0.170799
0.169097
0.168611
0.168542
0.165486
0.163611
0.162778
0.232836
0.213148
0.209329
0.202951
0.196667
0.192882
0.187778
0.183993
0.180567
0.175532
0.171713
0.168299
0.164618
0.160938
0.157188
0.155694
0.151007
0.146563
