5.5775
5.36079
4.98481
4.58006
4.22087
3.90178
3.61874
3.33924
3.0411
2.77816
2.54807
2.32885
2.13043
1.91885
1.76824
1.61669
1.51368
1.40507
1.32554
1.46397
1.34265
1.25462
1.17942
1.08358
0.990903
0.920521
0.855023
0.812454
0.78941
0.74772
0.7561
0.71794
0.706713
0.671528
0.673785
0.666435
0.650891
0.63044
0.599826
0.588715
0.596863
0.581493
0.577998
0.628414
0.83081
0.822164
0.860532
0.847106
0.889155
0.918438
0.906227
0.91206
0.949005
0.984583
1.04144
1.16051
1.19054
1.24561
1.26394
1.24771
1.25925
1.33377
1.43243
1.56135
1.65688
1.64289
1.66589
1.78031
1.72514
1.86051
1.83867
1.68537
1.57759
1.53593
1.48929
1.4672
1.28498
1.20866
1.23453
1.22811
1.24808
1.17169
0.969375
0.957025
1.007
0.984259
0.936146
0.982049
0.962361
0.947743
0.989109
1.0134
0.976076
0.964363
1.534
1.36023
1.27828
1.24524
1.12429
1.05434
0.982419
0.897951
0.855706
0.868646
0.809745
0.852789
0.876354
0.849769
0.967049
1.05428
1.04957
1.08228
1.10623
1.10428
1.166
1.20358
1.17824
1.19606
1.28395
1.65558
1.64219
1.62601
1.56528
1.56678
1.5384
1.52527
1.635
1.7216
1.71473
1.90242
2.10509
2.02976
1.94816
1.90689
1.81461
1.73654
1.71699
1.66531
1.66715
1.65098
1.64678
1.57105
1.5272
1.4464
1.76038
1.6897
1.60478
1.52459
1.49245
1.42465
1.41409
1.373
1.31176
1.30466
1.29771
1.21219
1.26256
1.25242
1.18149
1.12779
1.10704
1.03925
1.01953
0.98213
0.923715
0.905637
0.888542
0.88838
0.834977
1.32627
1.20917
1.11772
1.03959
0.942118
0.873241
0.838241
0.7714
0.763738
0.720347
0.660972
0.689398
0.694491
0.680266
0.697002
0.667975
0.618553
0.58
0.54978
0.51566
0.496667
0.471794
0.4536
0.459711
0.426875
0.907234
0.808438
0.716019
0.658623
0.586354
0.509734
0.422141
0.370336
0.357755
0.307894
0.287442
0.270058
0.248056
0.204942
0.212257
0.204757
0.224514
0.238206
0.228993
0.224792
0.202743
0.190289
0.190602
0.182245
0.161968
0.92838
0.823426
0.72581
0.657905
0.55147
0.477951
0.412407
0.36816
0.331458
0.306701
0.271169
0.228044
0.214583
0.213519
0.187083
0.182419
0.186354
0.198322
0.183947
0.207083
0.172847
0.158692
0.16647
0.171632
0.169664
0.719525
0.588981
0.509873
0.430428
0.358333
0.300081
0.246609
0.225984
0.177072
0.169954
0.149051
0.131713
0.122697
0.111528
0.103414
0.107072
0.100312
0.0964699
0.117488
0.099537
0.133171
0.126586
0.116898
0.103808
0.102303
0.662546
0.568056
0.469919
0.396991
0.328461
0.258657
0.251076
0.230208
0.195012
0.209259
0.219954
0.243438
0.247211
0.281829
0.300231
0.297037
0.310081
0.329838
0.317708
0.332674
0.351169
0.356991
0.376273
0.368796
0.345324
0.928032
0.782546
0.674097
0.636956
0.550532
0.455556
0.411262
0.377512
0.326169
0.299965
0.296563
0.270185
0.239491
0.239051
0.238125
0.251944
0.279525
0.272986
0.282477
0.30213
0.290069
0.280324
0.269873
0.250127
0.241157
1.05652
0.893299
0.776551
0.676794
0.605394
0.526447
0.449387
0.408611
0.361435
0.32838
0.316065
0.320532
0.284062
0.244769
0.225903
0.198495
0.218495
0.209595
0.191956
0.168044
0.175023
0.163553
0.145567
0.13625
0.135949
0.796042
0.677049
0.596134
0.508322
0.419109
0.363657
0.285116
0.214387
0.158299
0.130567
0.103437
0.177199
0.15853
0.134826
0.120231
0.104236
0.0853356
0.0713889
0.0760648
0.0745255
0.0605208
0.0480093
0.0390856
0.0713773
0.0726042
0.879398
0.805775
0.734421
0.680984
0.581053
0.521227
0.507697
0.479745
0.468542
0.409688
0.406389
0.364826
0.378669
0.376146
0.396771
0.449907
0.47978
0.444826
0.504248
0.500752
0.497431
0.536667
0.628125
0.671354
0.719178
1.10138
0.997384
0.906505
0.850336
0.769803
0.720243
0.676609
0.638785
0.642292
0.650521
0.654294
0.6736
0.694387
0.698796
0.745058
0.788368
0.764815
0.798148
0.87691
0.852604
0.878958
0.884421
0.87316
0.926019
0.951481
1.99332
1.87087
1.76119
1.59104
1.58051
1.61462
1.55067
1.53709
1.50911
1.45167
1.4717
1.52565
1.45528
1.51326
1.548
1.49817
1.51428
1.51882
1.46237
1.48988
1.52028
1.49155
1.49146
1.5195
1.47468
2.30223
2.15361
2.05073
2.00751
1.92199
1.85269
1.82948
1.81918
1.71784
1.6984
1.70272
1.61778
1.62003
1.61275
1.53685
1.53194
1.51439
1.4623
1.47959
1.48877
1.42986
1.45491
1.45311
1.38462
1.43292
2.27421
2.07141
1.96539
1.8912
1.70997
1.68715
1.61075
1.45346
1.40779
1.35057
1.25385
1.30105
1.24127
1.15832
1.17409
1.22058
1.17892
1.16868
1.21529
1.15142
1.1265
1.08894
1.01502
1.00007
0.979514
1.7473
1.59689
1.4903
1.34664
1.27043
1.17694
1.07084
1.02354
0.939294
0.837778
0.765093
0.734664
0.717523
0.644086
0.594803
0.520289
0.470752
0.412708
0.375116
0.373993
0.3761
0.352106
0.329931
0.314352
0.284699
1.60573
1.43084
1.24605
1.12284
0.985451
0.83419
0.727512
0.676516
0.621285
0.608542
0.571887
0.518079
0.502141
0.503924
0.505648
0.548484
0.574769
0.555521
0.595706
0.602095
0.597083
0.656574
0.645498
0.642164
0.677917
1.74402
1.55579
1.39516
1.31177
1.17516
1.10201
1.02029
0.936424
0.886065
0.815058
0.776968
0.767164
0.78316
0.715324
0.710683
0.754294
0.726921
0.883576
1.00348
0.976042
1.1073
1.18358
1.14926
1.243
1.29568
2.05653
1.93973
1.80962
1.66432
1.59898
1.47256
1.36781
1.28802
1.15306
1.0102
0.885116
0.807245
0.708102
0.608854
0.522199
0.469699
0.413333
0.386574
0.336516
0.264606
0.263102
0.250035
0.259109
0.227454
0.199167
1.13884
0.941748
0.801065
0.684977
0.554028
0.475787
0.395567
0.349028
0.261817
0.206366
0.151701
0.131713
0.164549
0.15015
0.17088
0.141319
0.120625
0.105127
0.120058
0.125058
0.1339
0.129456
0.127546
0.137037
0.137998
1.18147
1.01706
0.837616
0.698646
0.608229
0.517627
0.421713
0.330243
0.296076
0.27463
0.252442
0.237141
0.208657
0.210359
0.197106
0.20037
0.183484
0.157778
0.164398
0.16463
0.154792
0.14816
0.125231
0.127558
0.121007
0.824965
0.684352
0.555972
0.446134
0.340058
0.269572
0.218542
0.204074
0.179792
0.147465
0.120822
0.11294
0.100579
0.100752
0.105509
0.112616
0.128044
0.123218
0.108183
0.106481
0.100926
0.0874537
0.100255
0.141331
0.129282
0.612361
0.510961
0.40515
0.333079
0.315475
0.232373
0.231007
0.192697
0.170324
0.180116
0.193553
0.169178
0.153866
0.149433
0.124109
0.117373
0.118634
0.0944329
0.0910069
0.102234
0.084838
0.0848032
0.080463
0.0684144
0.0785185
0.751817
0.595706
0.48022
0.381227
0.310023
0.240856
0.206806
0.159537
0.140856
0.128981
0.117627
0.107998
0.109005
0.104942
0.131609
0.134907
0.123252
0.184178
0.183681
0.174132
0.201516
0.227303
0.203623
0.197431
0.172581
1.16668
0.875544
0.726933
0.582569
0.475787
0.376331
0.302338
0.24419
0.206192
0.160752
0.136377
0.148843
0.118819
0.106887
0.0950926
0.0869329
0.0831134
0.0737731
0.0673495
0.0633565
0.0566551
0.0494676
0.0443981
0.0460648
0.0374884
0.599074
0.483831
0.366944
0.301551
0.224884
0.172616
0.135289
0.0963773
0.0868634
0.0740856
0.0537037
0.0465162
0.0438426
0.0340278
0.035162
0.048287
0.0490856
0.0507639
0.0458796
0.0420718
0.0367593
0.0530787
0.0634954
0.0530787
0.0492593
0.760243
0.605845
0.495347
0.379421
0.291956
0.223866
0.168137
0.10919
0.0833102
0.0725579
0.050787
0.0550231
0.10603
0.0979977
0.0833449
0.074838
0.0640625
0.0596528
0.0467477
0.0422917
0.0415856
0.0379398
0.0407523
0.0395718
0.0370718
0.430741
0.330787
0.277558
0.170648
0.143472
0.126227
0.0953356
0.0859954
0.0768866
0.0705208
0.0636574
0.0700116
0.0670718
0.0696759
0.0584606
0.0608102
0.0633218
0.0565046
0.0487616
0.0446991
0.0415741
0.0368519
0.0500231
0.0665972
0.0755208
0.728472
0.571528
0.430486
0.332049
0.275023
0.225799
0.187477
0.163819
0.152951
0.151458
0.133368
0.134838
0.122442
0.121389
0.108079
0.0978819
0.0901968
0.0740741
0.0679977
0.0779977
0.0742245
0.0663657
0.0754745
0.0663773
0.0623958
0.540405
0.418634
0.348843
0.258507
0.205961
0.192662
0.157674
0.120926
0.102824
0.0846991
0.0680556
0.0723264
0.0864931
0.0805208
0.0820486
0.0799074
0.0679167
0.0648611
0.0740278
0.0739005
0.0952546
0.110868
0.103715
0.126528
0.120243
0.468762
0.361019
0.306493
0.247755
0.204931
0.174306
0.142164
0.163484
0.148947
0.130012
0.378843
0.306713
0.24831
0.197789
0.162014
0.134896
0.105486
0.0921875
0.077037
0.0735069
0.0765278
0.0940625
0.0804282
0.0864236
0.0631944
0.0608102
0.0608333
0.0690509
0.0644213
0.0621644
0.0655093
0.0578125
0.0558102
0.0452662
0.0407639
0.326516
0.243229
0.202303
0.144421
0.130914
0.100718
0.0854051
0.0659838
0.0629977
0.0503588
0.0488079
0.0589468
0.0622454
0.058912
0.0540394
0.0419329
0.0453704
0.0474537
0.0465856
0.0440278
0.0382292
0.0566319
0.044537
0.0433912
0.0407523
0.316238
0.238183
0.170683
0.126447
0.0897801
0.0756829
0.0576157
0.0542593
0.0504282
0.0529282
0.0588542
0.0916782
0.105856
0.104248
0.0966088
0.0882755
0.0844676
0.0754977
0.0633681
0.0634838
0.0578819
0.0532986
0.0520255
0.0628588
0.0558449
0.322882
0.247836
0.186458
0.128437
0.0990972
0.0800116
0.0624074
0.0563657
0.058206
0.048044
0.0463079
0.0510995
0.050706
0.0476157
0.0365394
0.0466088
0.059213
0.0581481
0.0754977
0.0828009
0.0758333
0.0696296
0.0777083
0.0747338
0.0860301
0.44897
0.362338
0.293113
0.23963
0.190891
0.15809
0.129618
0.106285
0.0934606
0.0810069
0.0667708
0.0753819
0.0815394
0.0716782
0.0742477
0.0757986
0.0707292
0.0679861
0.0680093
0.0623611
0.0697569
0.0622569
0.0615741
0.0593403
0.0698843
0.470498
0.346204
0.263183
0.193356
0.137025
0.101887
0.453715
0.371586
0.308588
0.239352
0.197315
0.180972
0.149282
0.150995
0.132546
0.120579
0.108275
0.104074
0.115937
0.118576
0.101944
0.105637
0.103958
0.083669
0.0836458
0.0828935
0.0779398
0.0780093
0.0821181
0.0767245
0.0751736
0.401123
0.312095
0.244456
0.200694
0.16103
0.146736
0.130289
0.114838
0.152778
0.14838
0.138715
0.136944
0.154352
0.140694
0.149583
0.178171
0.16625
0.156181
0.146377
0.132558
0.125046
0.126331
0.107674
0.0975694
0.0960301
0.503472
0.399306
0.307141
0.244433
0.211725
0.163669
0.13015
0.113866
0.0916898
0.0939352
0.0893519
0.0828241
0.0768634
0.10728
0.0979861
0.0889931
0.0853472
0.0795602
0.0698727
0.0626157
0.0621875
0.0631597
0.0607292
0.07375
0.0779167
0.44941
0.350926
0.268715
0.221991
0.171794
0.148935
0.128241
0.106586
0.0822801
0.0931944
0.0897917
0.0765046
0.0780093
0.0818866
0.070463
0.0658102
0.0787153
0.079838
0.0752662
0.0704051
0.0704051
0.0737037
0.0722917
0.0650579
0.0645718
0.463252
0.365093
0.274294
0.22081
0.17559
0.148738
0.1186
0.10022
0.0927546
0.0844676
0.0769676
0.081088
0.0756829
0.181516
0.178669
0.294769
0.26059
0.307211
0.288218
0.218461
0.204398
0.187905
0.172766
0.163773
0.177384
0.596505
0.468993
0.395451
0.323218
0.283032
0.2336
0.204769
0.206227
0.205324
0.178831
0.165775
0.168657
0.147442
0.128032
0.117442
0.10978
0.0985648
0.0993287
0.087037
0.0902662
0.0923727
0.0982176
0.101956
0.119977
0.120822
0.56669
0.444062
0.358426
0.29897
0.245891
0.200046
0.168715
0.143333
0.130255
0.111956
0.100394
0.0917477
0.0905671
0.0971991
0.10213
0.0948264
0.101563
0.11015
0.0914699
0.0801157
0.0986574
0.0715046
0.0765046
0.0785185
0.0939005
0.562558
0.476285
0.408854
0.339144
0.281863
0.251898
0.233808
0.210139
0.193854
0.194167
0.216701
0.238993
0.255417
0.218877
0.199826
0.201632
0.277106
0.280961
0.280301
0.258414
0.265023
0.229005
0.218067
0.21647
0.213414
0.632685
0.52022
0.439479
0.344641
0.294687
0.249236
0.22235
0.191192
0.185324
0.183148
0.174606
0.174294
0.211134
0.20912
0.234884
0.238218
0.231794
0.237419
0.20875
0.220312
0.236065
0.24603
0.241493
0.226169
0.22228
0.648681
0.564815
0.469653
0.400301
0.340139
0.320243
0.291597
0.273414
0.275845
0.259699
0.230012
0.205428
0.198426
0.170093
0.178148
0.165833
0.172153
0.160278
0.139375
0.112049
0.0945139
0.085625
0.0862153
0.0928472
0.0995602
0.557813
0.441632
0.355382
0.252882
0.187361
0.147002
0.110312
0.0892593
0.0740278
0.0579282
0.0516898
0.05125
0.0564931
0.0591319
0.0769444
0.0756597
0.0648611
0.0613194
0.0880556
0.0867708
0.0884028
0.0869792
0.0687153
0.0730556
0.0779861
0.401481
0.33228
0.269005
0.231181
0.154977
0.133264
0.111412
0.108924
0.0936111
0.0765972
0.0813889
0.107465
0.0975694
0.0867361
0.0959375
0.0875347
0.088125
0.0978472
0.0974306
0.108438
0.101701
0.105637
0.105046
0.106042
0.104641
0.598935
0.473796
0.376748
0.316817
0.245127
0.177546
0.168947
0.138576
0.117813
0.108368
0.0933449
0.0746644
0.0658102
0.0539005
0.0425116
0.0427431
0.0657639
0.0625463
0.0822338
0.0816782
0.0629282
0.0597685
0.0702199
0.0742477
0.0746644
0.599444
0.473403
0.38816
0.321933
0.248437
0.228877
0.214838
0.184306
0.176181
0.171736
0.158356
0.166748
0.176296
0.176493
0.190637
0.209236
0.203368
0.223808
0.225833
0.226678
0.275903
0.279468
0.271609
0.271134
0.263264
0.816678
0.700926
0.598403
0.48228
0.431134
0.426227
0.376377
0.350833
0.347674
0.325694
0.308819
0.333912
0.311146
0.304734
0.285394
0.257558
0.249201
0.255532
0.257199
0.260891
0.267396
0.266296
0.259884
0.265602
0.260648
0.701852
0.60088
0.500046
0.427361
0.402975
0.353623
0.310926
0.286424
0.260266
0.262488
0.273681
0.266667
0.276806
0.297627
0.29059
0.308009
0.290764
0.253403
0.243704
0.252002
0.249086
0.239734
0.299132
0.288681
0.28485
0.68985
0.595394
0.537674
0.504769
0.461516
0.446319
0.439132
0.417801
0.426655
0.450949
0.43919
0.445775
0.504641
0.503681
0.540382
0.592523
0.5861
0.679271
0.746829
0.745995
0.852766
0.920231
0.875405
1.04208
1.10391
1.44183
1.38993
1.4364
1.39731
1.49891
1.65627
1.65341
1.79973
1.90968
1.90878
2.08405
2.25984
2.24767
2.39389
2.51807
2.47355
2.5698
2.55521
2.52878
2.68338
2.66422
2.58758
2.62771
2.70242
2.64222
2.92135
2.89154
2.81141
2.88954
2.95012
2.89387
3.01435
3.10804
3.09083
3.19664
3.33079
3.26429
3.39365
3.49414
3.47661
3.60513
3.74652
3.70512
3.72434
3.74528
3.69478
3.72356
3.68486
3.54769
3.54197
3.66553
3.53722
3.4763
3.47939
3.37669
3.37646
3.41123
3.32581
3.33167
3.37297
3.2826
3.30612
3.30589
3.25809
3.20464
3.2295
3.15889
3.07852
2.89337
2.8155
2.75963
2.62449
2.51534
2.46971
2.43167
2.40148
2.37079
2.35337
2.25638
2.26865
2.36061
2.28216
2.31308
2.32686
2.25738
2.33153
2.39826
2.34266
2.3259
2.32866
2.24778
2.30821
2.2849
2.19273
2.16727
2.12619
2.07238
2.08892
2.08041
2.01057
2.09189
2.06425
1.98699
1.97803
1.99727
1.95576
2.00877
2.04056
1.97553
2.04998
2.10054
2.07632
2.22472
2.28255
2.2261
2.30697
2.40247
2.36297
2.4526
2.5041
2.42465
2.55576
2.62372
2.61948
2.74851
3.03662
2.93187
2.97705
3.1406
3.09331
3.19936
3.28161
3.24799
3.42539
3.49806
3.46484
3.56794
3.66464
3.61394
3.73678
3.79471
3.76627
3.83034
3.86707
3.82059
3.90198
3.95387
3.91806
3.98424
4.0595
4.02898
4.04661
4.09541
4.05411
4.10313
4.09683
4.09253
4.14454
4.14656
4.11473
4.19341
4.23748
4.2252
4.28809
4.31318
4.30519
4.3625
4.38061
4.35365
4.31428
4.35228
4.29878
4.34524
4.35432
4.28693
4.32803
4.31131
4.24495
4.22021
4.21729
4.18257
4.11346
4.07846
3.99676
3.98413
3.95744
3.84068
3.81441
3.77759
3.66557
3.65932
3.61826
3.48642
3.40206
3.34093
3.21237
3.22024
3.1851
3.1073
3.12949
3.2239
3.10741
3.07122
3.01008
2.9127
2.88715
2.83959
2.75242
2.69378
2.56374
2.48248
2.44145
2.40263
2.33992
2.38639
2.43418
2.39144
2.43081
2.46181
2.40712
2.45303
2.48985
2.45951
2.50501
2.54985
2.58696
2.61708
2.64047
2.59354
2.63237
2.67043
2.64375
2.70951
2.72751
2.69993
2.77829
2.86257
2.84944
2.91414
2.95751
2.935
2.99096
3.01719
2.98751
3.06715
3.11081
3.09961
3.18428
3.25384
3.24789
3.4477
3.47537
3.40002
3.48318
3.52382
3.48648
3.52755
3.51484
3.46602
3.47365
3.51013
3.39095
3.46853
3.44229
3.3577
3.35846
3.35844
3.22858
3.22708
3.20806
3.09175
3.11144
3.09794
2.95845
2.94941
2.95904
2.82081
2.8375
2.81494
2.71263
2.75105
2.75087
2.68325
2.70308
2.67487
2.56918
2.53499
2.49753
2.38322
2.36387
2.34748
2.28076
2.30729
2.30909
2.23207
2.2684
2.22693
2.17194
2.29118
2.28856
2.61858
2.59689
2.64703
2.60326
2.60505
2.68668
2.59564
2.60082
2.6367
2.51367
2.55043
2.54534
2.69807
2.68354
2.68648
2.60606
2.73317
2.86237
2.76567
2.68698
2.62963
2.49661
2.53397
2.52022
2.48382
2.60383
2.50417
2.40676
2.40767
2.39964
2.33258
2.30515
2.28057
2.17914
2.16502
2.15199
2.08399
2.07735
2.05734
1.97407
2.00274
2.0247
1.97472
2.0039
2.0135
1.95991
1.96252
1.96037
1.92348
1.94586
2.13319
2.04418
2.05723
2.039
1.96075
1.99404
1.95987
1.88924
1.88446
1.83411
1.76578
1.82035
1.85245
1.80731
1.84571
1.88399
1.87065
1.9231
1.97509
1.92757
1.9314
1.92368
1.87402
1.88259
1.85878
2.11281
2.05003
1.99593
1.91065
1.84361
1.79639
1.7069
1.7086
1.66198
1.57534
1.53549
1.49174
1.4253
1.41396
1.42916
1.36529
1.3747
1.36589
1.32647
1.33185
1.36856
1.36282
1.42453
1.40359
1.36014
1.41109
1.35875
1.31481
1.32416
1.29843
1.25716
1.23646
1.22559
1.19566
1.21056
1.18721
1.14572
1.12377
1.04772
1.00569
0.933345
0.907975
0.855706
0.847176
0.792593
0.76772
0.783333
0.7861
0.761192
0.754097
0.890475
0.846794
0.816331
0.813866
0.78272
0.752523
0.746528
0.747674
0.769028
0.803171
0.816968
0.858183
0.902442
0.905116
0.953877
1.00792
1.03569
1.18112
1.33168
1.41551
1.59868
1.79391
1.86772
2.03563
2.19655
2.53122
2.59962
2.72284
2.75946
2.92976
3.05655
3.08706
3.18782
3.29514
3.29205
3.36453
3.44064
3.45409
3.57134
3.64888
3.6662
3.7783
3.88962
3.90558
3.97758
4.12431
4.10834
4.07876
4.03681
3.94226
3.98495
3.92449
3.82007
3.80795
3.80811
3.70828
3.71353
3.67169
3.60116
3.62668
3.56664
3.47584
3.37714
3.28786
3.1436
3.03823
2.93765
2.86057
2.78662
2.75694
2.69361
2.67883
2.6661
2.61705
2.61137
2.63372
2.51453
2.50354
2.49749
2.37894
2.36672
2.29244
2.17818
2.05309
1.97354
1.89064
1.83734
1.75593
1.70206
1.63252
1.51786
1.45944
1.36234
1.27979
1.20681
1.10767
1.02975
0.970185
0.936238
0.891944
1.1202
1.01475
0.893785
0.786111
0.691215
0.593102
0.512222
0.431736
0.368507
0.319537
0.302211
0.293484
0.262859
0.232072
0.189074
0.170104
0.158831
0.147141
0.1389
0.14228
0.130845
0.125764
0.150671
0.156725
0.155012
0.379109
0.352292
0.326088
0.297708
0.27397
0.258981
0.240532
0.210694
0.179745
0.169063
0.151227
0.144711
0.150741
0.162431
0.159074
0.182373
0.280475
0.344977
0.476736
0.617222
0.682766
0.815405
0.95037
1.00991
1.11813
1.35
1.3776
1.55824
1.71863
1.75017
1.89554
1.94138
1.92066
2.02515
2.13542
2.11
2.2795
2.41683
2.3587
2.3906
2.54228
2.528
2.67512
2.77909
2.75506
2.86563
2.94266
2.93034
3.01387
3.08198
3.04804
2.90064
2.66361
2.5599
2.48069
2.44255
2.40192
2.42664
2.42519
2.36925
2.42336
2.46405
2.44523
2.46131
2.38608
2.34913
2.30214
2.21848
2.13934
2.07383
1.98406
1.93377
1.85506
1.72936
1.60512
1.60868
1.43624
1.34302
1.22429
1.14267
1.05457
0.998044
0.930382
0.863264
0.790729
0.728333
0.678125
0.613356
0.526042
0.465104
0.39978
0.328345
0.279282
0.231458
0.178356
0.148796
0.149769
0.151042
0.137384
0.135752
0.331991
0.290035
0.255359
0.22044
0.181481
0.160185
0.141192
0.123079
0.103704
0.0938657
0.0832292
0.0802662
0.0838426
0.108056
0.199826
0.274873
0.316829
0.392963
0.46441
0.506088
0.582211
0.641157
0.643275
0.694363
0.783287
0.887743
0.909919
0.933611
0.909502
0.933171
0.974306
0.977257
1.04591
1.13589
1.11348
1.1991
1.26789
1.29953
1.41473
1.44766
1.40109
1.49713
1.62566
1.59902
1.66322
1.75821
1.73435
1.80988
1.80405
1.69906
1.71424
1.72039
1.6681
1.67979
1.64653
1.54919
1.49427
1.46043
1.35126
1.33083
1.24274
1.14647
1.16503
1.19708
1.15385
1.1833
1.14975
1.10324
1.14451
1.12501
1.05807
1.06508
1.0851
1.04561
1.06652
1.17307
1.10119
1.07028
1.08635
1.06854
1.19515
1.2658
1.27992
1.33508
1.41898
1.41233
1.45979
1.45119
1.40463
1.40876
1.44438
1.38554
1.36596
1.35605
1.3459
1.36708
1.38425
1.32697
1.32429
1.38859
1.72215
1.60766
1.46532
1.33689
1.25128
1.15951
1.08015
0.962465
0.881516
0.814294
0.746921
0.710324
0.677951
0.645914
0.620556
0.57559
0.551007
0.512257
0.468218
0.413252
0.435532
0.414387
0.384051
0.393032
0.382384
0.52287
0.479016
0.461782
0.445081
0.42691
0.417928
0.402535
0.398287
0.371146
0.369016
0.349722
0.333148
0.368125
0.391424
0.386667
0.374653
0.395174
0.406806
0.396979
0.396319
0.383229
0.379907
0.387662
0.368669
0.342801
0.37662
0.354502
0.351736
0.348426
0.350648
0.385532
0.392697
0.407593
0.399896
0.426308
0.428322
0.443461
0.403414
0.378426
0.426227
0.457975
0.45662
0.460104
0.458912
0.451169
0.427211
0.466794
0.477141
0.490856
0.519375
0.554664
0.537072
0.544502
0.533912
0.51235
0.512419
0.503426
0.521898
0.57735
0.588044
0.654352
0.721725
0.761759
0.855382
0.90272
0.929745
0.956273
0.968912
0.971806
0.958889
0.970544
0.954491
0.997072
1.01631
1.01272
1.14108
1.0965
1.079
1.10384
1.13295
1.14093
1.21316
1.28282
1.28855
1.30875
1.2892
1.29183
1.26522
1.28318
1.26743
1.286
1.27183
1.27872
1.28869
1.31826
1.32473
1.34172
1.32366
1.28082
1.24421
1.26171
1.17646
1.0924
1.00017
0.954444
0.898322
0.949502
0.941088
0.929873
0.938958
0.928935
0.95463
0.985613
0.94735
0.928333
0.945405
0.907535
0.939271
0.915463
0.93037
0.868623
0.830683
0.788299
0.724259
0.645463
0.722014
0.645509
0.675972
0.641505
0.621678
0.622755
0.571806
0.635718
0.630544
0.589664
0.578611
0.553819
0.531944
0.525081
0.330023
0.317361
0.252882
0.195937
0.182951
0.200868
0.166771
0.114456
0.0704167
0.00924769
0.0254167
0.104942
0.107465
0.114201
0.142187
0.170972
0.176053
0.192014
0.199421
0.20956
0.218056
0.212419
0.214722
0.198889
0.18184
0.167002
0.164236
0.153021
0.148646
0.148542
0.149375
0.143264
0.126424
0.107523
0.100324
0.0975694
0.163681
0.155451
0.159132
0.195463
0.185532
0.202593
0.222269
0.214201
0.303495
0.435023
0.474537
0.546597
0.691227
0.725718
0.815162
0.890012
0.88919
0.885139
0.840799
0.816563
0.799977
0.771458
0.725475
0.689479
0.6589
0.699965
0.630903
0.562755
0.516319
0.467743
0.47375
0.464815
0.426019
0.382396
0.361921
0.326898
0.29206
0.269444
0.215336
0.160637
0.131238
0.0810417
0.0372338
0.0439583
0.110984
0.124757
0.124028
0.117245
0.116898
0.120475
0.334815
0.29647
0.255104
0.284514
0.241273
0.208183
0.219988
0.264815
0.295579
0.356204
0.409468
0.418495
0.49162
0.538704
0.545752
0.576516
0.57309
0.580856
0.602072
0.632245
0.655127
0.726377
0.7436
0.791863
0.832384
0.955023
0.950382
1.00083
0.955093
0.954988
0.898947
0.870718
0.83794
0.803981
0.749954
0.704039
0.661725
0.615486
0.589595
0.50228
0.488542
0.473611
0.400336
0.390729
0.350116
0.420567
0.360116
0.387257
0.376458
0.333403
0.447002
0.430428
0.448137
0.38169
0.372998
0.371898
0.365972
0.338125
0.305764
0.36375
0.372488
0.353229
0.346933
0.34287
0.323542
0.345428
0.300162
0.321227
0.297917
0.335324
0.333866
0.302153
0.268403
0.271215
0.240231
0.414838
0.328657
0.320301
0.330718
0.318345
0.355567
0.351204
0.333669
0.32581
0.364722
0.358356
0.381053
0.460451
0.530197
0.511331
0.520451
0.591481
0.632975
0.661806
0.73728
0.767894
0.762477
0.73978
0.753252
0.747176
0.903889
0.829618
0.82691
0.868495
0.898692
0.896262
0.859167
0.83434
0.858287
0.867616
0.823519
0.803472
0.708171
0.741678
0.679039
0.641667
0.602928
0.570428
0.514201
0.480475
0.485752
0.418264
0.366863
0.340694
0.293912
0.501829
0.393808
0.337292
0.27375
0.230602
0.186944
0.145799
0.105486
0.109444
0.100451
0.0663657
0.0585764
0.0705556
0.0612847
0.0580556
0.0574306
0.0461111
0.0539352
0.0312037
0.0357176
0.0414236
0.0728125
0.0755903
0.0536227
0.0438889
0.317708
0.254757
0.230347
0.197477
0.144641
0.104375
0.066169
0.0830787
0.104294
0.0888773
0.0941551
0.107257
0.115255
0.0860301
0.109699
0.128738
0.117257
0.103819
0.0851968
0.0734259
0.0602778
0.051331
0.0424884
0.0345255
0.0253704
0.183449
0.14912
0.108472
0.0982176
0.0942593
0.0702431
0.087662
0.0746412
0.0427315
0.0305787
0.0303935
0.0470023
0.0296644
0.0197222
0.0397801
0.0744097
0.118218
0.145718
0.196528
0.195069
0.208924
0.207222
0.235683
0.250856
0.239468
0.344711
0.323924
0.366493
0.375
0.401875
0.40316
0.429734
0.494931
0.581076
0.604549
0.682361
0.717951
0.753785
0.807188
0.856748
0.85941
0.947419
1.02741
1.02997
1.04681
1.10729
1.1401
1.26486
1.33123
1.32781
1.88753
1.82157
1.73399
1.67433
1.59373
1.51501
1.49858
1.45269
1.38639
1.36434
1.29858
1.27641
1.19124
1.14685
1.09184
0.991817
0.929005
0.854942
0.832569
0.788021
0.767002
0.723808
0.690093
0.679722
0.68353
0.884201
0.791574
0.74412
0.691366
0.686192
0.611887
0.601377
0.55647
0.601991
0.587326
0.543669
0.585475
0.586435
0.534282
0.553472
0.546262
0.529815
0.505637
0.49559
0.479931
0.457963
0.46816
0.461887
0.456111
0.453056
0.485764
0.474074
0.484468
0.527095
0.526424
0.581505
0.556238
0.594815
0.671563
0.747697
0.760775
0.716968
0.691123
0.680891
0.761053
0.731389
0.715775
0.757998
0.680741
0.625162
0.568646
0.581736
0.661007
0.494329
0.488171
0.633426
0.604039
0.583194
0.546829
0.529919
0.500162
0.499572
0.487211
0.445567
0.442639
0.442373
0.443113
0.454479
0.514491
0.518889
0.570058
0.603669
0.599595
0.654329
0.686019
0.665567
0.696481
0.7225
0.70581
0.738611
0.835289
0.799931
0.825475
0.828565
0.798345
0.812558
0.840579
0.821424
0.811991
0.808113
0.777535
0.772512
0.819873
0.903958
1.0926
1.14682
1.13668
1.18064
1.00508
1.04406
0.989363
0.910926
0.803646
0.803912
0.734097
0.884456
0.834826
0.815891
0.782477
0.761725
0.749178
0.725729
0.732465
0.735185
0.723507
0.724317
0.723472
0.71088
0.722523
0.723773
0.707072
0.7061
0.695185
0.677257
0.677488
0.673449
0.645197
0.634398
0.624745
0.593449
0.750914
0.6975
0.642512
0.594664
0.557222
0.503866
0.486076
0.44169
0.408171
0.392037
0.356528
0.326759
0.309757
0.283113
0.25559
0.23022
0.217373
0.202106
0.232211
0.255579
0.249572
0.357002
0.396852
0.390104
0.523634
0.840509
0.820104
0.664201
0.542731
0.382269
0.346262
0.260613
0.230394
0.192766
0.19625
0.167407
0.173484
0.156979
0.147928
0.148565
0.180938
0.195208
0.244537
0.269595
0.280231
0.298079
0.301644
0.28522
0.267859
0.24838
0.513322
0.440683
0.362569
0.3064
0.240752
0.226354
0.198796
0.256713
0.253773
0.247975
0.265521
0.277743
0.282512
0.297512
0.288785
0.279306
0.247766
0.227477
0.212095
0.206042
0.214051
0.211968
0.220197
0.238472
0.233831
0.592338
0.525116
0.46287
0.4361
0.415579
0.377257
0.368681
0.353958
0.338461
0.307801
0.301343
0.291516
0.292824
0.276806
0.275625
0.268032
0.253947
0.247662
0.224329
0.215116
0.204282
0.219861
0.227813
0.231655
0.235891
0.520498
0.462535
0.412465
0.36647
0.325903
0.303773
0.27735
0.249167
0.237975
0.240729
0.239711
0.25522
0.259063
0.25037
0.245324
0.244306
0.233148
0.25434
0.269317
0.268808
0.28419
0.286748
0.288958
0.292095
0.291806
0.535914
0.482419
0.443252
0.406505
0.37912
0.379896
0.375104
0.387708
0.414907
0.406424
0.445532
0.488692
0.501574
0.553194
0.5961
0.59875
0.642813
0.686169
0.684352
0.704039
0.739514
0.740162
0.783785
0.799236
0.762257
1.45111
1.35814
1.22839
1.13314
1.07668
1.02616
0.986377
0.952662
0.895127
0.895231
0.885104
0.837789
0.854711
0.868137
0.831157
0.821713
0.839595
0.808611
0.836111
0.818322
0.777153
0.794086
0.818403
0.776215
0.794329
1.78663
1.60404
1.51909
1.41661
1.30187
1.23428
1.14493
1.05559
1.01667
0.990833
0.915046
0.900799
0.893588
0.853565
0.876343
0.88309
0.832986
0.864537
0.87397
0.838032
0.865243
0.905382
0.867998
0.909363
0.896944
1.22545
1.14458
1.07934
1.00002
0.990938
0.980312
0.910961
0.957894
0.966736
0.904745
0.914954
0.910475
0.867685
0.89566
0.905637
0.86353
0.881655
0.92059
0.893912
0.929005
0.977292
0.932083
0.951481
0.964375
0.933981
1.26709
1.24896
1.19968
1.20939
1.22244
1.1875
1.18259
1.22166
1.16385
1.16233
1.15067
1.08552
1.08123
1.05743
1.00481
0.993947
0.964745
0.9286
0.955637
0.927037
0.875
0.859688
0.861644
0.837778
0.861007
1.25771
1.17292
1.1036
1.05941
0.989039
0.963843
0.939259
0.874861
0.864745
0.853287
0.815336
0.836377
0.853993
0.821539
0.8586
0.864942
0.824884
0.830116
0.814606
0.786435
0.75434
0.752685
0.736944
0.738947
0.742593
1.1583
1.04682
0.974919
0.901921
0.846238
0.793553
0.734977
0.701852
0.691655
0.631875
0.603854
0.595347
0.569248
0.553924
0.528229
0.499097
0.491354
0.469352
0.437164
0.445532
0.432222
0.413391
0.440324
0.458715
0.452431
0.920694
0.825394
0.750891
0.70897
0.667269
0.619606
0.588322
0.564363
0.513889
0.498958
0.518391
0.489884
0.482396
0.487384
0.444826
0.446655
0.436458
0.404572
0.404745
0.399294
0.381863
0.368981
0.365243
0.335266
0.340521
0.697535
0.562141
0.482882
0.387558
0.332465
0.263634
0.220822
0.177419
0.143333
0.108044
0.0879398
0.093669
0.0790509
0.0740046
0.0635417
0.0541667
0.0546528
0.0484375
0.0541435
0.0477546
0.0484144
0.0391667
0.0340625
0.0442014
0.0398958
0.345139
0.264826
0.229479
0.170984
0.132894
0.10963
0.093831
0.073831
0.0660764
0.0554051
0.0534954
0.0470833
0.0431597
0.0472569
0.0539931
0.0579282
0.0636227
0.0667361
0.0676968
0.0695255
0.067419
0.0648611
0.0677662
0.0721875
0.0716319
0.375012
0.272523
0.207523
0.178484
0.167616
0.147778
0.136331
0.137581
0.12985
0.12985
0.120081
0.111852
0.101817
0.0889815
0.0773611
0.0716551
0.0647801
0.0581019
0.0630324
0.0673495
0.0630324
0.0665509
0.0715856
0.0635417
0.0665972
0.361296
0.276713
0.214236
0.172778
0.138368
0.1275
0.108299
0.100116
0.0846991
0.0822454
0.0774306
0.0750579
0.0673148
0.0616088
0.0594444
0.064213
0.0538194
0.0596644
0.0733912
0.0650116
0.0648264
0.0621875
0.0579745
0.06625
0.0752083
0.370729
0.277396
0.227905
0.182141
0.141366
0.115752
0.0974769
0.0851042
0.0848611
0.0799074
0.0709375
0.0669444
0.0546875
0.0470833
0.0355556
0.0304745
0.0436111
0.0454514
0.0374421
0.0528935
0.049537
0.0450347
0.0392014
0.0440972
0.0417477
0.32919
0.246447
0.194826
0.155174
0.12559
0.0942361
0.0711343
0.057037
0.0492245
0.0482176
0.0414468
0.0434838
0.0518403
0.0621065
0.0608912
0.0667014
0.0699653
0.0718866
0.071713
0.0756366
0.072037
0.074213
0.0758102
0.0669097
0.0741782
0.327153
0.26015
0.212975
0.170313
0.142083
0.116007
0.0993287
0.0856134
0.0820718
0.0742593
0.0722106
0.066088
0.0707523
0.0690046
0.0762037
0.0755787
0.0686111
0.0763194
0.0794676
0.0771991
0.0855556
0.0865972
0.0798958
0.0876389
0.0896528
0.27794
0.224201
0.197986
0.166794
0.142674
0.133542
0.113056
0.108576
0.109167
0.10441
0.111424
0.11037
0.103333
0.102558
0.110313
0.103333
0.112465
0.118275
0.109583
0.106389
0.102847
0.102396
0.114757
0.114826
0.113264
0.344306
0.285023
0.243229
0.204155
0.181343
0.147975
0.126736
0.11353
0.113507
0.10463
0.104178
0.0900231
0.0897222
0.0851968
0.0805208
0.0830671
0.0854977
0.0838194
0.0834028
0.0847454
0.0853588
0.0999769
0.105718
0.10588
0.107813
0.268333
0.215336
0.181343
0.154271
0.141597
0.1264
0.121725
0.107442
0.0958333
0.0800231
0.0660995
0.0523264
0.0468403
0.0427546
0.0366782
0.0311806
0.0347685
0.0294213
0.0258218
0.0210648
0.0294792
0.0255671
0.0233681
0.0196296
0.0180208
0.194051
0.140799
0.101829
0.072963
0.0553009
0.0521528
0.034375
0.0361574
0.0456366
0.0425347
0.0491782
0.0538426
0.0517361
0.0564583
0.0607292
0.0650231
0.0645255
0.0649421
0.0677199
0.0740625
0.0805903
0.0805208
0.0877546
0.0875347
0.0835648
0.24963
0.205752
0.171632
0.138808
0.1139
0.0999074
0.0848495
0.0780671
0.0702662
0.0665856
0.0662847
0.0693634
0.070162
0.0629745
0.057338
0.0495255
0.0471759
0.0420718
0.0439005
0.0389352
0.0360532
0.0425
0.0428819
0.0420255
0.0453241
0.317477
0.245787
0.178623
0.136447
0.104687
0.0841319
0.0729398
0.0620139
0.0528125
0.0452894
0.0367245
0.0352894
0.0334375
0.0407176
0.0492014
0.0503588
0.0492708
0.0614583
0.0615394
0.0705671
0.0735764
0.0655556
0.0609722
0.0532986
0.0394792
0.198275
0.154676
0.120729
0.0981713
0.0923843
0.0766319
0.0653588
0.0595833
0.0535069
0.0451505
0.0477083
0.0460069
0.0398843
0.0334259
0.0210417
0.0189236
0.0184375
0.0163194
0.014375
0.0125463
0.0130324
0.0115394
0.0109375
0.00996528
0.00847222
0.187164
0.121655
0.0767477
0.0598148
0.0512963
0.0338542
0.0278819
0.0224769
0.0277315
0.0404051
0.0361343
0.0292361
0.0188542
0.0151389
0.0120139
0.0129167
0.0153819
0.0212616
0.0221875
0.0177083
0.0120486
0.0125347
0.0143056
0.0136458
0.0139583
0.178426
0.134965
0.102917
0.07375
0.0628819
0.0421528
0.0291782
0.0191667
0.012662
0.00857639
0.00864583
0.00392361
0.00263889
0.00260417
0.00197917
0.0015625
0.000520833
0.0047338
0.00452546
0.00284722
0.00142361
0.00454861
0.00388889
0.000381944
0.00256944
0.133472
0.0904745
0.0630671
0.0449537
0.0313657
0.0266782
0.0178125
0.0144097
0.0135417
0.0134375
0.0233681
0.0414583
0.0342361
0.0403125
0.0508449
0.0514236
0.050706
0.0516435
0.0502778
0.0535301
0.0612731
0.0602315
0.0590625
0.0590625
0.0519097
0.167674
0.121655
0.0988426
0.0752894
0.0585764
0.0498264
0.0407986
0.0381944
0.0298611
0.134618
0.100266
0.0768519
0.0582407
0.0433681
0.0345718
0.0306944
0.0263542
0.0257986
0.0305671
0.0285185
0.0351157
0.0333102
0.0355208
0.0403125
0.0457176
0.0431481
0.0474074
0.0424306
0.0377431
0.0369097
0.0323495
0.0391319
0.0372569
0.0318866
0.184653
0.126331
0.0928356
0.0659491
0.0521412
0.0382176
0.0275
0.0249884
0.0198727
0.0192593
0.0177778
0.0151852
0.0166088
0.0209491
0.0266435
0.0218519
0.0266088
0.0212731
0.0209259
0.0220023
0.0259259
0.0282176
0.0387731
0.0475347
0.0477894
0.216377
0.16625
0.143113
0.120509
0.0974653
0.0797338
0.0632986
0.0535532
0.0445718
0.0396412
0.0402083
0.044919
0.0497222
0.0573611
0.0538079
0.063669
0.073588
0.0777546
0.0957407
0.107975
0.103773
0.106424
0.104942
0.0996759
0.0991204
0.250451
0.207292
0.176123
0.146053
0.116759
0.108611
0.0953009
0.0840162
0.0803009
0.0695718
0.0634954
0.0586343
0.0540162
0.0476852
0.0458912
0.0443287
0.0366898
0.0390394
0.0424884
0.0407523
0.0378125
0.0425231
0.0427431
0.0458218
0.0488657
0.184375
0.139468
0.110336
0.0877894
0.0745602
0.0703704
0.0531713
0.0556944
0.0544676
0.0477894
0.0417477
0.0479398
0.0428009
0.0440278
0.0378356
0.033588
0.0325347
0.0299537
0.029294
0.0327546
0.0334028
0.0287847
0.0219907
0.0179282
0.019456
0.131609
0.0970949
0.0695949
0.0512616
0.0390972
0.0316088
0.0273495
0.0218287
0.0189352
0.0158912
0.0151968
0.0123727
0.0197685
0.0155903
0.017581
0.0192361
0.0251505
0.0207407
0.0126852
0.00856481
0.00430556
0.00416667
0.00648148
0.00615741
0.00701389
0.113137
0.0804861
0.0536343
0.0378241
0.0249421
0.0210069
0.0145949
0.0136458
0.0139468
0.0121875
0.012338
0.0163079
0.0173611
0.015
0.0171412
0.0185764
0.0184375
0.0207176
0.0209375
0.0188079
0.0195833
0.0191667
0.0162037
0.0158218
0.0162037
0.117708
0.0837616
0.0606019
0.0426273
0.0317477
0.0260764
0.0203935
0.0140162
0.0130787
0.0116551
0.0139468
0.0123843
0.0102315
0.0114468
0.0116204
0.0114815
0.0103241
0.0158565
0.019919
0.0234491
0.0309144
0.0306366
0.0426273
0.040544
0.0431713
0.213889
0.176736
0.154132
0.124965
0.0970486
0.0821991
0.0872222
0.0794329
0.0731366
0.0631019
0.0549074
0.048669
0.0360995
0.0403241
0.0370949
0.0364468
0.0332407
0.0318056
0.0275926
0.0272801
0.0263079
0.0287384
0.0247338
0.0265741
0.0273495
0.229861
0.164977
0.141944
0.12169
0.10147
0.0918519
0.0894907
0.0805787
0.0822454
0.0897917
0.0826273
0.0872454
0.0946759
0.093125
0.104734
0.105162
0.102176
0.108715
0.109051
0.10919
0.0954745
0.102141
0.104572
0.101944
0.0995023
0.560498
0.456574
0.364769
0.28191
0.223623
0.166389
0.128796
0.0990394
0.0819213
0.0674769
0.0568634
0.0534954
0.0490278
0.052581
0.0605208
0.0537963
0.0598495
0.0604051
0.0624421
0.0642824
0.0672338
0.0650694
0.0673264
0.0660069
0.0629861
0.211192
0.163843
0.129606
0.104757
0.0914352
0.0790741
0.0762269
0.0768403
0.0745023
0.0753472
0.0862616
0.0859259
0.0967593
0.106933
0.10588
0.110498
0.109062
0.106227
0.11059
0.120139
0.114097
0.120266
0.119479
0.119826
0.115475
0.269236
0.205949
0.171389
0.1475
0.129826
0.117396
0.113252
0.102731
0.111458
0.110069
0.113194
0.116458
0.129398
0.129884
0.142708
0.141597
0.129965
0.136586
0.131806
0.120278
0.122153
0.121157
0.11566
0.126296
0.149537
0.306076
0.277731
0.249711
0.20941
0.210139
0.210856
0.203738
0.202778
0.185394
0.172396
0.162546
0.142998
0.13441
0.117812
0.10316
0.0969676
0.0913773
0.0806944
0.0759606
0.0710069
0.0644792
0.0572917
0.0504977
0.0471759
0.0427199
0.201354
0.148623
0.114039
0.0888079
0.0718056
0.0604861
0.0487847
0.0375116
0.034456
0.0319444
0.0366667
0.0274537
0.0342593
0.0365625
0.0361921
0.0366898
0.0254977
0.020706
0.0248148
0.0279051
0.0313657
0.0295255
0.131123
0.148241
0.224016
0.398576
0.291192
0.242141
0.191586
0.20162
0.18809
0.182072
0.142211
0.102639
0.079213
0.0764352
0.0399306
0.0421644
0.0433449
0.0402546
0.0543403
0.0462731
0.0499306
0.0476736
0.040706
0.0464815
0.0459259
0.0543171
0.0771065
0.0733796
0.315116
0.271655
0.230868
0.191296
0.157419
0.177593
0.180266
0.119641
0.099456
0.0927546
0.0889005
0.147384
0.182662
0.169282
0.18338
0.149433
0.141644
0.112616
0.107361
0.0993519
0.113472
0.102685
0.102998
0.138657
0.146204
0.293322
0.233727
0.18912
0.178391
0.16081
0.131493
0.138356
0.125301
0.13706
0.127766
0.112454
0.130012
0.155694
0.168275
0.156123
0.152037
0.155521
0.130949
0.102106
0.0851389
0.077581
0.100463
0.094456
0.114931
0.160127
0.375347
0.317315
0.311447
0.318414
0.314954
0.324028
0.295787
0.292257
0.290451
0.291597
0.275475
0.247697
0.185961
0.185428
0.164838
0.143426
0.131562
0.176308
0.179641
0.192269
0.238692
0.202998
0.16897
0.173993
0.181146
0.342234
0.289988
0.230764
0.194745
0.148576
0.120521
0.102627
0.0910995
0.0920255
0.0849074
0.0815741
0.0515394
0.0427546
0.0421181
0.053669
0.0525116
0.0633565
0.066169
0.072338
0.0746991
0.0599074
0.0542593
0.0507176
0.0668866
0.0513079
0.5514
0.482315
0.412442
0.365382
0.329005
0.279988
0.232106
0.180475
0.149502
0.125463
0.10912
0.0804282
0.0665278
0.0587847
0.065787
0.0867824
0.0820023
0.0676157
0.0750694
0.0658681
0.0799306
0.0857292
0.0924653
0.0779977
0.0670255
0.284016
0.224363
0.194062
0.158611
0.154155
0.153299
0.141586
0.14338
0.152465
0.141007
0.143148
0.145949
0.135324
0.140544
0.142199
0.130475
0.135336
0.13794
0.126366
0.132662
0.131296
0.122546
0.129016
0.136019
0.128738
0.350012
0.294884
0.231435
0.210613
0.179514
0.150162
0.1236
0.140498
0.136146
0.165729
0.184479
0.193356
0.239988
0.290278
0.273067
0.328206
0.375891
0.371134
0.426204
0.436262
0.410093
0.439757
0.479259
0.469387
0.516794
0.758484
0.678623
0.678785
0.664861
0.63647
0.659965
0.683403
0.663854
0.704942
0.750417
0.738032
0.779144
0.79912
0.757153
0.805787
0.861007
0.840116
0.88559
0.91662
0.913947
0.965104
1.04071
1.023
1.09653
1.14745
1.30084
1.3085
1.30616
1.26471
1.3145
1.3651
1.30954
1.36102
1.41278
1.39664
1.44044
1.49955
1.43574
1.4698
1.47848
1.43948
1.48853
1.53174
1.46668
1.52183
1.55498
1.47837
1.48714
1.48913
1.44087
1.62396
1.56247
1.47697
1.50166
1.54817
1.5156
1.59983
1.65545
1.6323
1.67441
1.76299
1.72873
1.78358
1.85156
1.81738
1.89793
1.97464
1.94255
2.01459
2.05131
2.00429
2.06766
2.17003
2.07292
2.13911
2.15535
2.11568
2.21469
2.33485
2.26747
2.28536
2.30205
2.2277
2.25635
2.22311
2.15627
2.13615
2.09409
1.98571
1.97512
1.95613
1.92084
1.94576
1.92392
1.88479
1.96744
2.00345
1.9286
2.00297
2.03361
2.03874
2.00213
2.0603
1.99836
2.04992
2.10631
2.03128
2.00922
2.10084
2.0962
2.22615
2.30854
2.23241
2.31225
2.33105
2.34779
2.40295
2.49373
2.42668
2.53013
2.50291
2.44387
2.45426
2.45138
2.44043
2.45933
2.46639
2.33596
2.3475
2.31102
2.19251
2.23292
2.34656
2.26282
2.2526
2.2424
2.2287
2.27949
2.30181
2.27089
2.26361
2.30111
2.26961
2.33267
2.3316
2.31638
2.43709
2.42947
2.43736
2.49554
2.69618
2.57944
2.62317
2.64424
2.58615
2.64207
2.67104
2.67954
2.73487
2.80572
2.7705
2.82657
2.91131
2.89641
2.97116
3.02601
2.98481
3.06375
3.1064
3.07091
3.18662
3.21778
3.14215
3.21387
3.29741
3.44534
3.48162
3.43411
3.42706
3.52429
3.56868
3.52738
3.49091
3.52479
3.48608
3.51594
3.45632
3.41618
3.53936
3.53168
3.41564
3.42644
3.44484
3.40819
3.46756
3.50718
3.46837
3.52891
3.55726
3.53351
3.63448
3.57524
3.49168
3.53392
3.61706
3.58479
3.68275
3.72031
3.6985
3.79478
3.7902
3.73662
3.76831
3.82137
3.76729
3.76339
3.76458
3.70774
3.73943
3.69838
3.62473
3.62398
3.57215
3.48484
3.44242
3.53704
3.461
3.47102
3.49454
3.45392
3.46767
3.45189
3.38619
3.4042
3.44176
3.38828
3.38934
3.35267
3.27726
3.28387
3.26473
3.20951
3.25491
3.2984
3.25993
3.2673
3.31679
3.26711
3.30201
3.32223
3.37218
3.3187
3.37894
3.28874
3.2602
3.30062
3.2834
3.32059
3.31494
3.22547
3.25635
3.21348
3.13566
3.14133
3.12701
3.10944
3.14405
3.11252
3.04949
3.01646
3.02703
2.93593
2.92782
2.88394
2.80624
2.81966
2.78892
2.7103
2.68171
2.68574
2.64163
2.66256
2.67205
2.61563
2.65715
2.67274
2.64102
2.68988
2.73439
2.7074
2.76117
2.84273
2.81383
2.87553
2.9131
2.87275
2.94125
2.99212
2.95365
3.00921
3.36772
3.32824
3.37898
3.41686
3.36345
3.41286
3.42568
3.36302
3.39326
3.41984
3.38064
3.42625
3.43503
3.3937
3.44447
3.49787
3.42781
3.4812
3.57041
3.51672
3.58632
3.60522
3.46473
3.5352
3.55189
3.54015
3.51865
3.49275
3.45106
3.34912
3.26454
3.07145
3.06677
2.96992
2.81397
2.78957
2.81863
2.69575
2.71872
2.66824
2.57891
2.61559
2.69191
2.66447
2.69286
2.71649
2.67437
2.70084
2.73657
2.6441
2.95388
2.941
2.87802
2.93278
2.99632
2.90801
2.93073
2.92762
2.87566
2.92685
2.99628
2.98142
3.08507
3.13543
3.08073
3.18215
3.24581
3.19157
3.2426
3.21306
3.1247
3.15194
3.15898
3.08894
3.11619
3.22479
3.11948
3.05551
3.0151
2.93867
2.95428
2.95194
2.86882
2.8535
2.80179
2.69037
2.66463
2.60988
2.55219
2.53242
2.51456
2.45743
2.46677
2.40287
2.35269
2.33169
2.29747
2.24444
2.2616
2.27019
2.29775
2.26301
2.27079
2.22074
2.23605
2.25074
2.19774
2.22326
2.23887
2.19595
2.22153
2.24972
2.21971
2.2875
2.29764
2.25433
2.29167
2.29874
2.26743
2.30981
2.39745
2.36291
2.4201
2.41931
2.38104
2.33102
2.32421
2.27208
2.28846
2.30137
2.26809
2.30661
2.30234
2.25031
2.22076
2.218
2.20145
2.19752
2.18441
2.13277
2.13507
2.12876
2.09529
2.11735
2.1251
2.07545
2.10049
2.13178
2.0911
2.101
2.12816
2.06845
2.07977
2.01558
2.00057
2.03584
2.03578
1.98998
1.99189
2.00331
1.99411
2.01405
2.04801
2.00784
2.02668
1.99472
1.96765
1.9026
1.87043
1.829
1.81763
1.76424
1.74089
1.75274
1.76446
1.90171
1.91638
1.90286
1.84586
1.84839
1.8405
1.79424
1.84291
1.81594
1.75609
1.80365
1.79727
1.78615
1.7833
1.83626
1.79294
1.81655
1.80756
1.7306
1.77176
1.78906
1.79997
1.82288
1.77623
1.75975
1.92709
1.91156
1.87692
1.88678
1.86328
1.84196
1.83954
1.78956
1.71
1.76799
1.73382
1.7662
1.82316
1.85519
1.82615
1.91238
1.93574
1.896
1.94881
1.99709
1.97949
1.98765
1.93733
1.86647
1.89
1.87741
1.83686
1.84422
1.87975
1.86633
1.91539
1.94347
1.90649
1.91413
1.9287
1.88968
1.91693
1.89515
1.89741
1.93471
2.00137
2.00939
2.15024
2.17041
2.1534
2.25779
2.34696
2.34154
2.35795
2.35553
2.4556
2.50773
2.51576
2.45267
2.48318
2.43656
2.39483
2.38747
2.36017
2.30237
2.23368
2.12293
2.07999
2.06019
2.07015
2.00881
1.99605
1.97082
1.90591
1.89486
1.87712
1.84909
1.92369
2.02094
2.04644
2.17052
2.23145
2.2316
2.26828
2.30144
2.28844
2.34315
2.37372
2.33726
2.40184
2.46023
2.46617
2.52164
2.58385
2.56565
2.60206
2.66756
2.61153
2.63887
2.62977
2.57002
2.51656
2.46674
2.41876
2.38382
2.36973
2.27977
2.29877
2.23773
2.16942
2.15514
2.05547
1.96366
1.8822
1.87764
1.77426
1.72311
1.68382
1.59098
1.53966
1.54609
1.45541
1.43984
1.35675
1.29369
1.22443
1.16348
1.10104
1.0603
1.02333
1.23951
1.17799
1.07244
0.985868
0.888322
0.824294
0.752639
0.69088
0.62294
0.578333
0.541759
0.537257
0.50522
0.514259
0.512535
0.478218
0.393495
0.327685
0.310613
0.250799
0.240104
0.224144
0.185521
0.217176
0.21941
0.383171
0.354097
0.326019
0.306042
0.265081
0.247662
0.215683
0.148646
0.12434
0.079456
0.0944097
0.113125
0.115012
0.133611
0.125671
0.182153
0.237882
0.228229
0.223495
0.226898
0.221458
0.24875
0.260289
0.268171
0.244641
0.287049
0.257951
0.254063
0.282813
0.282373
0.304861
0.342905
0.32853
0.314537
0.275069
0.271493
0.27941
0.261655
0.281065
0.508287
0.510405
0.487697
0.514306
0.4511
0.464236
0.403148
0.439306
0.421377
0.480174
0.455336
0.501273
0.524907
0.522106
0.4586
0.356644
0.356273
0.371586
0.417245
0.387766
0.402813
0.401447
0.350243
0.371701
0.367812
0.408576
0.413403
0.374931
0.350694
0.355903
0.361354
0.348113
0.359618
0.379028
0.361597
0.349028
0.362986
0.365729
0.473079
0.464931
0.465694
0.47941
0.490833
0.485625
0.493611
0.464306
0.481134
0.420301
0.461597
0.429201
0.500486
0.426366
0.407153
0.455694
0.457778
0.453021
0.457847
0.482523
0.504444
0.477905
0.445208
0.434688
0.391076
0.394977
0.358299
0.414988
0.424745
0.397766
0.406678
0.351539
0.351042
0.424572
0.406782
0.336319
0.405405
0.350313
0.335139
0.251215
0.16941
0.152049
0.129757
0.112326
0.09625
0.0804861
0.0663194
0.0585417
0.044375
0.0280208
0.0225
0.0116319
0.00809028
0.00506944
0.0466667
0.108958
0.14331
0.212373
0.276019
0.308935
0.381852
0.448356
0.497546
0.514965
0.528252
0.520949
0.589178
0.729317
0.745463
0.818819
0.911273
0.936956
1.01389
1.07538
1.06764
1.07699
1.03093
1.00083
0.971887
0.938981
0.920787
0.900822
0.907141
0.887523
0.838322
0.811632
0.779236
0.830718
0.771528
0.700266
0.627002
0.548785
0.489722
0.434363
0.367604
0.343519
0.314398
0.289248
0.289954
0.26397
0.236863
0.207072
0.173438
0.134213
0.123808
0.11912
0.145613
0.154502
0.155058
0.211204
0.254433
0.313912
0.476157
0.481968
0.525197
0.530961
0.534572
0.537095
0.611412
0.620012
0.677269
0.764676
0.766065
0.806991
0.785706
0.74934
0.756412
0.722014
0.695671
0.680012
0.636956
0.619896
0.604884
0.609491
0.596713
0.597593
0.63485
0.644907
0.636528
0.613345
0.5911
0.546748
0.519456
0.493611
0.424086
0.355741
0.323241
0.274051
0.241481
0.224039
0.198287
0.162014
0.133206
0.0961343
0.0556597
0.0383449
0.0112384
0.00185185
0.00476852
0.0249421
0.0507755
0.0621644
0.125255
0.137373
0.141713
0.146065
0.142361
0.142523
0.155417
0.160787
0.163345
0.163021
0.15963
0.159525
0.204375
0.275116
0.3211
0.416053
0.526227
0.573623
0.674433
0.767257
0.805162
0.895405
0.985683
1.01249
1.07191
1.29796
1.28144
1.29716
1.32911
1.32731
1.33291
1.33494
1.3438
1.46619
1.56432
1.59127
1.73421
1.87523
1.90917
2.03821
2.20788
2.20799
2.33384
2.40991
2.39095
2.47831
2.54916
2.50919
2.58463
2.60884
2.57322
2.5147
2.3989
2.32409
2.29709
2.24571
2.22414
2.20459
2.26006
2.23281
2.25744
2.25693
2.19869
2.21399
2.14659
2.0753
2.04328
1.9945
1.8777
1.82142
1.73811
1.61547
1.52223
1.41166
1.33016
1.3367
1.18927
1.08806
1.05262
0.973981
0.890718
0.832419
0.795382
0.738611
0.687002
0.612037
0.552743
0.501273
0.43816
0.380856
0.334525
0.253762
0.198333
0.134039
0.0903819
0.0695139
0.0608681
0.059294
0.0550926
0.0604282
0.27044
0.239653
0.208854
0.160162
0.124039
0.0862269
0.0566088
0.0350231
0.0185417
0.0102431
0.00600694
0.00447917
0.00333333
0.00253472
0.00194444
0.00177083
0.0021875
0.00211806
0.00222222
0.0021875
0.00177083
0.00177083
0.00177083
0.00177083
0.00177083
0.0625694
0.0488889
0.0759375
0.0297917
0.0201389
0.0117361
0.00840278
0.00677083
0.00597222
0.00354167
0.00263889
0.0021875
0.00201389
0.00309028
0.00333333
0.00305556
0.00256944
0.00211806
0.0021875
0.00243056
0.00229167
0.00204861
0.00177083
0.00177083
0.00177083
0.0301042
0.0227778
0.01875
0.0115856
0.00822917
0.00585648
0.00387731
0.00263889
0.00180556
0.00177083
0.00340278
0.0137153
0.0106134
0.00799769
0.00711806
0.00420139
0.00359954
0.00351852
0.00278935
0.00208333
0.00184028
0.00177083
0.00177083
0.00177083
0.0018287
0.00177083
0.0018287
0.00180556
0.0018287
0.00177083
0.00177083
0.00177083
0.00178241
0.00178241
0.0024537
0.00178241
0.0567361
0.0430208
0.0360764
0.0263194
0.0161458
0.0120139
0.0094213
0.00542824
0.00270833
0.00184028
0.000636574
0.00104167
0.00115741
0.000972222
0.000706019
0.000243056
0.000150463
0.000208333
0.000208333
0.000625
0.000208333
0.000219907
0.000578704
0.000196759
0.000196759
0.0351273
0.0187616
0.0132407
0.00732639
0.00456019
0.00331019
0.00167824
0.00180556
0.00121528
0.000972222
0.00145833
0.000520833
0.000486111
0.00180556
0.00517361
0.0139468
0.0257176
0.031794
0.0465856
0.0637153
0.0701389
0.0803125
0.117639
0.127951
0.183183
0.273877
0.271238
0.301817
0.314317
0.311007
0.320752
0.324074
0.321574
0.333519
0.363009
0.37316
0.405602
0.427569
0.435961
0.47566
0.494062
0.496563
0.527616
0.554097
0.556505
0.597847
0.630162
0.623889
0.654965
0.696725
0.750694
0.767384
0.804572
0.804398
0.84566
0.863646
0.850428
0.871563
0.945949
0.913183
0.931898
0.937986
0.915069
0.946424
1.0219
1.01463
1.05921
1.08072
1.03812
1.06131
1.09919
1.08005
1.18963
1.24046
1.21841
1.5244
1.52815
1.46266
1.45976
1.39231
1.26204
1.24705
1.23422
1.16999
1.12483
1.06363
1.04057
1.00138
0.980197
0.930532
0.868009
0.851111
0.827569
0.79419
0.783634
0.749294
0.738924
0.704433
0.649468
0.62956
0.794572
0.712963
0.684641
0.6936
0.691354
0.676562
0.714838
0.688391
0.683947
0.713715
0.704225
0.742095
0.787234
0.782396
0.829271
0.858912
0.888715
0.927512
0.985428
0.965336
1.01721
0.977593
0.953403
0.954352
0.954549
1.30998
1.23942
1.19851
1.11464
1.09297
1.08288
1.02264
0.999711
0.978519
0.935671
0.94875
1.03572
1.03095
1.06353
1.10332
1.04102
1.06266
1.14198
1.1074
1.17058
1.24189
1.22292
1.26535
1.31808
1.29516
1.66809
1.55366
1.44789
1.41951
1.37012
1.26686
1.22457
1.2249
1.13494
1.11837
1.0741
0.985637
0.989711
0.941863
0.87463
0.860937
0.838981
0.773715
0.7536
0.746169
0.683657
0.692141
0.667164
0.625266
0.647917
1.05444
0.963623
0.898843
0.880475
0.803287
0.768322
0.722118
0.665243
0.626875
0.592986
0.566042
0.621389
0.684954
0.715637
0.79375
0.904016
0.911076
0.972558
1.03793
1.07072
1.17316
1.23762
1.26678
1.31653
1.36409
1.90847
1.85593
1.84185
1.80439
1.82047
1.84288
1.80166
1.84345
1.83292
1.80891
1.84324
1.89084
1.84515
1.86838
1.89462
1.8897
1.90847
1.92831
1.89235
1.87242
1.89383
1.83666
1.82096
1.78363
1.73519
2.31582
2.1815
2.06888
2.00904
1.91481
1.82163
1.77144
1.74781
1.69907
1.69167
1.72179
1.68884
1.71405
1.77275
1.74502
1.77791
1.80182
1.75497
1.75625
1.75898
1.74391
1.74047
1.75199
1.73854
1.73022
2.36568
2.18667
2.06436
1.96303
1.84877
1.75292
1.66328
1.62635
1.55723
1.49976
1.43009
1.39883
1.32588
1.25735
1.21674
1.17787
1.11475
1.07326
1.11774
1.06495
1.01837
1.0005
0.909155
0.86544
0.821875
1.90947
1.73065
1.56311
1.38061
1.23167
1.1037
0.960729
0.880521
0.828634
0.739641
0.683854
0.629363
0.576794
0.560035
0.560961
0.5161
0.547894
0.530787
0.493102
0.492859
0.470984
0.461759
0.43831
0.412778
0.386574
1.21756
1.00975
0.871794
0.744722
0.593796
0.518426
0.425891
0.339039
0.262627
0.225625
0.206597
0.180475
0.175174
0.171956
0.15985
0.161157
0.205185
0.221887
0.211065
0.21515
0.210637
0.223553
0.219086
0.181111
0.184271
0.947211
0.80794
0.719433
0.653565
0.552234
0.51213
0.435856
0.367639
0.33169
0.297963
0.239062
0.250903
0.260903
0.24
0.252442
0.247593
0.253299
0.283912
0.291829
0.276377
0.30485
0.291343
0.276053
0.269873
0.282546
1.11024
0.973588
0.846273
0.719722
0.637801
0.525833
0.432674
0.374225
0.318611
0.272338
0.293438
0.237396
0.182257
0.178437
0.207616
0.209595
0.211817
0.20897
0.188947
0.183322
0.186562
0.190938
0.191736
0.197326
0.191725
0.900845
0.715301
0.589433
0.521806
0.42875
0.360208
0.312292
0.293993
0.269329
0.250891
0.233206
0.217454
0.215012
0.206505
0.183171
0.178322
0.18353
0.180787
0.166377
0.159745
0.135463
0.125764
0.111921
0.106898
0.0923032
1.05655
0.890417
0.808762
0.669826
0.529074
0.41728
0.324525
0.314606
0.249051
0.202743
0.178634
0.16816
0.172604
0.149757
0.19941
0.168391
0.178009
0.238634
0.263762
0.212859
0.24919
0.142396
0.123553
0.143252
0.132975
0.952477
0.791991
0.65272
0.488275
0.406192
0.310949
0.232234
0.1975
0.158623
0.131377
0.112674
0.102315
0.098044
0.100289
0.110961
0.107419
0.107743
0.106875
0.12088
0.111146
0.105521
0.0981366
0.0901968
0.0750694
0.0672801
0.539745
0.394375
0.318032
0.254282
0.170775
0.172002
0.193912
0.221343
0.154606
0.168843
0.15919
0.119606
0.146481
0.149259
0.132419
0.126655
0.159294
0.201528
0.174051
0.156238
0.149294
0.222523
0.129398
0.151505
0.0961458
1.06023
0.857894
0.722905
0.58419
0.459132
0.375266
0.272188
0.181377
0.129803
0.0959028
0.0734606
0.0948495
0.0941204
0.0875926
0.064294
0.0768403
0.0614468
0.0566782
