0.995544
0.995451
0.995451
0.995451
0.995451
0.995451
0.995938
0.995451
2.55432e-321
0.995347
0.995347
0.995347
0.995347
0.995347
0.995347
0.995347
0.995347
2.55432e-321
0.994896
0.994896
0.995127
0.994896
0.994896
0.994896
0.994896
0.994896
2.55432e-321
0.994583
0.994583
0.994583
0.994583
0.994583
0.994815
0.994583
0.994583
2.55432e-321
0.994884
0.994653
0.994664
0.994664
0.994653
0.994664
0.994676
0.994653
2.55432e-321
0.994306
0.994306
0.994306
0.994306
0.994306
0.994421
0.994537
0.994306
2.55432e-321
0.99412
0.994028
0.994028
0.994051
0.994028
0.994028
0.994028
0.994028
2.55432e-321
0.997535
0.993854
0.993854
0.993854
0.993877
0.993854
0.993854
0.993854
2.55432e-321
0.993958
0.993958
0.993958
0.993958
0.993958
0.993958
0.993958
0.994051
2.55432e-321
0.99265
0.99265
0.99265
0.992882
0.99265
0.99265
0.99265
0.99265
2.55432e-321
0.991875
0.991875
0.991875
0.991875
0.991875
0.991875
0.991875
0.991875
2.55432e-321
0.992812
0.992812
0.992812
0.992812
0.992812
0.996493
0.992812
0.992812
2.55432e-321
0.996238
0.992569
0.992569
0.992569
0.992569
0.992569
0.992569
0.992569
2.55432e-321
0.99316
0.99316
0.99316
0.99316
0.99316
0.99316
0.99316
0.99316
2.55432e-321
0.992442
0.996076
0.992442
0.992442
0.992442
0.992442
0.992442
0.992442
2.55432e-321
0.992153
0.992153
0.992153
0.992153
0.992153
0.992153
0.992153
0.992153
2.55432e-321
0.992361
0.992373
0.992361
0.992361
0.992373
0.992384
0.992373
0.992373
2.55432e-321
0.99338
0.99338
0.99338
0.99338
0.993368
0.993368
0.993368
0.993368
2.55432e-321
0.993125
0.993125
0.993125
0.993125
0.993125
0.993125
0.993125
0.993125
2.55432e-321
0.993368
0.993368
0.993368
0.993368
0.993368
0.993391
0.993368
0.993368
2.55432e-321
0.992778
0.992778
0.992778
0.992778
0.992778
0.992778
0.992778
0.99412
2.55432e-321
0.992083
0.993426
0.992083
0.992083
0.992083
0.992083
0.992083
0.992083
2.55432e-321
0.992396
0.992396
0.993738
0.992396
0.992396
0.992396
0.992396
0.992396
2.55432e-321
0.991389
0.991389
0.991389
0.991389
0.992731
0.991389
0.991389
0.991389
2.55432e-321
0.991644
0.991632
0.991632
0.991632
0.991632
0.991632
0.991632
0.992975
2.55432e-321
0.991493
0.991493
0.992836
0.991493
0.991493
0.991505
0.991493
0.991493
2.55432e-321
0.991285
0.991285
0.991285
0.991285
0.991285
0.991285
0.991285
0.992627
2.55432e-321
0.992465
0.992465
0.992465
0.992465
0.993808
0.992465
0.992465
0.992477
2.55432e-321
0.992535
0.992535
0.992535
0.992535
0.992535
0.992535
0.992535
0.993877
2.55432e-321
0.992951
0.992951
0.994294
0.992951
0.992951
0.992951
0.992951
0.992975
2.55432e-321
0.992604
0.992604
0.992604
0.992604
0.992604
0.992604
0.992604
0.993947
2.55432e-321
0.992257
0.992257
0.992257
0.992257
0.9936
0.992257
0.992257
0.992257
2.55432e-321
0.993287
0.991944
0.991944
0.991944
0.991944
0.991944
0.991944
0.991944
2.55432e-321
0.991667
0.991667
0.991667
0.991667
0.991667
0.991667
0.993009
0.991667
2.55432e-321
0.991493
0.992836
0.991493
0.991493
0.991493
0.991493
0.991493
0.991493
2.55432e-321
0.992708
0.992708
0.992708
0.992708
0.992708
0.992708
0.992708
0.994051
6.40642e-318
0.992604
0.992604
0.992604
0.992604
0.993947
0.992604
0.992604
0.992604
6.40642e-318
0.992639
0.992639
0.993981
0.992639
0.992639
0.992639
0.992639
0.992639
6.40389e-318
0.991227
0.991227
0.991227
0.992569
0.991227
0.991227
0.991227
0.991227
6.40389e-318
0.991181
0.991181
0.991181
0.991181
0.991181
0.992523
0.991181
0.991181
6.40389e-318
0.991285
0.991285
0.991285
0.992627
0.991285
0.991285
0.991285
0.991285
6.40389e-318
0.992188
0.992188
0.992188
0.992188
0.992188
0.99353
0.992188
0.992188
6.40389e-318
0.991563
0.991563
0.991563
0.992905
0.991563
0.991563
0.991563
0.991563
6.40389e-318
0.992014
0.992014
0.992014
0.992014
0.993356
0.992014
0.992014
0.992014
6.40389e-318
0.991354
0.991354
0.991354
0.991354
0.992697
0.991354
0.991354
0.991354
6.40389e-318
0.990544
0.990544
0.990567
0.990544
0.990567
0.990567
0.990544
0.991887
6.40389e-318
0.990938
0.990949
0.99228
0.990949
0.990938
0.990938
0.990938
0.990949
6.40389e-318
0.990104
0.990116
0.990104
0.990116
0.991447
0.990116
0.990104
0.990104
6.40389e-318
0.991238
0.989896
0.989896
0.989896
0.989896
0.989896
0.989896
0.989896
6.40389e-318
0.990266
0.990243
0.990243
0.991586
0.990243
0.990266
0.990243
0.990266
6.40389e-318
0.988634
0.988611
0.988634
0.988634
0.988611
0.988611
0.989954
0.988611
6.40389e-318
0.98985
0.98853
0.988507
0.98853
0.988507
0.988507
0.988553
0.988507
6.40389e-318
0.987685
0.987697
0.987697
0.987743
0.987697
0.987697
0.989016
0.987674
6.40389e-318
0.9886
0.98728
0.987257
0.987257
0.98728
0.98728
0.987257
0.987257
6.40389e-318
0.988125
0.989468
0.988125
0.988125
0.988125
0.988125
0.988125
0.988125
6.40389e-318
0.98809
0.988102
0.98809
0.98809
0.988102
0.989433
0.988102
0.98809
6.40389e-318
0.987569
0.987569
0.987581
0.987569
0.987569
0.987569
0.988912
0.987569
6.40389e-318
0.985243
0.985266
0.985243
0.986586
0.985243
0.985243
0.985243
0.985243
6.40389e-318
0.983287
0.983264
0.983287
0.983287
0.983264
0.983264
0.983264
0.984606
6.40389e-318
0.982257
0.98228
0.982257
0.9836
0.98228
0.98228
0.982257
0.982257
6.40389e-318
0.983681
0.983681
0.983704
0.983681
0.985023
0.983681
0.983681
0.983681
6.40389e-318
0.983715
0.985058
0.983727
0.983715
0.983727
0.983727
0.983715
0.983738
6.40389e-318
0.984861
0.984873
0.984861
0.984873
0.984861
0.984873
0.984884
0.986204
6.40389e-318
0.985208
0.986551
0.985243
0.985208
0.985208
0.985243
0.985243
0.985208
6.40389e-318
0.984444
0.984444
0.984444
0.984479
0.984479
0.984479
0.984444
0.985787
6.40389e-318
0.983785
0.983785
0.983808
0.983785
0.985127
0.983808
0.983785
0.983785
6.40389e-318
0.980174
0.980174
0.981516
0.980174
0.980174
0.980174
0.980174
0.980174
6.40389e-318
0.978831
0.978831
0.978819
0.978819
0.978831
0.980162
0.978819
0.978877
6.40389e-318
0.977211
0.977187
0.977187
0.97853
0.977187
0.977187
0.977187
0.977187
6.40389e-318
0.976562
0.976562
0.976562
0.976562
0.976562
0.976562
0.976562
0.977905
6.40389e-318
0.974896
0.974942
0.974907
0.974942
0.976238
0.974896
0.974919
0.974896
6.40389e-318
0.974792
0.976134
0.974792
0.974792
0.974792
0.974792
0.974792
0.974792
6.40389e-318
0.973819
0.973819
0.973819
0.973819
0.973819
0.975162
0.973819
0.973819
6.40389e-318
0.973414
0.973391
0.973368
0.973368
0.974711
0.973368
0.973368
0.973414
6.40389e-318
0.976065
0.974722
0.974769
0.974722
0.974722
0.974745
0.974745
0.974745
6.40389e-318
0.973958
0.973958
0.973958
0.975301
0.973958
0.973958
0.973958
0.973958
6.40389e-318
0.973194
0.973194
0.973194
0.973194
0.974537
0.973194
0.973194
0.973194
6.40389e-318
0.973854
0.973854
0.973854
0.973854
0.973877
0.973854
0.973854
0.975197
6.40389e-318
0.974433
0.97309
0.97309
0.97309
0.97309
0.97309
0.973113
0.97309
6.40389e-318
0.977708
0.977708
0.977708
0.977708
0.97772
0.977708
0.97772
0.979051
6.40389e-318
0.976887
0.978218
0.976875
0.976875
0.976887
0.976875
0.976887
0.976875
6.40389e-318
0.977535
0.977535
0.977535
0.977558
0.978877
0.977535
0.977535
0.977535
6.40389e-318
0.980347
0.980347
0.98169
0.980347
0.980347
0.980347
0.980347
0.980347
6.40389e-318
0.980613
0.98059
0.981933
0.98059
0.98059
0.980613
0.980613
0.98059
6.40389e-318
0.982593
0.98125
0.98125
0.98125
0.98125
0.98125
0.98125
0.98125
6.40389e-318
0.984722
0.984745
0.984745
0.984769
0.984722
0.986065
0.984722
0.984722
6.40389e-318
0.984757
0.986065
0.984722
0.984722
0.984722
0.984722
0.984722
0.984722
6.40389e-318
0.984201
0.984201
0.984201
0.984201
0.985544
0.984201
0.984201
0.984236
6.40389e-318
0.983854
0.983854
0.983866
0.983854
0.983854
0.985197
0.983854
0.983854
6.40389e-318
0.983403
0.984745
0.983414
0.983426
0.983426
0.983403
0.983403
0.983403
6.40389e-318
0.980417
0.980417
0.980417
0.980417
0.980417
0.980417
0.981759
0.980417
6.40389e-318
0.977674
0.977674
0.979016
0.977674
0.977674
0.977674
0.977674
0.977674
6.40389e-318
0.9775
0.9775
0.9775
0.977523
0.9775
0.978843
0.9775
0.9775
6.40389e-318
0.976944
0.976944
0.976944
0.976944
0.978287
0.976944
0.976944
0.976956
6.40389e-318
0.977488
0.976146
0.976146
0.97647
0.976157
0.976146
0.976146
0.976157
6.40389e-318
0.975278
0.975278
0.975278
0.975278
0.975278
0.97662
0.975301
0.975278
6.40389e-318
0.978669
0.977326
0.977326
0.977326
0.977326
0.977326
0.977326
0.977326
6.40389e-318
0.977743
0.981609
0.977743
0.977766
0.977743
0.977766
0.977743
0.979086
6.40389e-318
0.977083
0.977083
0.977083
0.978426
0.977083
0.977083
0.977083
0.977083
6.40389e-318
0.976424
0.976424
0.976458
0.976424
0.977766
0.976424
0.976435
0.976424
6.40389e-318
0.977986
0.977986
0.977986
0.978009
0.978032
0.979329
0.977986
0.977986
6.40389e-318
0.977639
0.977639
0.977662
0.977639
0.977662
0.978981
0.977639
0.977639
6.40389e-318
0.977419
0.977396
0.977396
0.977396
0.977396
0.978738
0.977396
0.977396
6.40389e-318
0.977535
0.977535
0.977558
0.977558
0.978877
0.977535
0.977535
0.977535
6.40389e-318
0.976516
0.976528
0.976493
0.977836
0.976493
0.976493
0.976493
0.976493
6.40389e-318
0.976944
0.976944
0.976956
0.978287
0.976956
0.976944
0.976944
0.976944
6.40389e-318
0.976944
0.976944
0.976944
0.976968
0.976944
0.978287
0.976944
0.976944
6.40389e-318
0.976354
0.976354
0.977697
0.976354
0.976354
0.976377
0.976354
0.976354
6.40389e-318
0.977431
0.977431
0.977431
0.977431
0.978773
0.977431
0.977431
0.977431
6.40389e-318
0.976875
0.976875
0.976875
0.976875
0.976875
0.978218
0.976875
0.976875
6.40389e-318
0.97691
0.97691
0.97691
0.97691
0.97691
0.976921
0.97691
0.978252
6.40389e-318
0.978715
0.978715
0.980058
0.978715
0.978715
0.978715
0.978715
0.978715
6.40389e-318
0.978368
0.978368
0.978368
0.979711
0.978368
0.978368
0.978368
0.978368
6.40389e-318
0.978333
0.978333
0.979676
0.978333
0.978333
0.978333
0.978333
0.978333
6.40389e-318
0.978229
0.978229
0.978229
0.978229
0.978229
0.978229
0.979572
0.978229
6.40389e-318
0.978426
0.979745
0.978403
0.978403
0.978403
0.978403
0.978403
0.978403
6.40389e-318
0.978194
0.978194
0.978194
0.978194
0.978194
0.979537
0.978194
0.978194
6.40389e-318
0.979514
0.980856
0.979514
0.979514
0.979514
0.98338
0.979514
0.979514
6.40389e-318
0.978785
0.978785
0.978785
0.978785
0.978785
0.98265
0.978785
0.978785
6.40389e-318
0.978542
0.979699
0.979884
0.978542
0.978542
0.978542
0.978542
0.978542
6.40389e-318
0.978507
0.978507
0.978507
0.978507
0.978507
0.97985
0.982373
0.978507
6.40389e-318
0.978819
0.978819
0.978819
0.978819
0.980162
0.978831
0.978819
0.978819
6.40389e-318
0.978472
0.978472
0.978472
0.978495
0.978472
0.978472
0.979815
0.978472
6.40389e-318
0.979873
0.979826
0.979826
0.979826
0.979826
0.979826
0.979826
0.981169
6.40389e-318
0.979201
0.980544
0.979201
0.979201
0.979201
0.979201
0.979201
0.979201
6.40389e-318
0.978264
0.978264
0.978264
0.978264
0.979606
0.978264
0.978264
0.978264
6.40389e-318
0.978958
0.978958
0.978981
0.980301
0.978958
0.978958
0.978981
0.978958
6.40389e-318
0.979062
0.979062
0.979062
0.979062
0.980405
0.979062
0.979062
0.979109
6.40389e-318
0.979201
0.979201
0.980544
0.979201
0.979201
0.979201
0.979201
0.979201
6.40389e-318
0.979236
0.979236
0.979236
0.979236
0.979236
0.979236
0.979236
0.980579
6.40389e-318
0.97941
0.97941
0.97941
0.980752
0.97941
0.97941
0.97941
0.97941
6.40389e-318
0.980787
0.980764
0.980787
0.982106
0.980764
0.980764
0.980764
0.980764
6.40389e-318
0.979549
0.979549
0.980891
0.979549
0.979549
0.979549
0.979549
0.979572
6.40389e-318
0.979549
0.979572
0.979549
0.979572
0.979549
0.979549
0.979549
0.980891
6.40389e-318
0.979271
0.979294
0.979271
0.980613
0.979271
0.979271
0.979271
0.979271
6.40389e-318
0.978889
0.978889
0.978924
0.978889
0.978889
0.978889
0.980231
0.978889
6.40389e-318
0.978889
0.978889
0.978912
0.980231
0.978889
0.978889
0.978889
0.978889
6.40389e-318
0.979167
0.979213
0.979167
0.979167
0.980509
0.979167
0.979167
0.979167
6.40389e-318
0.979201
0.979201
0.979201
0.979201
0.980544
0.979201
0.979201
0.979201
6.40389e-318
0.978958
0.978958
0.978958
0.978958
0.978958
0.980301
0.978958
0.978958
6.40389e-318
0.98044
0.979097
0.979097
0.979097
0.979097
0.979097
0.979097
0.979097
6.40389e-318
0.978681
0.978681
0.978681
0.978681
0.978681
0.978681
0.980023
0.978681
6.40389e-318
0.978183
0.97684
0.97684
0.97684
0.976863
0.97684
0.97684
0.97684
6.40389e-318
0.976736
0.976736
0.976736
0.976736
0.976736
0.978079
0.976736
0.976736
6.40389e-318
0.977292
0.977292
0.977292
0.977292
0.977292
0.978634
0.977292
0.977292
6.40389e-318
0.979861
0.981204
0.979861
0.979861
0.979861
0.979861
0.979861
0.979861
6.40389e-318
0.979699
0.979688
0.98103
0.979688
0.979688
0.979688
0.979688
0.979688
6.40389e-318
0.979236
0.979236
0.979236
0.979236
0.979236
0.980579
0.979236
0.979236
6.40389e-318
0.979861
0.981204
0.979861
0.979861
0.979861
0.979861
0.979861
0.979861
6.40389e-318
0.979618
0.979618
0.979618
0.979618
0.979618
0.979618
0.97963
0.980961
6.40389e-318
0.981134
0.979792
0.979792
0.979792
0.979792
0.979792
0.979792
0.979792
6.40389e-318
0.98059
0.98059
0.98059
0.98059
0.98059
0.98059
0.981933
0.98059
6.40389e-318
0.980243
0.980243
0.981586
0.980243
0.980243
0.980243
0.980243
0.980243
6.40389e-318
0.981829
0.983113
0.981771
0.981771
0.981794
0.981771
0.981771
0.981771
6.40389e-318
0.980972
0.980972
0.980995
0.980972
0.980972
0.982315
0.980972
0.980972
6.40389e-318
0.980625
0.980625
0.981968
0.980625
0.980625
0.980625
0.980625
0.980625
6.40389e-318
0.979583
0.979606
0.979583
0.979583
0.979583
0.980926
0.979583
0.979583
6.40389e-318
0.979873
0.981215
0.979873
0.979873
0.979873
0.979873
0.979873
0.979942
6.40389e-318
0.980012
0.979965
0.979965
0.979965
0.981308
0.979965
0.979965
0.979965
6.40389e-318
0.981181
0.981181
0.982523
0.981181
0.981181
0.981181
0.981181
0.981181
6.40389e-318
0.979931
0.979931
0.979942
0.979942
0.979931
0.979931
0.981273
0.979931
6.40389e-318
0.980313
0.981655
0.980313
0.980313
0.980313
0.980313
0.980313
0.980313
6.40389e-318
0.981088
0.981088
0.982431
0.981088
0.981088
0.981088
0.981088
0.981111
6.40389e-318
0.982153
0.982153
0.982176
0.982153
0.982153
0.982153
0.983495
0.982153
6.40389e-318
0.981285
0.981285
0.981285
0.981285
0.982627
0.981285
0.981285
0.981285
6.40389e-318
0.982639
0.982639
0.983981
0.982639
0.982639
0.982639
0.982639
0.982639
6.40389e-318
0.985174
0.983831
0.983831
0.983831
0.983831
0.983854
0.983831
0.983831
6.40389e-318
0.981933
0.981933
0.981933
0.981933
0.983275
0.981956
0.981933
0.981933
6.40389e-318
0.984537
0.98456
0.984537
0.98456
0.984537
0.98588
0.984537
0.984537
6.40389e-318
0.985868
0.985868
0.985868
0.985891
0.985868
0.985868
0.987211
0.985868
6.40389e-318
0.986435
0.985093
0.985093
0.985093
0.985093
0.985093
0.985093
0.985093
6.40389e-318
0.985174
0.985174
0.986516
0.985174
0.985174
0.985174
0.985174
0.985174
6.40389e-318
0.986597
0.986597
0.986597
0.986597
0.986597
0.986597
0.986597
0.98794
6.40389e-318
0.985139
0.986481
0.985139
0.985139
0.985139
0.985139
0.985139
0.985139
6.40389e-318
0.983102
0.983102
0.983102
0.983102
0.983102
0.984444
0.983102
0.983102
6.40389e-318
0.984005
0.984005
0.984005
0.984005
0.985347
0.984005
0.984005
0.984005
6.40389e-318
0.985081
0.985081
0.985081
0.986424
0.985081
0.985081
0.985081
0.985081
6.40389e-318
0.985208
0.985208
0.985208
0.985208
0.985208
0.985208
0.986551
0.985208
6.40389e-318
0.988715
0.990058
0.988715
0.988715
0.988727
0.988715
0.988715
0.988715
6.40389e-318
0.98559
0.98559
0.98559
0.98559
0.98559
0.986933
0.98559
0.98559
6.40389e-318
0.987118
0.987118
0.987118
0.987118
0.988461
0.987187
0.987118
0.987118
6.40389e-318
0.987245
0.987245
0.987315
0.987269
0.988588
0.987245
0.987245
0.987245
6.40389e-318
0.98456
0.98456
0.98456
0.98456
0.985903
0.984606
0.98456
0.98456
6.40389e-318
0.98537
0.98537
0.986713
0.985417
0.98537
0.98537
0.98537
0.98537
6.40389e-318
0.988264
0.988264
0.989606
0.98831
0.988287
0.98831
0.988264
0.988264
6.40389e-318
0.986516
0.986516
0.986516
0.987859
0.986678
0.986516
0.986516
0.986516
6.40389e-318
0.987049
0.987072
0.987049
0.987049
0.987095
0.987049
0.988391
0.987049
6.40389e-318
0.98941
0.989433
0.98941
0.98941
0.990752
0.98941
0.98941
0.98941
6.40389e-318
0.988542
0.988542
0.989884
0.988542
0.988542
0.988542
0.988542
0.988542
6.40389e-318
0.989618
0.989618
0.992431
0.989618
0.989618
0.989618
0.990961
0.989618
6.40389e-318
0.988171
0.988171
0.988171
0.988171
0.988171
0.989514
0.988171
0.988171
6.40389e-318
0.988681
0.988681
0.988681
0.988681
0.990023
0.988681
0.988681
0.988681
6.40389e-318
0.991586
0.990243
0.990243
0.991701
0.990266
0.990243
0.990243
0.990243
6.40389e-318
0.991389
0.991389
0.991389
0.991389
0.991389
0.995093
0.992731
0.991389
6.40389e-318
0.992164
0.991782
0.993125
0.991782
0.991782
0.991782
0.991782
0.991782
6.40389e-318
0.996053
0.99235
0.992326
0.992326
0.992326
0.993669
0.992326
0.992326
6.40389e-318
0.991597
0.99294
0.991597
0.991597
0.991597
0.991597
0.995324
0.991597
6.40389e-318
0.988773
0.988773
0.988773
0.988773
0.988773
0.988773
0.9925
0.990116
6.40389e-318
0.991273
0.991273
0.991273
0.991273
0.992616
0.991273
0.991273
0.995
6.40389e-318
0.995289
0.991563
0.992905
0.991563
0.991563
0.991563
0.991563
0.991563
6.40389e-318
0.993183
0.993183
0.993183
0.993183
0.99691
0.993183
0.993183
0.994525
6.40389e-318
0.993403
0.993403
0.994745
0.993403
0.993403
0.99713
0.993403
0.993403
6.40389e-318
0.993854
0.997581
0.993854
0.993854
0.993854
0.993854
0.995197
0.993877
6.40389e-318
0.993715
0.995058
0.993715
0.993715
0.993715
0.997442
0.993715
0.993715
6.40389e-318
0.993669
0.993669
0.997396
0.993669
0.993669
0.993669
0.995012
0.993669
6.40389e-318
0.998067
0.99434
0.99434
0.99434
0.99434
0.99434
0.99434
0.995683
6.40389e-318
0.995683
0.99434
0.99434
0.99434
0.99434
0.99434
0.99434
0.998067
6.40389e-318
0.994549
0.994549
0.994549
0.994549
0.994549
0.994549
0.995891
0.998275
6.40389e-318
0.994549
0.994549
0.994549
0.994549
0.994549
0.998275
0.995891
0.994549
6.40389e-318
0.993623
0.997303
0.993576
0.993576
0.993576
0.993576
0.993576
0.994919
6.40389e-318
0.994479
0.993137
0.993137
0.993137
0.993137
0.993137
0.997002
0.996863
6.40389e-318
0.992627
0.9889
0.9889
0.9889
0.9889
0.9889
0.9889
0.990243
6.40389e-318
0.984352
0.983009
0.983032
0.983009
0.983009
0.986736
0.983009
0.983009
6.40389e-318
0.987303
0.987303
0.987303
0.99103
0.987303
0.987303
0.987303
0.988646
6.40389e-318
0.987639
0.987697
0.991366
0.988981
0.987639
0.987639
0.987639
0.987639
6.40389e-318
0.989421
0.989433
0.989421
0.989421
0.993148
0.989421
0.990764
0.989421
6.40389e-318
0.990706
0.992049
0.990706
0.994433
0.990706
0.990706
0.990729
0.990706
6.40389e-318
0.992847
0.992847
0.992847
0.996574
0.992847
0.992847
0.992847
0.992847
6.40389e-318
0.99559
0.99559
0.99559
0.99559
0.99559
0.999317
0.99559
0.99559
6.40389e-318
0.995556
0.995556
0.995556
0.995556
0.999282
0.995556
0.995556
0.995556
6.40389e-318
0.99559
0.99559
0.99559
0.99559
0.999317
0.99559
0.99559
0.99559
6.40389e-318
0.995451
0.995451
0.995451
0.999178
0.995463
0.995451
0.995451
0.995451
6.40389e-318
0.995139
0.995139
0.998866
0.995139
0.995139
0.995139
0.995139
0.995139
6.40389e-318
0.995266
0.995243
0.99897
0.995243
0.995243
0.995266
0.995243
0.995243
6.40389e-318
0.991354
0.995081
0.991354
0.991354
0.991354
0.991354
0.991354
0.991354
5.12422e-318
0.988924
0.988924
0.988924
0.988924
0.99265
0.988924
0.988924
0.988924
5.12422e-318
0.988785
0.988866
0.992512
0.988785
0.988785
0.988785
0.988785
0.988785
5.12422e-318
0.986354
0.990081
0.986354
0.986354
0.986354
0.986354
0.986354
0.986354
5.12422e-318
0.990394
0.99412
0.990394
0.990394
0.990394
0.992894
0.990394
0.990394
5.12422e-318
0.996667
0.992685
0.992685
0.992685
0.992685
0.996412
0.992685
0.992685
5.12422e-318
0.995336
0.995313
0.995313
0.995336
0.999294
0.999039
0.995313
0.995313
5.12422e-318
0.999259
0.999514
0.995532
0.995532
0.995532
0.995532
0.995532
0.995532
5.12422e-318
0.995347
0.995347
0.995347
0.995347
0.995347
0.999074
0.995347
0.999329
5.12422e-318
0.999618
0.995637
0.995637
0.995845
0.995637
0.995637
0.995637
0.999363
5.12422e-318
0.999387
0.99566
0.995868
0.99566
0.999641
0.99566
0.99566
0.99566
5.12422e-318
0.999491
0.995509
0.995509
0.995509
0.995718
0.999236
0.995509
0.995509
5.12422e-318
0.997743
0.994225
0.994039
0.994016
0.994016
0.994016
0.994016
0.997998
5.12422e-318
0.99316
0.997141
0.99316
0.99316
0.99316
0.99316
0.996887
0.993368
5.12422e-318
0.991771
0.991979
0.991771
0.991771
0.995752
0.995498
0.991771
0.991771
5.12422e-318
0.992535
0.992546
0.992743
0.992535
0.992535
0.992535
0.996262
0.996516
5.12422e-318
0.992361
0.996134
0.992211
0.992153
0.992153
0.992153
0.992153
0.99588
5.12422e-318
0.994861
0.99838
0.994653
0.994664
0.994653
0.994653
0.994653
0.998634
5.12422e-318
0.995208
0.995208
0.995208
0.995509
0.995208
0.99919
0.995208
0.998935
5.12422e-318
0.995625
0.995926
0.995625
0.999352
0.995625
0.999606
0.995625
0.995625
5.12422e-318
0.995694
0.995694
0.999676
0.995694
0.995694
0.999421
0.995995
0.995694
5.12422e-318
0.99956
0.995833
0.999815
0.996134
0.995833
0.995833
0.995833
0.995833
5.12422e-318
0.995799
0.995799
0.995799
0.995799
0.995799
0.9961
0.99978
0.999525
5.12422e-318
0.999745
0.996065
0.995764
0.999491
0.995764
0.995764
0.995764
0.995764
5.12422e-318
0.995833
0.995833
0.995833
0.995833
0.996134
0.999815
0.99956
0.995833
5.12422e-318
0.995833
0.99956
0.995833
0.996134
0.995833
0.999815
0.995833
0.995833
5.12287e-318
0.995648
0.995949
0.995648
0.999375
0.99963
0.995648
0.995648
0.995648
5.12287e-318
0.995428
0.995428
0.999155
0.995729
0.995428
0.995428
0.995428
0.99941
5.12287e-318
0.992245
0.996227
0.992245
0.992546
0.992245
0.992245
0.995972
0.992245
5.12287e-318
0.997593
0.993866
0.993866
0.993866
0.994167
0.997847
0.993889
0.993866
5.12287e-318
0.9964
0.992975
0.996655
0.992674
0.992674
0.992674
0.992674
0.992674
5.12287e-318
0.993021
0.997002
0.993021
0.993021
0.993322
0.993021
0.993021
0.996748
5.12287e-318
0.993449
0.997176
0.99375
0.993449
0.997431
0.993449
0.993449
0.993449
5.12287e-318
0.994062
0.994062
0.994363
0.998044
0.994062
0.994062
0.994062
0.997789
5.12287e-318
0.995
0.995
0.998727
0.998981
0.995
0.995301
0.995
0.995
5.12287e-318
0.995185
0.998611
0.994884
0.994884
0.994884
0.994884
0.998866
0.994884
5.12287e-318
0.995625
0.995926
0.999606
0.995625
0.995625
0.995625
0.999352
0.995625
5.12287e-318
0.995833
0.995833
0.99956
0.996134
0.995833
0.995833
0.995833
0.999815
5.12287e-318
0.995856
0.995556
0.999282
0.995556
0.999537
0.995556
0.995556
0.995556
5.12287e-318
0.995451
0.995451
0.995451
0.995451
0.999433
0.995752
0.995451
0.999178
5.12287e-318
0.999572
0.99559
0.995891
0.999317
0.99559
0.99559
0.99559
0.99559
5.12287e-318
0.999051
0.995069
0.995069
0.995069
0.995069
0.995093
0.998796
0.99537
5.12287e-318
0.994398
0.996713
0.994097
0.994097
0.994097
0.997824
0.994097
0.99412
5.12287e-318
0.998495
0.994769
0.997315
0.994769
0.994769
0.994769
0.994769
0.995069
5.12287e-318
0.99566
0.995961
0.999387
0.99566
0.99566
0.99566
0.998206
0.99566
5.12287e-318
0.998345
0.995799
0.995799
0.995799
0.999525
0.995799
0.995799
0.9961
5.12287e-318
0.995995
0.999421
0.995694
0.998241
0.995694
0.995694
0.995694
0.995694
5.12287e-318
0.997998
0.995451
0.995451
0.995752
0.995451
0.999178
0.995451
0.995451
5.12287e-318
0.995486
0.995486
0.995787
0.999213
0.995486
0.995486
0.995486
0.998032
5.12287e-318
0.995023
0.997569
0.99875
0.995023
0.995324
0.995023
0.995023
0.995023
5.12287e-318
0.995694
0.999421
0.995995
0.995694
0.995694
0.998241
0.995694
0.995694
5.12287e-318
0.998171
0.995625
0.995926
0.995625
0.995625
0.995625
0.995625
0.999352
5.12287e-318
0.999074
0.995347
0.995347
0.995347
0.995648
0.997894
0.995347
0.995347
5.12287e-318
0.995243
0.995243
0.995243
0.995243
0.99897
0.995544
0.995243
0.997789
5.12287e-318
0.995625
0.995625
0.995926
0.995625
0.995625
0.999352
0.998171
0.995625
5.12287e-318
0.999213
0.998032
0.995486
0.995486
0.995787
0.995486
0.995486
0.995486
5.12287e-318
0.995
0.995
0.995301
0.995
0.995
0.998727
0.997546
0.995
5.12287e-318
0.994572
0.994271
0.996817
0.994271
0.994271
0.997998
0.994271
0.994271
5.12287e-318
0.994618
0.997164
0.994618
0.994618
0.994919
0.994641
0.994618
0.998345
5.12287e-318
0.994294
0.994572
0.994271
0.997998
0.996817
0.994271
0.994271
0.994271
5.12287e-318
0.995694
0.995694
0.998241
0.995694
0.995694
0.995694
0.999421
0.995995
5.12287e-318
0.995833
0.996134
0.995833
0.995833
0.995833
0.99838
0.99956
0.995833
5.12287e-318
0.995833
0.995833
0.99956
0.99838
0.995833
0.995833
0.995833
0.996134
5.12287e-318
0.996134
0.99838
0.99956
0.995833
0.995833
0.995833
0.995833
0.995833
5.12287e-318
0.999525
0.995799
0.995799
0.995799
0.9961
0.995799
0.998345
0.995799
5.12287e-318
0.995799
0.998345
0.995799
0.999525
0.995799
0.995799
0.9961
0.995799
5.12287e-318
0.99956
0.995856
0.99838
0.996134
0.995833
0.995833
0.995833
0.995833
5.12287e-318
0.995417
0.995417
0.995718
0.995417
0.995417
0.997963
0.995417
0.999144
5.12287e-318
0.995764
0.999491
0.995764
0.995764
0.995764
0.995764
0.996065
0.99831
5.12287e-318
0.995336
0.995035
0.995035
0.995035
0.998762
0.997581
0.995035
0.995035
5.12287e-318
0.997998
0.996817
0.994271
0.994572
0.994271
0.994294
0.994271
0.994271
5.12287e-318
0.992882
0.992882
0.992882
0.993183
0.995428
0.996609
0.992882
0.992882
5.12287e-318
0.994664
0.992118
0.992118
0.992118
0.992118
0.995845
0.992419
0.992118
5.12287e-318
0.993414
0.989688
0.989988
0.989688
0.992234
0.989688
0.989688
0.989688
5.12287e-318
0.990451
0.990752
0.990451
0.990451
0.994178
0.990451
0.990451
0.992998
5.12287e-318
0.991111
0.991111
0.991111
0.993657
0.991412
0.994838
0.991111
0.991111
5.12287e-318
0.996296
0.99375
0.997477
0.99375
0.994051
0.99375
0.99375
0.99375
5.12287e-318
0.994167
0.994468
0.994167
0.994167
0.997894
0.994167
0.996713
0.994167
5.12287e-318
0.997095
0.995914
0.993368
0.993368
0.993368
0.993368
0.993368
0.993669
5.12287e-318
0.991991
0.991991
0.991991
0.992292
0.991991
0.991991
0.995718
0.994537
5.12287e-318
0.99581
0.992083
0.992083
0.992384
0.992083
0.99463
0.992083
0.992083
5.12287e-318
0.992049
0.992049
0.99235
0.992049
0.995775
0.992049
0.994595
0.992049
5.12287e-318
0.988542
0.988542
0.988542
0.991088
0.992269
0.988542
0.988843
0.988542
5.12287e-318
0.989167
0.989167
0.989167
0.989167
0.989468
0.991713
0.989167
0.989167
5.12287e-318
0.989167
0.989167
0.989167
0.989167
0.991713
0.989167
0.989167
0.989468
5.12287e-318
0.99088
0.988333
0.988403
0.988634
0.988333
0.988333
0.988333
0.988333
5.12287e-318
0.988634
0.988333
0.988333
0.988333
0.988333
0.988333
0.988403
0.99088
5.12287e-318
0.990775
0.988229
0.988229
0.98853
0.988229
0.988229
0.988229
0.988229
5.12287e-318
0.988704
0.988403
0.988403
0.988403
0.988403
0.988403
0.990949
0.988403
5.12287e-318
0.987743
0.987743
0.990289
0.987743
0.987743
0.987743
0.987743
0.988044
5.12287e-318
0.98809
0.98809
0.98809
0.991262
0.98809
0.990637
0.988125
0.98809
5.12287e-318
0.990671
0.988125
0.988125
0.988125
0.988125
0.988125
0.988426
0.988125
5.12287e-318
0.991366
0.987639
0.987639
0.98794
0.990185
0.987639
0.987639
0.987639
5.12287e-318
0.98809
0.98809
0.98809
0.990637
0.991817
0.98809
0.98809
0.98809
5.12287e-318
0.98816
0.98816
0.98816
0.98816
0.990706
0.98816
0.98816
0.98816
5.12287e-318
0.988125
0.988125
0.988125
0.990671
0.988125
0.988125
0.988125
0.988125
5.12287e-318
0.98816
0.988461
0.98816
0.98816
0.98816
0.98816
0.98816
0.98816
5.12287e-318
0.987083
0.987083
0.987083
0.987083
0.987083
0.987083
0.987083
0.987083
5.12287e-318
0.987326
0.987326
0.987326
0.987326
0.987326
0.987326
0.987326
0.98735
5.12287e-318
0.987951
0.987951
0.987951
0.987951
0.987951
0.987951
0.987951
0.987951
5.12287e-318
0.987743
0.987743
0.987743
0.987743
0.987743
0.987743
0.987743
0.987743
5.12287e-318
0.98765
0.987639
0.987639
0.98765
0.987674
0.987639
0.98765
0.987639
5.12287e-318
0.987431
0.987465
0.987431
0.987431
0.987431
0.987431
0.987431
0.987431
5.12287e-318
0.985903
0.985903
0.985903
0.985903
0.985903
0.985903
0.985903
0.986701
5.12287e-318
0.983715
0.982917
0.98294
0.982917
0.982917
0.982917
0.982917
0.982917
5.12287e-318
0.981019
0.981007
0.981007
0.981007
0.981007
0.981019
0.981007
0.981019
5.12287e-318
0.9775
0.9775
0.977986
0.977523
0.9775
0.9775
0.9775
0.977523
5.12287e-318
0.977708
0.977708
0.977708
0.977708
0.977708
0.980602
0.977708
0.977708
5.12287e-318
0.976806
0.977882
0.976806
0.976806
0.976806
0.976806
0.976806
0.976806
5.12287e-318
0.973924
0.973924
0.973924
0.973924
0.975428
0.973924
0.973924
0.973924
5.12287e-318
0.972882
0.972882
0.972882
0.972882
0.972882
0.972882
0.972882
0.972882
5.12287e-318
0.969375
0.969375
0.969375
0.971319
0.969375
0.969375
0.969375
0.969375
5.12287e-318
0.971319
0.971319
0.971319
0.971319
0.971319
0.971319
0.971319
0.971319
5.12287e-318
0.971331
0.971331
0.971331
0.971331
0.971331
0.971331
0.971331
0.971331
5.12287e-318
0.971609
0.971609
0.971609
0.971609
0.971609
0.971609
0.971609
0.971609
5.12287e-318
0.970984
0.970984
0.970995
0.970984
0.970984
0.970984
0.970984
0.970984
5.12287e-318
0.972812
0.972812
0.972812
0.976586
0.972812
0.972812
0.972812
0.972812
5.12287e-318
0.971667
0.971667
0.971667
0.971667
0.971667
0.971667
0.971667
0.971667
5.12287e-318
0.979699
0.979688
0.979688
0.979688
0.979688
0.979688
0.979688
0.979688
5.12287e-318
0.974896
0.974896
0.974896
0.974896
0.974896
0.974896
0.974896
0.974896
5.12287e-318
0.975139
0.97515
0.975139
0.975139
0.975139
0.975139
0.975139
0.975139
5.12287e-318
0.9725
0.9725
0.9725
0.9725
0.9725
0.9725
0.9725
0.9725
5.12287e-318
0.972257
0.972257
0.972257
0.972257
0.972257
0.972257
0.972257
0.972257
5.12287e-318
0.972222
0.972222
0.972222
0.972234
0.972222
0.972222
0.972222
0.972222
5.12287e-318
0.970833
0.970833
0.970833
0.970833
0.970833
0.970833
0.970833
0.970833
5.12287e-318
0.971921
0.97191
0.97191
0.97191
0.97191
0.97191
0.97191
0.97191
5.12287e-318
0.970799
0.970799
0.970799
0.970799
0.970799
0.970799
0.97081
0.970799
5.12287e-318
0.971146
0.971146
0.971146
0.971146
0.971146
0.971146
0.971146
0.971146
5.12287e-318
0.970278
0.970278
0.970278
0.970278
0.970278
0.970278
0.970278
0.970278
5.12287e-318
0.970174
0.970174
0.970174
0.970174
0.970174
0.970174
0.970174
0.970174
5.12287e-318
0.969201
0.969201
0.969201
0.969201
0.969201
0.969201
0.969201
0.969201
5.12287e-318
0.969549
0.969549
0.969549
0.969549
0.969549
0.969549
0.969549
0.969549
5.12287e-318
0.971111
0.971111
0.971111
0.971111
0.971111
0.971111
0.971111
0.971111
5.12287e-318
0.970833
0.970833
0.970833
0.970833
0.970833
0.970833
0.970833
0.970833
5.12287e-318
0.969722
0.969722
0.969722
0.969722
0.969734
0.969722
0.969722
0.969734
5.12287e-318
0.97125
0.97125
0.971273
0.97125
0.97125
0.97125
0.97125
0.97125
5.12287e-318
0.97059
0.97059
0.97059
0.97059
0.97059
0.97059
0.97059
0.97059
5.12287e-318
0.97066
0.97066
0.97066
0.97066
0.97066
0.97066
0.97066
0.97066
5.12287e-318
0.968993
0.968993
0.968993
0.968993
0.968993
0.968993
0.968993
0.968993
5.12287e-318
0.968368
0.968368
0.968368
0.968368
0.968368
0.968368
0.968368
0.968368
5.12287e-318
0.969549
0.969549
0.969549
0.969549
0.969549
0.969549
0.969549
0.969549
5.12287e-318
0.974757
0.974757
0.974757
0.974757
0.974757
0.974803
0.974757
0.974757
5.12287e-318
0.975347
0.975347
0.975347
0.975347
0.975347
0.975359
0.975347
0.975347
5.12287e-318
0.975035
0.975035
0.975035
0.975035
0.975035
0.975035
0.975035
0.975035
5.12287e-318
0.974514
0.974514
0.974514
0.974514
0.974514
0.974514
0.974514
0.974514
5.12287e-318
0.973924
0.973924
0.973924
0.973924
0.973924
0.973935
0.973924
0.973924
5.12287e-318
0.974583
0.974583
0.974583
0.974583
0.974583
0.974595
0.974595
0.974583
5.12287e-318
0.974931
0.974931
0.974931
0.974931
0.974931
0.974931
0.974931
0.974931
5.12287e-318
0.974757
0.974757
0.974757
0.974757
0.974757
0.974757
0.974757
0.974757
5.12287e-318
0.975556
0.975556
0.975556
0.975556
0.975556
0.975556
0.975556
0.975556
5.12287e-318
0.974965
0.974965
0.974988
0.974965
0.974965
0.974965
0.974965
0.974965
5.12287e-318
0.974479
0.974479
0.974479
0.974479
0.974479
0.974479
0.974479
0.974479
5.12287e-318
0.975868
0.975868
0.975868
0.975868
0.975868
0.975868
0.975868
0.975868
5.12287e-318
0.975613
0.97559
0.97559
0.97559
0.97559
0.975613
0.975602
0.97559
5.12287e-318
0.97809
0.97809
0.97809
0.97809
0.97809
0.97809
0.97809
0.97809
5.12287e-318
0.977431
0.977431
0.977431
0.977431
0.977431
0.977431
0.977431
0.977431
5.12287e-318
0.977396
0.977396
0.977396
0.977396
0.977396
0.977396
0.977396
0.977396
5.12287e-318
0.970729
0.970729
0.970729
0.970729
0.970729
0.970729
0.970729
0.970729
5.12287e-318
0.970069
0.970069
0.970069
0.970069
0.970069
0.970069
0.970069
0.970081
5.12287e-318
0.969514
0.969514
0.969514
0.969514
0.969514
0.969514
0.969514
0.969514
5.12287e-318
0.970174
0.970174
0.970174
0.970174
0.970174
0.970174
0.970174
0.970174
5.12287e-318
0.970521
0.970521
0.970521
0.970521
0.970521
0.970521
0.970521
0.970521
5.12287e-318
0.970139
0.970139
0.970139
0.970139
0.970139
0.970139
0.970139
0.970139
5.12287e-318
0.968472
0.968472
0.968472
0.968472
0.968472
0.968472
0.968472
0.968472
5.12287e-318
0.968021
0.968021
0.968021
0.968021
0.968021
0.968021
0.968021
0.968021
5.12287e-318
0.967812
0.967812
0.967812
0.967812
0.967812
0.967812
0.967812
0.967812
5.12287e-318
0.971806
0.971806
0.971806
0.971806
0.971806
0.971806
0.971806
0.971806
5.12287e-318
0.971354
0.971366
0.971354
0.971354
0.971354
0.971354
0.971354
0.971354
5.12287e-318
0.972604
0.972604
0.972604
0.972604
0.972604
0.972604
0.972604
0.972604
5.12287e-318
0.971701
0.971701
0.971701
0.971701
0.971701
0.971701
0.971701
0.971701
5.12287e-318
0.970799
0.970799
0.970799
0.970799
0.970799
0.970799
0.970799
0.970799
5.12287e-318
0.971875
0.971875
0.971875
0.971875
0.971875
0.971875
0.971875
0.971875
5.12287e-318
0.967847
0.967847
0.967847
0.967847
0.967847
0.967847
0.967847
0.967847
5.12287e-318
0.968056
0.968056
0.968056
0.968056
0.968056
0.968056
0.968056
0.968056
5.12287e-318
0.968299
0.968299
0.968299
0.968299
0.968299
0.968299
0.968299
0.968299
5.12287e-318
0.970139
0.970139
0.970139
0.970139
0.970139
0.970139
0.970139
0.970139
5.12287e-318
0.970313
0.970313
0.970313
0.970313
0.970313
0.970313
0.970313
0.970313
5.12287e-318
0.970833
0.970799
0.970799
0.970799
0.970799
0.970799
0.970799
0.970799
5.12287e-318
0.971296
0.971285
0.971285
0.971285
0.971285
0.971285
0.971285
0.971285
5.12287e-318
0.970926
0.970926
0.970926
0.970926
0.970926
0.970926
0.970949
0.970926
5.12287e-318
0.972639
0.972639
0.972639
0.972639
0.972639
0.972639
0.972662
0.972639
5.12287e-318
0.971771
0.971771
0.971771
0.975417
0.971771
0.971771
0.971771
0.971771
5.12287e-318
0.97125
0.97125
0.97125
0.97125
0.974884
0.97125
0.97125
0.97125
5.12287e-318
0.968993
0.968993
0.968993
0.968993
0.968993
0.968993
0.968993
0.968993
5.12287e-318
0.969583
0.969583
0.969583
0.969595
0.969583
0.969583
0.969583
0.969595
5.12287e-318
0.969549
0.969549
0.969549
0.969549
0.969549
0.969549
0.973206
0.969549
5.12287e-318
0.970417
0.970417
0.970417
0.970417
0.970417
0.970417
0.970417
0.970417
5.12287e-318
0.97125
0.97125
0.97125
0.97125
0.97125
0.97125
0.971273
0.971296
5.12287e-318
0.971111
0.971111
0.971111
0.971134
0.971111
0.971111
0.971111
0.971111
5.12287e-318
0.971458
0.971458
0.971458
0.971458
0.971458
0.971458
0.97147
0.971458
5.12287e-318
0.9725
0.9725
0.9725
0.972512
0.9725
0.9725
0.9725
0.9725
5.12287e-318
0.972604
0.972604
0.972604
0.972604
0.972604
0.972604
0.972604
0.972604
5.12287e-318
0.974653
0.974653
0.974653
0.974664
0.974653
0.974653
0.974653
0.974653
5.12287e-318
0.974225
0.974201
0.974201
0.974201
0.974201
0.974201
0.974225
0.974201
5.12287e-318
0.969861
0.969861
0.969861
0.969861
0.969861
0.969861
0.969861
0.969861
5.12287e-318
0.969792
0.969792
0.969792
0.969792
0.969792
0.969792
0.969792
0.969861
5.12287e-318
0.969583
0.969583
0.969583
0.969583
0.969583
0.969583
0.969583
0.969583
5.12287e-318
0.973333
0.973333
0.973333
0.973333
0.973333
0.973345
0.973356
0.973333
5.12287e-318
0.974086
0.974063
0.974063
0.974063
0.974063
0.974063
0.974074
0.974063
5.12287e-318
0.972674
0.972674
0.972674
0.972674
0.972674
0.972685
0.972674
0.972674
5.12287e-318
0.965833
0.965833
0.965845
0.965833
0.965833
0.965833
0.965833
0.965833
5.12287e-318
0.965069
0.965069
0.965069
0.965069
0.965069
0.965069
0.965081
0.965069
5.12287e-318
0.964479
0.964479
0.964479
0.964479
0.964479
0.964479
0.964479
0.964479
5.12287e-318
0.967049
0.967049
0.967049
0.967049
0.967049
0.967049
0.967072
0.967049
5.12287e-318
0.966215
0.966215
0.966215
0.966215
0.966215
0.966215
0.966215
0.966215
5.12287e-318
0.967118
0.967118
0.967118
0.967118
0.967118
0.967118
0.96713
0.96713
5.12287e-318
0.966285
0.966285
0.966285
0.966285
0.966285
0.966285
0.966285
0.966285
5.12287e-318
0.966354
0.966354
0.966354
0.966354
0.966354
0.966354
0.966354
0.966354
5.12287e-318
0.965972
0.965984
0.965972
0.965972
0.965972
0.965984
0.965972
0.965984
5.12287e-318
0.966493
0.966493
0.966493
0.966493
0.966493
0.966493
0.966493
0.966493
5.12287e-318
0.967049
0.967049
0.967049
0.967049
0.967049
0.967049
0.967049
0.967049
5.12287e-318
0.968785
0.968785
0.968785
0.968785
0.968785
0.968785
0.968785
0.968785
5.12287e-318
0.967292
0.967292
0.967292
0.967292
0.967292
0.967292
0.967292
0.967292
5.12287e-318
0.966562
0.966574
0.966562
0.966562
0.966562
0.966562
0.966562
0.966562
5.12287e-318
0.964514
0.964514
0.964525
0.964514
0.964525
0.964514
0.964514
0.964514
5.12287e-318
0.964757
0.964757
0.964757
0.964757
0.964757
0.964757
0.964757
0.964757
5.12287e-318
0.964375
0.964375
0.964375
0.964375
0.964375
0.964375
0.964375
0.964375
5.12287e-318
0.966215
0.966215
0.966215
0.966215
0.966215
0.966215
0.966227
0.966215
5.12287e-318
0.966146
0.966146
0.966146
0.966146
0.966146
0.966146
0.966146
0.966146
5.12287e-318
0.96559
0.96559
0.96559
0.965602
0.96559
0.965613
0.965602
0.96559
5.12287e-318
0.965139
0.965139
0.965139
0.965139
0.965139
0.965139
0.965139
0.965139
5.12287e-318
0.964826
0.964826
0.964826
0.964826
0.964826
0.964826
0.964826
0.964838
5.12287e-318
0.96684
0.96684
0.966852
0.96684
0.96684
0.96684
0.96684
0.96684
5.12287e-318
0.965521
0.965521
0.965521
0.965521
0.965521
0.965521
0.965521
0.965521
5.12287e-318
0.964757
0.964757
0.964757
0.964757
0.964769
0.964757
0.964757
0.964757
5.12287e-318
0.966319
0.966319
0.966319
0.966319
0.966319
0.966319
0.966319
0.966331
5.12287e-318
0.966215
0.966227
0.966215
0.966215
0.966215
0.966215
0.966215
0.966215
5.12287e-318
0.966007
0.966007
0.966007
0.966007
0.966007
0.966007
0.966007
0.966007
5.12287e-318
0.964271
0.964271
0.964271
0.964271
0.964271
0.964271
0.964282
0.964271
5.12287e-318
0.963576
0.963576
0.963576
0.963588
0.963576
0.963576
0.963576
0.963576
5.12287e-318
0.967535
0.967535
0.967535
0.967546
0.967535
0.967535
0.967535
0.967535
5.12287e-318
0.966771
0.966771
0.966771
0.966771
0.966771
0.966771
0.966771
0.966782
5.12287e-318
0.965556
0.965567
0.965556
0.965556
0.965567
0.965567
0.965556
0.965556
5.12287e-318
0.962049
0.962049
0.962049
0.962049
0.962049
0.962049
0.962049
0.962049
5.12287e-318
0.963229
0.963229
0.963229
0.963229
0.963229
0.963229
0.963229
0.963229
5.12287e-318
0.963715
0.963715
0.963715
0.963715
0.963738
0.963715
0.963715
0.963715
5.12287e-318
0.964931
0.964931
0.964931
0.964942
0.964931
0.964942
0.964931
0.964942
5.12287e-318
0.965208
0.965208
0.965208
0.965208
0.965208
0.965208
0.965208
0.965208
5.12287e-318
0.963819
0.963819
0.963819
0.963819
0.963819
0.963819
0.963831
0.963819
5.12287e-318
0.962836
0.962836
0.962836
0.962836
0.96287
0.962836
0.962836
0.962836
5.12287e-318
0.962778
0.962789
0.962778
0.962789
0.962778
0.962778
0.962778
0.962778
5.12287e-318
0.965972
0.965972
0.965972
0.965972
0.965972
0.965972
0.965972
0.965972
5.12287e-318
0.96625
0.96625
0.96625
0.96625
0.96625
0.96625
0.96625
0.96625
5.12287e-318
0.971574
0.971574
0.971574
0.971574
0.971574
0.971574
0.971574
0.971574
5.12287e-318
0.975
0.975
0.975
0.975
0.975
0.975
0.975
0.975
5.12287e-318
0.976748
0.976748
0.976748
0.976748
0.976748
0.976748
0.976748
0.976748
5.12287e-318
0.980602
0.980602
0.980602
0.980602
0.980602
0.980602
0.980602
0.980602
5.12287e-318
0.9864
0.9864
0.986424
0.9864
0.9864
0.986412
0.9864
0.9864
5.12287e-318
0.988958
0.988958
0.988958
0.988958
0.988981
0.988958
0.988958
0.988958
5.12287e-318
0.990208
0.990208
0.990208
0.990208
0.990231
0.990231
0.990231
0.990208
5.12287e-318
0.98691
0.98691
0.98691
0.98691
0.98691
0.98691
0.98691
0.98691
5.12287e-318
0.984688
0.984688
0.984688
0.984688
0.984688
0.984688
0.984688
0.984688
5.12287e-318
0.986771
0.986771
0.986771
0.986771
0.986771
0.986771
0.986794
0.986771
5.12287e-318
0.98765
0.987581
0.987581
0.987593
0.987581
0.987581
0.987581
0.987581
5.12287e-318
0.990069
0.990069
0.990069
0.990069
0.990069
0.990069
0.990069
0.990069
5.12287e-318
0.993125
0.993125
0.993125
0.993125
0.993125
0.993125
0.993125
0.993125
5.12287e-318
0.992569
0.992569
0.992569
0.992569
0.992569
0.992569
0.992569
0.992569
5.12287e-318
0.992951
0.992951
0.992951
0.992951
0.992951
0.992951
0.992998
0.992951
5.12287e-318
0.993056
0.993021
0.993021
0.993021
0.993021
0.993021
0.993021
0.993021
5.12287e-318
0.993345
0.993345
0.993345
0.993345
0.993345
0.993345
0.993356
0.993356
5.12287e-318
0.993437
0.993437
0.993437
0.993437
0.993437
0.993437
0.993437
0.993437
5.12287e-318
0.992049
0.992049
0.992049
0.992049
0.992049
0.992049
0.992049
0.992049
5.12287e-318
0.993021
0.993021
0.993021
0.993021
0.993021
0.993021
0.993021
0.993044
5.12287e-318
0.992558
0.992558
0.992558
0.992581
0.992558
0.992558
0.992581
0.992558
5.12287e-318
0.99184
0.99184
0.99184
0.99184
0.99184
0.99184
0.99184
0.99184
5.12287e-318
0.991759
0.991759
0.991759
0.991759
0.991759
0.991759
0.991759
0.991759
5.12287e-318
0.988437
0.988437
0.988437
0.988437
0.988437
0.988437
0.988437
0.988437
5.12287e-318
0.987419
0.987419
0.987442
0.987431
0.987419
0.987419
0.987442
0.987419
5.12287e-318
0.985764
0.985764
0.985764
0.985764
0.985764
0.985764
0.985764
0.985764
5.12287e-318
0.987963
0.987963
0.987963
0.987963
0.987963
0.987963
0.987963
0.987963
5.12287e-318
0.987743
0.987743
0.987743
0.987766
0.987743
0.987743
0.987743
0.987743
5.12287e-318
0.988021
0.988021
0.988021
0.988021
0.988021
0.988021
0.988021
0.988021
5.12287e-318
0.987882
0.987882
0.987905
0.987882
0.987882
0.987882
0.987882
0.987882
5.12287e-318
0.991285
0.991285
0.991296
0.991285
0.991285
0.991285
0.991285
0.991285
5.12287e-318
0.992917
0.992917
0.992917
0.992917
0.992917
0.992917
0.992917
0.992917
5.12287e-318
0.993021
0.993021
0.993021
0.993021
0.993021
0.993021
0.993021
0.993021
5.12287e-318
0.989039
0.988924
0.988924
0.988924
0.988924
0.988935
0.989039
0.988924
5.12287e-318
0.987049
0.987049
0.98684
0.98684
0.98684
0.98684
0.98684
0.986852
5.12287e-318
0.986782
0.986736
0.986736
0.986736
0.986736
0.986736
0.986736
0.986736
5.12287e-318
0.985486
0.985486
0.985521
0.985486
0.985486
0.985486
0.985486
0.985521
5.12287e-318
0.98059
0.98059
0.98059
0.98059
0.98059
0.98059
0.98059
0.980613
5.12287e-318
0.988148
0.988148
0.988148
0.988148
0.988148
0.988148
0.988148
0.988148
5.12287e-318
0.989178
0.989155
0.989132
0.989132
0.989132
0.989155
0.989132
0.989132
5.12287e-318
0.990035
0.990035
0.990035
0.990035
0.990046
0.990046
0.990035
0.990035
5.12287e-318
0.990463
0.990463
0.990417
0.990417
0.990417
0.990417
0.990417
0.990417
5.12287e-318
0.990729
0.990729
0.990729
0.990729
0.990729
0.990741
0.990752
0.990752
5.12287e-318
0.988021
0.988021
0.988044
0.988021
0.988021
0.988021
0.988021
0.988021
5.12287e-318
0.98934
0.98934
0.98934
0.98934
0.98934
0.98934
0.98934
0.98934
5.12287e-318
0.985938
0.985938
0.985938
0.986007
0.985938
0.985938
0.985938
0.985938
5.12287e-318
0.987639
0.987639
0.987639
0.987639
0.987639
0.98765
0.987639
0.987639
5.12287e-318
0.988623
0.988623
0.988623
0.988623
0.988623
0.988623
0.988623
0.988623
5.12287e-318
0.987708
0.987708
0.987708
0.987743
0.987708
0.987708
0.987708
0.987731
5.12287e-318
0.985972
0.985972
0.985972
0.985972
0.985995
0.985972
0.985972
0.985972
5.12287e-318
0.987894
0.987894
0.987812
0.987812
0.987812
0.987847
0.987859
0.987812
5.12287e-318
0.989444
0.989444
0.989468
0.989444
0.989444
0.989468
0.989444
0.989444
5.12287e-318
0.990139
0.99015
0.990139
0.99015
0.990139
0.990139
0.990139
0.990139
5.12287e-318
0.992708
0.992708
0.992708
0.992708
0.992708
0.992708
0.99272
0.992708
5.12287e-318
0.993819
0.993819
0.993843
0.993819
0.993819
0.993819
0.993819
0.993819
5.12287e-318
0.99375
0.99375
0.99375
0.99375
0.993773
0.99375
0.99375
0.99375
5.12287e-318
0.993495
0.993495
0.993495
0.993495
0.993495
0.993495
0.993495
0.993495
5.12287e-318
0.992049
0.992049
0.992049
0.992049
0.992049
0.992049
0.992049
0.992049
5.12287e-318
0.99037
0.990324
0.990324
0.990324
0.990347
0.990324
0.990324
0.99037
5.12287e-318
0.990035
0.990035
0.990035
0.990035
0.990035
0.990035
0.990035
0.990035
5.12287e-318
0.991389
0.991389
0.9914
0.991389
0.9914
0.991389
0.991389
0.9914
5.12287e-318
0.992963
0.992986
0.992963
0.992963
0.992963
0.992963
0.992963
0.992963
5.12287e-318
0.994444
0.994444
0.994444
0.994444
0.994444
0.994444
0.994444
0.994444
5.12287e-318
0.995104
0.995104
0.995104
0.995104
0.995104
0.995104
0.995104
0.995104
5.12287e-318
0.995729
0.995729
0.995729
0.995729
0.995729
0.995729
0.995729
0.995729
5.12287e-318
0.995729
0.995729
0.995729
0.995729
0.995729
0.995729
0.995729
0.995729
5.12287e-318
0.995833
0.995833
0.995833
0.995833
0.995833
0.995833
0.995833
0.995833
5.12287e-318
0.995729
0.995729
0.995741
0.995729
0.995729
0.995729
0.995729
0.995729
5.12287e-318
0.995729
0.995729
0.995729
0.995729
0.995729
0.995729
0.995729
0.995729
5.12287e-318
0.995694
0.995694
0.995694
0.995694
0.995694
0.995694
0.995694
0.995694
5.12287e-318
0.99559
0.99559
0.99559
0.99559
0.99559
0.99559
0.99559
0.99559
5.12287e-318
0.995625
0.995625
0.995625
0.995625
0.995625
0.995625
0.995625
0.995625
5.12287e-318
0.99566
0.99566
0.99566
0.99566
0.99566
0.99566
0.99566
0.99566
5.12287e-318
0.995694
0.995694
0.995694
0.995694
0.995694
0.995694
0.995694
0.995694
5.12287e-318
0.99566
0.99566
0.99566
0.99566
0.99566
0.99566
0.99566
0.99566
5.12287e-318
0.995694
0.995694
0.995694
0.995694
0.995694
0.995718
0.995694
0.995694
5.12287e-318
0.995764
0.995764
0.995764
0.995764
0.995764
0.995764
0.995764
0.995764
5.12287e-318
0.995625
0.995625
0.995625
0.995625
0.995625
0.995625
0.995625
0.995625
5.12287e-318
0.995764
0.995764
0.995764
0.995764
0.995764
0.995764
0.995764
0.995764
5.12287e-318
0.995833
0.995833
0.995833
0.995833
0.995833
0.995833
0.995833
0.995833
5.12287e-318
0.99566
0.99566
0.99566
0.99566
0.99566
0.99566
0.99566
0.99566
5.12287e-318
0.995069
0.995069
0.995069
0.995069
0.995069
0.995069
0.995069
0.995069
5.12287e-318
0.994444
0.994444
0.994444
0.994444
0.994444
0.994444
0.994444
0.994444
5.12287e-318
0.994861
0.994861
0.994861
0.994861
0.994861
0.994861
0.994861
0.994861
5.12287e-318
0.995208
0.995231
0.995208
0.995208
0.995208
0.995208
0.995208
0.995208
5.12287e-318
0.99537
0.99537
0.99537
0.99537
0.99537
0.99537
0.99537
0.99537
5.12287e-318
0.994444
0.994444
0.994444
0.994444
0.994444
0.994444
0.994444
0.994444
5.12287e-318
0.994896
0.994896
0.994896
0.994896
0.994896
0.994896
0.994896
0.994896
5.12287e-318
0.99434
0.99434
0.99434
0.99434
0.99434
0.99434
0.99434
0.99434
5.12287e-318
0.994722
0.994722
0.994722
0.994722
0.994722
0.994722
0.994722
0.994722
5.12287e-318
0.995799
0.995799
0.995799
0.995799
0.995799
0.995799
0.995799
0.995799
5.12287e-318
0.995625
0.995625
0.995625
0.995625
0.995625
0.995625
0.995625
0.995625
5.12287e-318
0.995139
0.995139
0.995139
0.995139
0.995139
0.995139
0.995139
0.995139
5.12287e-318
0.995035
0.995035
0.995035
0.995035
0.995035
0.995035
0.995035
0.995035
5.12287e-318
0.99566
0.99566
0.99566
0.99566
0.99566
0.99566
0.99566
0.99566
5.12287e-318
0.995521
0.995521
0.995521
0.995521
0.995521
0.995521
0.995521
0.995521
5.12287e-318
0.991771
0.991771
0.991771
0.991782
0.991771
0.991771
0.991771
0.991771
5.12287e-318
0.991979
0.991979
0.991979
0.991979
0.991979
0.991979
0.991979
0.991979
5.12287e-318
0.991921
0.99191
0.992002
0.99191
0.99191
0.992002
0.99191
0.99191
5.12287e-318
0.991898
0.991898
0.991898
0.991898
0.991898
0.991898
0.991898
0.991933
5.12287e-318
0.993576
0.993576
0.993576
0.993576
0.993576
0.993576
0.993576
0.993576
5.12287e-318
0.995833
0.995833
0.995833
0.995833
0.995833
0.995833
0.995833
0.995833
5.12287e-318
0.995764
0.995764
0.995764
0.995764
0.995764
0.995764
0.995764
0.995764
5.12287e-318
0.995833
0.995833
0.995833
0.995833
0.995833
0.995833
0.995833
0.995833
5.12287e-318
0.995833
0.995833
0.995833
0.995833
0.995856
0.995833
0.995833
0.995833
5.12287e-318
0.995833
0.995833
0.995833
0.995833
0.995833
0.995833
0.995833
0.995833
5.12287e-318
0.995833
0.995833
0.995833
0.995833
0.995833
0.995833
0.995833
0.995833
5.12287e-318
0.995833
0.995833
0.995833
0.995833
0.995833
0.995833
0.995833
0.995833
5.12287e-318
0.995833
0.995833
0.995833
0.995833
0.995833
0.995833
0.995833
0.995833
5.12287e-318
0.995833
0.995833
0.995833
0.995833
0.995833
0.995833
0.995833
0.995833
5.12287e-318
0.995833
0.995833
0.995833
0.995833
0.995833
0.995833
0.995833
0.995833
5.12287e-318
0.995833
0.995833
0.995833
0.995833
0.995833
0.995833
0.995833
0.995833
5.12287e-318
0.995833
0.995833
0.995833
0.995833
0.995833
0.995833
0.995833
0.995833
5.12287e-318
0.995833
0.995833
0.995833
0.995833
0.995833
0.995833
0.995833
0.995833
5.12287e-318
0.995833
0.995833
0.995833
0.995833
0.995833
0.995833
0.995833
0.995833
5.12287e-318
0.995833
0.995833
0.995833
0.995833
0.995833
0.995833
0.995833
0.995833
5.12287e-318
0.995833
0.995833
0.995833
0.995833
0.995833
0.995833
0.995833
0.995833
5.12287e-318
0.995625
0.995625
0.995625
0.995625
0.995625
0.995625
0.995625
0.995625
5.12287e-318
0.995278
0.995278
0.995278
0.995278
0.995278
0.995278
0.995278
0.995278
5.12287e-318
0.995
0.995
0.995
0.995
0.995
0.995
0.995
0.995
5.12287e-318
0.994583
0.994583
0.994583
0.994583
0.994583
0.994583
0.994583
0.994583
5.12287e-318
0.993715
0.993715
0.993727
0.993715
0.993715
0.993715
0.993715
0.993715
5.12287e-318
0.992014
0.992014
0.992014
0.992014
0.992014
0.992014
0.992014
0.99206
5.12287e-318
0.992269
0.992257
0.992257
0.99228
0.992257
0.992257
0.992257
0.992257
5.12287e-318
0.9925
0.9925
0.9925
0.9925
0.9925
0.9925
0.992512
0.9925
5.12287e-318
0.992257
0.992257
0.992257
0.992257
0.992257
0.992269
0.992257
0.992257
5.12287e-318
0.991597
0.99162
0.991597
0.991597
0.991597
0.991597
0.991597
0.991597
5.12287e-318
0.99125
0.991285
0.99125
0.99125
0.99125
0.99125
0.99125
0.99125
5.12287e-318
0.990833
0.990833
0.990833
0.990833
0.990833
0.990833
0.990833
0.990833
5.12287e-318
0.990324
0.990313
0.990313
0.990313
0.990313
0.990313
0.990313
0.990313
5.12287e-318
0.990382
0.990382
0.990382
0.990382
0.990382
0.990382
0.990382
0.990382
5.12287e-318
0.990521
0.990521
0.990521
0.990521
0.990521
0.990521
0.990521
0.990521
5.12287e-318
0.989931
0.989931
0.989931
0.989931
0.989931
0.989942
0.989931
0.989954
5.12287e-318
0.991076
0.991076
0.991076
0.9911
0.991076
0.991076
0.991076
0.991076
5.12287e-318
0.99059
0.99059
0.99059
0.99059
0.99059
0.99059
0.99059
0.99059
5.12287e-318
0.989375
0.989375
0.989375
0.989375
0.989375
0.989375
0.989375
0.989375
5.12287e-318
0.988796
0.988785
0.988785
0.988785
0.988785
0.988785
0.988785
0.988785
5.12287e-318
0.990382
0.990382
0.990382
0.990382
0.990382
0.990382
0.990382
0.990382
5.12287e-318
0.989653
0.990231
0.989653
0.989653
0.989653
0.989653
0.989653
0.989653
5.12287e-318
0.99
0.99
0.99
0.99
0.99
0.99
0.99
0.99
5.12287e-318
0.991898
0.991898
0.991898
0.991898
0.991921
0.992245
0.99191
0.991898
5.12287e-318
0.99184
0.9925
0.991863
0.99184
0.99184
0.99184
0.99184
0.99184
5.12287e-318
0.992049
0.992014
0.992014
0.992014
0.992014
0.992014
0.992014
0.992014
5.12287e-318
0.989444
0.989444
0.989444
0.989444
0.989468
0.989444
0.989444
0.989444
5.12287e-318
0.988819
0.988819
0.988889
0.988843
0.988866
0.988843
0.988819
0.988819
5.12287e-318
0.988819
0.988264
0.988264
0.988264
0.988264
0.988264
0.988264
0.988264
5.12287e-318
0.988229
0.988229
0.988241
0.988229
0.988229
0.988229
0.988229
0.988229
5.12287e-318
0.986597
0.986597
0.986597
0.986597
0.986597
0.986597
0.986597
0.986609
5.12287e-318
0.984201
0.984201
0.984201
0.984201
0.984201
0.984201
0.984201
0.984201
5.12287e-318
0.982639
0.982639
0.982639
0.982639
0.982639
0.982639
0.982639
0.982639
5.12287e-318
0.98184
0.98184
0.98184
0.98184
0.981852
0.98184
0.98184
0.98184
5.12287e-318
0.983229
0.983229
0.983229
0.983229
0.983229
0.983229
0.983229
0.983229
5.12287e-318
0.98316
0.98316
0.98316
0.98316
0.98316
0.98316
0.98316
0.98316
5.12287e-318
0.982014
0.982014
0.982014
0.982014
0.982014
0.982014
0.982014
0.982014
5.12287e-318
0.981597
0.981597
0.981597
0.981609
0.981597
0.981597
0.981597
0.981609
5.12287e-318
0.982569
0.982569
0.982569
0.982569
0.982569
0.982569
0.982569
0.982569
5.12287e-318
0.983021
0.983021
0.983021
0.983021
0.983021
0.983021
0.983021
0.983021
5.12287e-318
0.984317
0.984317
0.984317
0.984329
0.984317
0.984317
0.984317
0.984317
5.12287e-318
0.983611
0.983611
0.983611
0.983611
0.983611
0.983611
0.983611
0.983611
5.12287e-318
0.982326
0.982326
0.982326
0.98235
0.982326
0.982326
0.982326
0.982326
5.12287e-318
0.979931
0.979931
0.979942
0.979931
0.979931
0.979931
0.979931
0.979931
5.12287e-318
0.980243
0.980243
0.980243
0.980243
0.980243
0.980243
0.980243
0.980243
5.12287e-318
0.982535
0.982546
0.982535
0.982535
0.982535
0.982535
0.982535
0.982535
5.12287e-318
0.981875
0.981875
0.981875
0.981875
0.981875
0.981875
0.981875
0.981875
5.12287e-318
0.981806
0.981806
0.981806
0.981806
0.981806
0.981806
0.981806
0.981817
5.12287e-318
0.982269
0.982257
0.982257
0.982257
0.982257
0.982257
0.982257
0.982257
5.12287e-318
0.981632
0.981632
0.981632
0.981632
0.981632
0.981632
0.981632
0.981644
5.12287e-318
0.980498
0.980451
0.980451
0.980451
0.980475
0.980451
0.980451
0.980475
5.12287e-318
0.977708
0.977708
0.97772
0.977708
0.977708
0.97772
0.977708
0.977708
5.12287e-318
0.976736
0.976736
0.976736
0.976736
0.976736
0.976759
0.976736
0.976748
5.12287e-318
