0.0501736
0.0501736
0.0501736
0
0.086331
0.0881019
0.0866898
0
0.115324
0.114491
0.114491
0
0.130949
0.130324
0.129873
0
0.152512
0.151331
0.149977
0
0.151377
0.150995
0.15103
0
0.156366
0.156331
0.156192
0
0.164421
0.164074
0.163796
0
0.163762
0.16338
0.163275
0
0.164734
0.164421
0.164282
0
0.162894
0.162697
0.162581
0
0.160475
0.160081
0.159734
0
0.157963
0.15772
0.15765
0
0.169039
0.168241
0.168009
0
0.177512
0.176609
0.176678
0
0.182477
0.181852
0.182199
0
0.176435
0.175463
0.17588
0
0.174352
0.174606
0.173588
0
0.168993
0.168935
0.167569
0
0.168993
0.168623
0.168056
0
0.17816
0.1775
0.177396
0
0.208507
0.207234
0.20691
0
0.246505
0.244734
0.243588
0
0.281701
0.281215
0.278542
0
0.291701
0.290625
0.290104
0
0.3
0.299306
0.299201
0
0.29397
0.293032
0.292963
0
0.272431
0.270671
0.270139
0
0.27125
0.269271
0.268368
0
0.260012
0.258229
0.25875
0
0.260243
0.259479
0.259132
0
0.260208
0.259375
0.25875
0
0.265764
0.264722
0.264722
0
0.268646
0.267361
0.266528
0
0.270521
0.269653
0.268507
0
0.267014
0.265729
0.263924
0
0.261458
0.259896
0.259826
0
0.253194
0.252396
0.251424
0
0.247002
0.246273
0.244641
0
0.241042
0.240278
0.239722
0
0.23316
0.232743
0.231701
0
0.228113
0.227315
0.226273
0
0.227488
0.225822
0.226655
0
0.219907
0.219988
0.21875
0
0.216458
0.216181
0.215
0
0.212951
0.210556
0.211458
0
0.205972
0.205243
0.204687
0
0.201667
0.199931
0.199757
0
0.201806
0.201979
0.200451
0
0.198333
0.197187
0.195868
0
0.19566
0.193438
0.193681
0
0.190938
0.19066
0.190799
0
0.191042
0.190174
0.189306
0
0.187743
0.186701
0.185799
0
0.189433
0.188912
0.187975
0
0.184306
0.183958
0.182847
0
0.18059
0.180903
0.180903
0
0.178854
0.177639
0.177604
0
0.176806
0.174167
0.176007
0
0.168958
0.167813
0.167222
0
0.167882
0.167569
0.165764
0
0.169375
0.165069
0.166701
0
0.162292
0.160833
0.158889
0
0.158438
0.158438
0.158657
0
0.158669
0.158889
0.158669
0
0.159201
0.159201
0.159421
0
0.159132
0.159132
0.159352
0
0.157569
0.157569
0.157789
0
0.158299
0.158299
0.158519
0
0.163345
0.163125
0.163125
0
0.1714
0.171181
0.171181
0
0.179282
0.179063
0.179063
0
0.178299
0.178299
0.178519
0
0.173229
0.173229
0.173449
0
0.16963
0.16963
0.16985
0
0.163356
0.163137
0.163137
0
0.161921
0.161921
0.162141
0
0.163137
0.163356
0.163137
0
0.162963
0.162743
0.162743
0
0.155208
0.155208
0.155428
0
0.153993
0.153993
0.154213
0
0.154965
0.154965
0.155185
0
0.155394
0.155174
0.155174
0
0.155764
0.155938
0.155718
0
0.156898
0.156898
0.157118
0
0.15919
0.15941
0.159236
0
0.160602
0.160382
0.160394
0
0.157407
0.157627
0.157847
0
0.157396
0.157616
0.157396
0
0.158137
0.157986
0.157917
0
0.159387
0.16294
0.159167
0
0.158981
0.159016
0.159201
0
0.162488
0.162488
0.162708
0
0.162975
0.162975
0.163194
0
0.162106
0.162326
0.162106
0
0.162431
0.162211
0.162211
0
0.166088
0.165868
0.165868
0
0.169271
0.169491
0.169271
0
0.170891
0.170671
0.170671
0
0.172975
0.173194
0.172975
0
0.176829
0.176829
0.177049
0
0.187419
0.187639
0.187442
0
0.208472
0.208692
0.208495
0
0.229213
0.228993
0.228993
0
0.235891
0.235891
0.236111
0
0.253634
0.253414
0.253414
0
0.274468
0.274248
0.274248
0
0.29375
0.292431
0.292569
0
0.321285
0.319444
0.319167
0
0.339896
0.338264
0.337187
0
0.352535
0.351736
0.350382
0
0.388993
0.38625
0.387153
0
0.394028
0.391528
0.391146
0
0.398646
0.397083
0.395972
0
0.410694
0.409653
0.408958
0
0.417674
0.416667
0.416076
0
0.419595
0.41875
0.41713
0
0.435903
0.434792
0.433125
0
0.434815
0.433356
0.431308
0
0.430937
0.429306
0.430174
0
0.429688
0.429306
0.427951
0
0.427778
0.426563
0.425833
0
0.423669
0.42235
0.422801
0
0.431181
0.427326
0.426563
0
0.426215
0.425312
0.425903
0
0.434699
0.434213
0.433623
0
0.447535
0.446632
0.445278
0
0.4575
0.455799
0.456424
0
0.464306
0.462014
0.462847
0
0.488854
0.485625
0.485521
0
0.488889
0.487257
0.486007
0
0.488125
0.48625
0.486007
0
0.489271
0.48691
0.487778
0
0.491308
0.488495
0.49044
0
0.489549
0.488125
0.486944
0
0.49375
0.4925
0.491042
0
0.509236
0.506042
0.503368
0
0.50478
0.50235
0.500162
0
0.493021
0.491806
0.489653
0
0.488819
0.486319
0.48434
0
0.485556
0.483646
0.482083
0
0.490243
0.487986
0.48809
0
0.489861
0.486007
0.487639
0
0.488403
0.485208
0.486667
0
0.490521
0.488854
0.487118
0
0.492986
0.490451
0.488646
0
0.49184
0.489826
0.486806
0
0.491829
0.489329
0.489641
0
0.512523
0.511169
0.507731
0
0.512025
0.509988
0.508275
0
0.51265
0.50956
0.506991
0
0.520127
0.516204
0.514294
0
0.524815
0.521273
0.521794
0
0.529433
0.525266
0.524363
0
0.565266
0.560336
0.557975
0
0.553113
0.547627
0.549653
0
0.546586
0.543669
0.546065
0
0.548495
0.544086
0.546308
0
0.53985
0.538322
0.5361
0
0.534433
0.53463
0.53441
0
0.533588
0.533391
0.533368
0
0.541806
0.538646
0.532894
0
0.536782
0.536563
0.536563
0
0.542361
0.542581
0.542361
0
0.544514
0.544514
0.544734
0
0.545937
0.546157
0.545984
0
0.546956
0.54713
0.54691
0
0.541181
0.5414
0.541204
0
0.541424
0.541644
0.541424
0
0.5439
0.543681
0.543681
0
0.544965
0.544965
0.545185
0
0.544722
0.544722
0.544942
0
0.546644
0.546424
0.546424
0
0.54713
0.54691
0.54691
0
0.548368
0.548588
0.548368
0
0.547859
0.547662
0.547639
0
0.548727
0.548507
0.548507
0
0.550243
0.550463
0.550243
0
0.551991
0.551771
0.551771
0
0.546875
0.546875
0.547095
0
0.547373
0.547153
0.547164
0
0.546539
0.546319
0.546331
0
0.548218
0.548194
0.548414
0
0.545671
0.545451
0.545463
0
0.544942
0.544722
0.544734
0
0.544965
0.544988
0.545185
0
0.54037
0.54059
0.54037
0
0.539965
0.539769
0.539745
0
0.540012
0.539988
0.540208
0
0.540856
0.541076
0.540856
0
0.538889
0.538669
0.538669
0
0.538669
0.538669
0.538889
0
0.534109
0.534086
0.534306
0
0.535544
0.535567
0.535764
0
0.535926
0.535961
0.536146
0
0.539711
0.539931
0.539722
0
0.536968
0.536968
0.537188
0
0.542153
0.541933
0.541933
0
0.541898
0.542118
0.541898
0
0.548252
0.548252
0.548472
0
0.55287
0.55309
0.55287
0
0.557315
0.557535
0.557315
0
0.564294
0.564514
0.564294
0
0.570995
0.570995
0.571215
0
0.583438
0.583438
0.583657
0
0.584213
0.583993
0.584005
0
0.587106
0.586887
0.586887
0
0.58941
0.58963
0.589421
0
0.587326
0.587326
0.587546
0
0.587234
0.587234
0.587454
0
0.587083
0.587303
0.587083
0
0.583912
0.583692
0.583692
0
0.583981
0.584201
0.583981
0
0.58544
0.58566
0.58544
0
0.584745
0.584965
0.584745
0
0.585197
0.585417
0.585197
0
0.58463
0.58441
0.58441
0
0.583241
0.583461
0.583241
0
0.583148
0.582928
0.582928
0
0.577211
0.577014
0.576991
0
0.579387
0.579363
0.579583
0
0.579907
0.580104
0.579884
0
0.580417
0.580637
0.580417
0
0.581979
0.581979
0.582199
0
0.583507
0.583507
0.583727
0
0.584109
0.583889
0.583889
0
0.580602
0.580579
0.580799
0
0.581053
0.581273
0.581076
0
0.579074
0.579097
0.579294
0
0.577373
0.577153
0.577176
0
0.576991
0.576968
0.577187
0
0.577419
0.577199
0.577222
0
0.579201
0.579201
0.579421
0
0.581238
0.581215
0.581435
0
0.585231
0.585428
0.585208
0
0.585313
0.585324
0.585532
0
0.585289
0.585289
0.585509
0
0.585752
0.585532
0.585532
0
0.582535
0.582315
0.582373
0
0.582095
0.582315
0.582153
0
0.583229
0.583056
0.583009
0
0.583785
0.583588
0.583565
0
0.58419
0.58441
0.584213
0
0.586632
0.586435
0.586412
0
0.579838
0.580058
0.57985
0
0.581806
0.582025
0.581806
0
0.580833
0.581053
0.580833
0
0.581771
0.581991
0.581771
0
0.582049
0.582049
0.582269
0
0.583229
0.583449
0.583229
0
0.584155
0.584375
0.584155
0
0.581204
0.581424
0.581227
0
0.577187
0.577014
0.576968
0
0.579398
0.579398
0.579618
0
0.578854
0.579074
0.578854
0
0.578414
0.578194
0.578218
0
0.578519
0.578299
0.578299
0
0.577847
0.578067
0.577847
0
0.571088
0.571308
0.571088
0
0.573426
0.573206
0.573206
0
0.573912
0.573692
0.573692
0
0.574826
0.575046
0.574826
0
0.575729
0.575949
0.575729
0
0.575903
0.575903
0.576123
0
0.575475
0.575255
0.575255
0
0.573252
0.573032
0.573056
0
0.573333
0.573553
0.573333
0
0.573866
0.573866
0.577593
0
0.573287
0.577014
0.573287
0
0.572986
0.572766
0.572766
0
0.57294
0.57316
0.57294
0
0.570914
0.571134
0.570914
0
0.572303
0.572303
0.572523
0
0.574815
0.574803
0.575023
0
0.574178
0.574178
0.574178
0
0.574525
0.574525
0.574525
0
0.574699
0.574699
0.574699
0
0.5689
0.568912
0.5689
0
0.570324
0.570324
0.570324
0
0.569109
0.569109
0.569109
0
0.569178
0.569178
0.569178
0
0.571782
0.571713
0.571713
0
0.572928
0.572928
0.572928
0
0.573877
0.573877
0.573877
0
0.573981
0.573981
0.574028
0
0.575961
0.575961
0.576007
0
0.575289
0.575266
0.575266
0
0.574873
0.57485
0.57485
0
0.572731
0.572731
0.572731
0
0.574363
0.574363
0.574363
0
0.569792
0.569769
0.569769
0
0.569132
0.569132
0.569132
0
0.569606
0.569606
0.56963
0
0.570683
0.570683
0.570683
0
0.569618
0.569618
0.56963
0
0.570937
0.570949
0.570937
0
0.574329
0.574329
0.574352
0
0.578264
0.574537
0.574537
0
0.574884
0.578611
0.574907
0
0.57537
0.575394
0.57537
0
0.576377
0.5764
0.576377
0
0.576863
0.576863
0.576887
0
0.572801
0.572801
0.572801
0
0.573287
0.573287
0.57331
0
0.573727
0.573727
0.573773
0
0.573866
0.573831
0.573831
0
0.57463
0.57463
0.57463
0
0.575567
0.575567
0.575567
0
0.574097
0.574074
0.574074
0
0.576123
0.576123
0.576123
0
0.578218
0.578218
0.578218
0
0.577697
0.577697
0.577697
0
0.575752
0.575752
0.575752
0
0.575961
0.575961
0.575961
0
0.576065
0.576065
0.576065
0
0.575914
0.575914
0.575914
0
0.576019
0.576019
0.576019
0
0.577824
0.577824
0.577836
0
0.581157
0.581157
0.581157
0
0.582789
0.582789
0.582789
0
0.581551
0.581551
0.581551
0
0.581319
0.581296
0.581296
0
0.584352
0.584352
0.584352
0
0.5839
0.5839
0.5839
0
0.586192
0.586192
0.586192
0
0.584734
0.584734
0.584734
0
0.582755
0.582755
0.582755
0
0.575521
0.575521
0.575544
0
0.573646
0.573611
0.573611
0
0.572396
0.572396
0.572431
0
0.573495
0.573495
0.573507
0
0.573762
0.57375
0.57375
0
0.574132
0.574132
0.574132
0
0.572257
0.572269
0.572257
0
0.575382
0.575382
0.575382
0
0.578333
0.578333
0.578333
0
0.581319
0.581308
0.581308
0
0.583947
0.583947
0.583947
0
0.586134
0.586123
0.586123
0
0.588449
0.588449
0.588449
0
0.584861
0.584861
0.584861
0
0.582731
0.582731
0.582731
0
0.583681
0.583681
0.583681
0
0.584479
0.584479
0.584479
0
0.582812
0.582812
0.582812
0
0.578924
0.578924
0.578924
0
0.570926
0.57088
0.57088
0
0.567627
0.56765
0.567627
0
0.56728
0.56728
0.56728
0
0.564109
0.564109
0.564109
0
0.564861
0.564861
0.564861
0
0.565949
0.565949
0.565949
0
0.565556
0.565602
0.565556
0
0.568831
0.568831
0.568831
0
0.569676
0.569676
0.569676
0
0.572928
0.572928
0.572928
0
0.580775
0.580775
0.580787
0
0.589213
0.589213
0.589236
0
0.596551
0.596551
0.596551
0
0.6086
0.6086
0.6086
0
0.615035
0.615023
0.615023
0
0.622176
0.622176
0.622176
0
0.632998
0.632998
0.632998
0
0.643183
0.643183
0.643183
0
0.64603
0.64603
0.64603
0
0.641354
0.6414
0.641354
0
0.640197
0.640197
0.640197
0
0.635139
0.635139
0.635139
0
0.632373
0.632373
0.632396
0
0.62456
0.62456
0.62456
0
0.618935
0.618935
0.618958
0
0.619537
0.619537
0.619537
0
0.62022
0.62022
0.62022
0
0.61684
0.616817
0.616817
0
0.615116
0.611748
0.611794
0
0.631597
0.625984
0.62647
0
0.641308
0.632824
0.636516
0
0.659757
0.651065
0.650174
0
0.680752
0.67022
0.670162
0
0.696146
0.69037
0.690868
0
0.712257
0.706667
0.702627
0
0.720984
0.717373
0.717257
0
0.733079
0.730058
0.729491
0
0.750046
0.743519
0.743125
0
0.725567
0.719803
0.716736
0
0.751157
0.743519
0.743403
0
0.75713
0.75191
0.751921
0
0.770509
0.760984
0.763148
0
0.784086
0.777326
0.779549
0
0.783148
0.778241
0.779873
0
0.797106
0.790625
0.79309
0
0.793009
0.78684
0.788889
0
0.809792
0.803657
0.805347
0
0.803264
0.800312
0.800301
0
0.79419
0.791597
0.789792
0
0.785799
0.781991
0.781053
0
0.773576
0.769803
0.770428
0
0.766875
0.761574
0.762303
0
0.766609
0.7625
0.760081
0
0.766898
0.76184
0.759236
0
0.798588
0.791597
0.790602
0
0.815775
0.808819
0.807824
0
0.806852
0.803032
0.798993
0
0.802083
0.79772
0.795775
0
0.79331
0.785451
0.784838
0
0.784132
0.781053
0.778102
0
0.785845
0.780359
0.782986
0
0.794398
0.788738
0.78956
0
0.793287
0.789549
0.788611
0
0.773183
0.766875
0.764861
0
0.740625
0.734167
0.734954
0
0.707616
0.701852
0.701875
0
0.69875
0.693206
0.69081
0
0.694514
0.688414
0.689039
0
0.686458
0.68265
0.68022
0
0.694086
0.687778
0.685799
0
0.69934
0.692164
0.691366
0
0.700174
0.694664
0.691262
0
0.669595
0.663403
0.663854
0
0.688264
0.682477
0.680127
0
0.704456
0.697442
0.695556
0
0.707743
0.699931
0.69706
0
0.702604
0.696157
0.692361
0
0.727639
0.720972
0.722338
0
0.741667
0.734502
0.731944
0
0.748785
0.742234
0.741215
0
0.741771
0.732824
0.73588
0
0.734433
0.731319
0.72978
0
0.729236
0.724954
0.722662
0
0.740822
0.735949
0.734977
0
0.710498
0.704792
0.705104
0
0.696667
0.692106
0.69162
0
0.696713
0.692106
0.686956
0
0.722674
0.713519
0.710694
0
0.721528
0.711053
0.706146
0
0.756319
0.74625
0.74338
0
0.774757
0.767789
0.763437
0
0.781412
0.777604
0.776933
0
0.780648
0.772593
0.769792
0
0.769433
0.762755
0.757928
0
0.758495
0.752025
0.748519
0
0.73544
0.726343
0.726586
0
0.719618
0.711887
0.711308
0
0.714086
0.700081
0.704838
0
0.698484
0.691586
0.686343
0
0.685336
0.681262
0.67669
0
0.671389
0.665914
0.659757
0
0.659803
0.653947
0.649352
0
0.63809
0.632442
0.627361
0
0.634861
0.622581
0.626528
0
0.62735
0.616007
0.617627
0
0.635336
0.628218
0.624236
0
0.634225
0.624525
0.618171
0
0.61316
0.604595
0.604549
0
0.590579
0.5814
0.574387
0
0.57831
0.571007
0.565035
0
0.570833
0.562442
0.563056
0
0.565764
0.557465
0.553692
0
0.563692
0.55265
0.554815
0
0.539398
0.525498
0.53272
0
0.514294
0.501157
0.506262
0
0.486076
0.477836
0.478009
0
0.45934
0.451863
0.451968
0
0.42897
0.423299
0.423611
0
0.431806
0.423044
0.425613
0
0.427558
0.422569
0.418646
0
0.428588
0.425856
0.420498
0
0.439884
0.431447
0.42985
0
0.43397
0.430706
0.430995
0
0.455856
0.453507
0.447627
0
0.498449
0.49103
0.493715
0
0.542477
0.538229
0.538681
0
0.564954
0.559664
0.562512
0
0.577269
0.576273
0.572269
0
0.578449
0.572593
0.568044
0
0.604144
0.601343
0.598866
0
0.609028
0.602789
0.602812
0
0.574063
0.567014
0.567269
0
0.551389
0.547164
0.543958
0
0.515938
0.511667
0.509942
0
0.489271
0.484803
0.481875
0
0.452049
0.448403
0.447546
0
0.432604
0.427639
0.42647
0
0.397859
0.391701
0.394132
0
0.374745
0.370833
0.367419
0
0.367488
0.364051
0.362465
0
0.345637
0.342187
0.339201
0
0.314792
0.3125
0.313032
0
0.280764
0.27691
0.277338
0
0.245995
0.244178
0.239803
0
0.219225
0.217373
0.216956
0
0.193171
0.189375
0.187049
0
0.173889
0.167905
0.171285
0
0.161319
0.158345
0.155833
0
0.157442
0.157025
0.155475
0
0.152789
0.151863
0.148542
0
0.157176
0.153391
0.153738
0
0.144051
0.141354
0.143044
0
0.137396
0.13684
0.134352
0
0.128553
0.128044
0.125046
0
0.162095
0.158993
0.157569
0
0.223773
0.220752
0.218715
0
0.292431
0.290451
0.28816
0
0.36125
0.358808
0.358287
0
0.436204
0.42963
0.426898
0
0.470266
0.468137
0.467488
0
0.488773
0.487049
0.486736
0
0.473542
0.470729
0.470012
0
0.463345
0.456181
0.45434
0
0.405313
0.400671
0.402465
0
0.349838
0.346389
0.346806
0
0.332014
0.329468
0.328773
0
0.285
0.284711
0.282095
0
0.244502
0.240012
0.241736
0
0.214444
0.212685
0.212431
0
0.180544
0.179063
0.178854
0
0.148866
0.146354
0.145625
0
0.116968
0.116644
0.11647
0
0.0862847
0.0830556
0.0824074
0
0.0665625
0.0670949
0.0636458
0
0.0591667
0.0596991
0.0605208
0
0.0635764
0.0608218
0.0591667
0
0.0534491
0.0540162
0.0512269
0
0.0500694
0.0489931
0.0484144
0
0.0558449
0.055081
0.0538194
0
0.0790972
0.0759606
0.0758565
0
0.10706
0.10441
0.102639
0
0.146169
0.142859
0.141366
0
0.174618
0.171389
0.170081
0
0.205868
0.201285
0.202789
0
0.248924
0.239931
0.240637
0
0.29625
0.291019
0.287326
0
0.307535
0.302986
0.303935
0
0.330787
0.327361
0.32537
0
0.333426
0.328241
0.32588
0
0.331435
0.325625
0.327986
0
0.327083
0.323333
0.322512
0
0.309688
0.305278
0.303044
0
0.303206
0.298611
0.296597
0
0.301759
0.301053
0.298993
0
0.291528
0.288542
0.288449
0
0.282083
0.280347
0.279803
0
0.251215
0.250081
0.252523
0
0.21044
0.21044
0.210208
0
0.175671
0.176447
0.175567
0
0.141944
0.141597
0.142685
0
0.108553
0.108495
0.108495
0
0.0782639
0.0789352
0.0774306
0
0.0515278
0.0528009
0.0514352
0
0.0361227
0.0345486
0.0342014
0
0.0247685
0.0246528
0.0238542
0
0.0158681
0.0166435
0.0164583
0
0.0159722
0.0161458
0.0162963
0
0.014213
0.0153819
0.0131597
0
0.0122917
0.0104514
0.011331
0
0.0104167
0.0115972
0.0106366
0
0.00885417
0.0114931
0.00966435
0
0.00829861
0.0113889
0.00980324
0
0.0104167
0.00833333
0.00983796
0
0.005625
0.00671296
0.00819444
0
0.00472222
0.00673611
0.00528935
0
0.00556713
0.00684028
0.00458333
0
0.00760417
0.00569444
0.00594907
0
0.00798611
0.00653935
0.00597222
0
0.00836806
0.00702546
0.00642361
0
0.0069213
0.00826389
0.00638889
0
0.0157755
0.0169097
0.0149306
0
0.0400116
0.0380903
0.0401042
0
0.0539931
0.0534144
0.0547222
0
0.0670023
0.0642824
0.0662269
0
0.0765741
0.0733333
0.0750347
0
0.0773958
0.0745255
0.0763542
0
0.09
0.0848958
0.0849769
0
0.0858681
0.0832755
0.0819444
0
0.0970255
0.0946181
0.0954861
0
0.106944
0.105185
0.10691
0
0.0986458
0.0995139
0.0980671
0
0.0907986
0.0880671
0.0865625
0
0.0823958
0.0776736
0.078206
0
0.0712153
0.0704977
0.0712847
0
0.055625
0.0554282
0.0564583
0
0.0434722
0.0437616
0.0446528
0
0.040706
0.0385995
0.0379977
0
0.0325231
0.0331366
0.030463
0
0.0306829
0.0292824
0.0286921
0
0.0246875
0.0227083
0.0229282
0
0.0135764
0.0155556
0.0142477
0
0.0111806
0.010463
0.0125347
0
0.00850694
0.0100347
0.00827546
0
0.0104977
0.00916667
0.0110417
0
0.0141782
0.0150694
0.0130903
0
0.0179977
0.0171528
0.0190972
0
0.0198958
0.0173611
0.0181019
0
0.016956
0.0183681
0.0164236
0
0.0189236
0.0174421
0.0169792
0
0.0130324
0.0139236
0.0119792
0
0.0451157
0.0422222
0.0441319
0
0.0674306
0.0658102
0.0670139
0
0.0714931
0.0686921
0.0703819
0
0.069375
0.0695833
0.0677894
0
0.0708102
0.0685417
0.0702431
0
0.0783333
0.0793056
0.0781019
0
0.0791319
0.0776505
0.0764583
0
0.0586227
0.0565856
0.0569792
0
0.0401736
0.0386806
0.0392824
0
0.0165972
0.0152546
0.0146528
0
0.000416667
0.00056713
0.00194444
0
0.00640046
0.00559028
0.00753472
0
0.0322222
0.0336111
0.0323032
0
0.0419097
0.039375
0.0398727
0
0.0444792
0.0422569
0.0427546
0
0.0491319
0.0505208
0.0491088
0
0.0546991
0.0554514
0.0535069
0
0.0569792
0.0588889
0.0574421
0
0.0587847
0.0604861
0.0592477
0
0.0504514
0.0485069
0.0487616
0
0.0326736
0.0326736
0.0334144
0
0.0176736
0.0182407
0.0176389
0
0.00571759
0.00568287
0.00628472
0
0.0103588
0.00981481
0.00947917
0
0.0140972
0.0142477
0.0136111
0
0.0159375
0.0155556
0.0160532
0
0.0173264
0.0176157
0.0167708
0
0.0210532
0.0203472
0.0204167
0
0.0228472
0.0233796
0.0222917
0
0.0242361
0.0242708
0.024838
0
0.0223032
0.0217014
0.0216319
0
0.0351157
0.0340278
0.0346296
0
0.055081
0.0535069
0.0532986
0
0.0590625
0.0564931
0.0571296
0
0.0666898
0.064456
0.0636806
0
0.0703125
0.0672338
0.06625
0
0.0741319
0.0723958
0.071956
0
0.0776042
0.0753125
0.0753588
0
0.0839931
0.0836806
0.0842477
0
0.087662
0.0877083
0.0874421
0
0.0854861
0.0860185
0.0848611
0
0.0743519
0.0736806
0.0727778
0
0.0503472
0.0504514
0.0507755
0
0.0267593
0.0267245
0.0272569
0
0.0103356
0.00983796
0.00966435
0
0.00184028
0.00180556
0.00240741
0
0.00145833
0.0019213
0.00145833
0
0.00195602
0.00163194
0.00165509
0
0.0015625
0.0015625
0.00199074
0
0.00152778
0.00188657
0.00152778
0
0.00185185
0.00145833
0.00145833
0
0.00209491
0.00166667
0.00166667
0
0.00219907
0.00166667
0.00166667
0
0.0015625
0.00212963
0.0015625
0
0.00159722
0.00206019
0.00159722
0
0.00219907
0.00190972
0.00190972
0
0.00194444
0.00194444
0.00194444
0
0.00177083
0.00219907
0.00177083
0
0.00185185
0.00173611
0.00173611
0
0.00163194
0.00174769
0.00163194
0
0.0176389
0.0174653
0.0177199
0
0.0361111
0.0362963
0.0356597
0
0.0426852
0.0419444
0.0418403
0
0.0630903
0.0611806
0.0616782
0
0.100984
0.0973958
0.0974653
0
0.133854
0.130625
0.131053
0
0.172153
0.168449
0.166875
0
0.182708
0.178299
0.177616
0
0.192014
0.188021
0.190775
0
0.190833
0.184965
0.186748
0
0.173588
0.172697
0.170498
0
0.177361
0.176748
0.176042
0
0.175289
0.172164
0.169792
0
0.162743
0.15831
0.160683
0
0.155451
0.154884
0.154907
0
0.143067
0.141655
0.141076
0
0.118738
0.116771
0.117234
0
0.0989931
0.0972801
0.0976505
0
0.0773611
0.0766898
0.0758796
0
0.0603472
0.0590046
0.0578704
0
0.0603241
0.0592593
0.05875
0
0.0609491
0.0600694
0.0599884
0
0.0643519
0.0637384
0.0617014
0
0.0610185
0.0603125
0.0603704
0
0.0633102
0.0610417
0.0612384
0
0.0659606
0.0662963
0.0658333
0
0.0815741
0.0809028
0.0808912
0
0.0951968
0.0945139
0.0940509
0
0.105498
0.10441
0.103576
0
0.109907
0.108889
0.108229
0
0.112789
0.111458
0.111562
0
0.120324
0.118611
0.11816
0
0.124549
0.123924
0.123657
0
0.128299
0.127442
0.127014
0
0.129583
0.128785
0.12897
0
0.134699
0.133368
0.133472
0
0.135185
0.133785
0.133264
0
0.138079
0.138437
0.137697
0
0.141424
0.140394
0.140208
0
0.147813
0.146111
0.147338
0
0.14691
0.145579
0.145405
0
0.147118
0.145903
0.146887
0
0.146956
0.145625
0.145035
0
0.148692
0.147917
0.1475
0
0.148576
0.146944
0.147963
0
0.146644
0.146933
0.146192
0
0.145486
0.144537
0.144537
0
0.145521
0.144583
0.145463
0
0.143993
0.143993
0.144248
0
0.144248
0.143299
0.143368
0
0.142708
0.142396
0.142095
0
0.139861
0.139456
0.138576
0
0.13941
0.139375
0.139491
0
0.137743
0.138414
0.136632
0
0.13375
0.133854
0.133796
0
0.132442
0.130903
0.131111
0
0.137581
0.136076
0.134583
0
0.149178
0.148368
0.148287
0
0.137639
0.138414
0.136424
0
0.128611
0.126215
0.127338
0
0.123993
0.123611
0.122894
0
0.123299
0.122465
0.12206
0
0.121493
0.119977
0.118299
0
0.114757
0.113935
0.112708
0
0.120035
0.118657
0.119375
0
0.12191
0.120347
0.119873
0
0.123206
0.120694
0.121458
0
0.118507
0.1164
0.116111
0
0.115671
0.114931
0.114421
0
0.111007
0.110845
0.110278
0
0.112465
0.110787
0.111366
0
0.115116
0.112951
0.111875
0
0.110556
0.109769
0.109306
0
0.105984
0.104896
0.103403
0
0.104699
0.10316
0.103403
0
0.101979
0.10191
0.104039
0
0.102188
0.101053
0.101215
0
0.108831
0.107153
0.106563
0
0.10265
0.101991
0.101146
0
0.113843
0.111644
0.111146
0
0.129873
0.128507
0.129329
0
0.154433
0.150741
0.15206
0
0.172708
0.172269
0.172153
0
0.193125
0.191644
0.190914
0
0.234803
0.231146
0.22941
0
0.255521
0.252951
0.252269
0
0.27647
0.272639
0.271736
0
0.298854
0.295556
0.295498
0
0.314074
0.31184
0.311042
0
0.329618
0.326991
0.327813
0
0.398056
0.394051
0.390266
0
0.404757
0.402847
0.401817
0
0.414942
0.412674
0.409896
0
0.452535
0.450359
0.447188
0
0.469942
0.466007
0.463681
0
0.491088
0.487083
0.484271
0
0.548438
0.539769
0.542535
0
0.58037
0.577975
0.581146
0
0.603264
0.596968
0.598704
0
0.622338
0.619757
0.61691
0
0.639178
0.635069
0.632812
0
0.650625
0.64706
0.645521
0
0.672118
0.670174
0.670046
0
0.661447
0.658021
0.657801
0
0.649086
0.648438
0.646516
0
0.648333
0.64603
0.6436
0
0.647292
0.645093
0.643947
0
0.645938
0.640162
0.640961
0
0.650683
0.646493
0.647975
0
0.662222
0.661563
0.658345
0
0.661979
0.65978
0.65831
0
0.661771
0.65434
0.656817
0
0.659109
0.655
0.651493
0
0.64853
0.645417
0.642245
0
0.645671
0.63934
0.64265
0
0.647454
0.64375
0.64397
0
0.642396
0.636806
0.638519
0
0.640613
0.634873
0.636701
0
0.627801
0.622095
0.622789
0
0.618461
0.613345
0.611609
0
0.605602
0.599873
0.596516
0
0.600243
0.593356
0.589745
0
0.582164
0.57875
0.57331
0
0.571701
0.567153
0.560683
0
0.550174
0.54441
0.544572
0
0.533785
0.529664
0.523912
0
0.521273
0.51463
0.512708
0
0.521991
0.513993
0.508495
0
0.500706
0.495961
0.492118
0
0.486493
0.480822
0.478866
0
0.475069
0.475069
0.475069
0
0.47897
0.47897
0.47897
0
0.482755
0.482755
0.482755
0
0.488993
0.488993
0.488993
0
0.490336
0.490336
0.490336
0
0.490451
0.490451
0.490451
0
0.489097
0.489097
0.489097
0
0.489792
0.489792
0.489792
0
0.49044
0.49044
0.49044
0
0.487593
0.487593
0.487593
0
0.492731
0.492731
0.492731
0
0.498403
0.498403
0.498403
0
0.50419
0.50419
0.50419
0
0.504375
0.504375
0.504375
0
0.505139
0.505139
0.505139
0
0.506644
0.506644
0.506644
0
0.508773
0.508773
0.508773
0
0.509028
0.509028
0.509028
0
0.509653
0.509653
0.509653
0
0.510104
0.510104
0.510104
0
0.510856
0.510856
0.510856
0
0.510498
0.510498
0.510498
0
0.509306
0.509306
0.509306
0
0.508773
0.508773
0.508773
0
0.5089
0.5089
0.5089
0
0.508646
0.508646
0.508646
0
0.508785
0.508785
0.508785
0
0.5075
0.5075
0.5075
0
0.508796
0.508796
0.508796
0
0.511296
0.511296
0.511296
0
0.511088
0.511088
0.511088
0
0.511435
0.511435
0.511435
0
0.512755
0.512755
0.512755
0
0.512963
0.512963
0.512963
0
0.512801
0.512801
0.512801
0
0.512431
0.512431
0.512431
0
0.512407
0.512407
0.512407
0
0.512269
0.512269
0.512269
0
0.511875
0.511875
0.512384
0
0.511273
0.511273
0.511829
0
0.511134
0.511134
0.511134
0
0.513229
0.513229
0.513229
0
0.509965
0.509965
0.510231
0
0.507523
0.507523
0.507523
0
0.505243
0.505243
0.505243
0
0.506389
0.506389
0.506389
0
0.507257
0.507257
0.507257
0
0.501528
0.501528
0.501528
0
0.501563
0.501563
0.501563
0
0.502951
0.502951
0.502951
0
0.500486
0.500486
0.500486
0
0.498576
0.498576
0.498576
0
0.499479
0.499479
0.499479
0
0.50059
0.50059
0.50059
0
0.500417
0.500417
0.500417
0
0.49875
0.49875
0.49875
0
0.495937
0.495937
0.495937
0
0.495833
0.495833
0.495833
0
0.496042
0.496042
0.496042
0
0.495903
0.495903
0.495903
0
0.497292
0.497292
0.497292
0
0.498437
0.498437
0.498437
0
0.499479
0.499479
0.499479
0
0.500104
0.500104
0.500104
0
0.503125
0.503125
0.503125
0
0.506667
0.506667
0.506667
0
0.505903
0.505903
0.505903
0
0.505451
0.505451
0.505451
0
0.505069
0.505069
0.505069
0
0.504861
0.504861
0.504861
0
0.504375
0.504375
0.504375
0
0.505069
0.505069
0.505069
0
0.512396
0.512396
0.512396
0
0.511667
0.511667
0.511667
0
0.512604
0.512604
0.512604
0
0.513194
0.513194
0.513194
0
0.514306
0.514306
0.514306
0
0.514861
0.514861
0.514861
0
0.514757
0.514757
0.514757
0
0.516285
0.516285
0.516308
0
0.515035
0.515058
0.515035
0
0.511493
0.511493
0.511493
0
0.507986
0.507986
0.507986
0
0.507604
0.507604
0.507604
0
0.507708
0.507708
0.507708
0
0.50919
0.50919
0.50919
0
0.509132
0.509132
0.509132
0
0.508681
0.508681
0.508681
0
0.509236
0.509236
0.509236
0
0.509896
0.509896
0.509896
0
0.509132
0.509132
0.509132
0
0.510243
0.510243
0.510243
0
0.509479
0.509479
0.509479
0
0.508854
0.508854
0.508854
0
0.50809
0.50809
0.50809
0
0.508368
0.508368
0.508368
0
0.510451
0.508229
0.508229
0
0.505521
0.505521
0.505521
0
0.505174
0.505174
0.505174
0
0.506667
0.506667
0.506667
0
0.509479
0.509479
0.509479
0
0.511389
0.511389
0.511389
0
0.512639
0.512639
0.512639
0
0.512639
0.512639
0.512639
0
0.51184
0.51184
0.51184
0
0.509757
0.509757
0.509757
0
0.513495
0.513495
0.513542
0
0.512882
0.512882
0.512882
0
0.513958
0.513958
0.514988
0
0.51559
0.51559
0.51559
0
0.517604
0.517604
0.517604
0
0.516042
0.516042
0.516042
0
0.513819
0.513819
0.513819
0
0.510521
0.510521
0.510521
0
0.509722
0.509722
0.509734
0
0.512917
0.512917
0.512917
0
0.514201
0.514201
0.514201
0
0.516447
0.516447
0.516447
0
0.518426
0.518437
0.518426
0
0.520972
0.520984
0.520972
0
0.517986
0.517986
0.517986
0
0.517072
0.51706
0.51706
0
0.519734
0.519722
0.519722
0
0.521111
0.521111
0.521111
0
0.51985
0.51985
0.51985
0
0.518171
0.518171
0.518171
0
0.517488
0.517488
0.5175
0
0.514549
0.514549
0.514549
0
0.512222
0.512222
0.512222
0
0.510521
0.510521
0.510521
0
0.510266
0.510266
0.510266
0
0.507604
0.507604
0.507604
0
0.506794
0.506794
0.506794
0
0.507222
0.507222
0.507222
0
0.506829
0.506817
0.506806
0
0.508368
0.508368
0.508368
0
0.507778
0.507778
0.507778
0
0.508576
0.508576
0.508576
0
0.508229
0.508229
0.508229
0
0.510104
0.510104
0.510127
0
0.510243
0.510243
0.510243
0
0.511111
0.511111
0.511111
0
0.51059
0.51059
0.510602
0
0.506528
0.506551
0.506528
0
0.505903
0.505903
0.505903
0
0.505278
0.505289
0.505278
0
0.503819
0.503831
0.503819
0
0.502917
0.502917
0.502917
0
0.500694
0.500694
0.500694
0
0.499375
0.499375
0.499375
0
0.497361
0.497361
0.497384
0
0.495972
0.495972
0.495972
0
0.495856
0.495833
0.495833
0
0.494815
0.494792
0.494792
0
0.493264
0.493264
0.493287
0
0.490799
0.490799
0.490799
0
0.489236
0.489236
0.489236
0
0.492326
0.492326
0.492326
0
0.495498
0.495486
0.495486
0
0.498854
0.498866
0.498866
0
0.501597
0.501597
0.501597
0
0.503924
0.503924
0.503924
0
0.506412
0.506412
0.506412
0
0.508565
0.508565
0.508565
0
0.51
0.51
0.51
0
0.509583
0.509583
0.509583
0
0.512118
0.512118
0.512118
0
0.51191
0.51191
0.51191
0
0.520451
0.520451
0.52044
0
0.52103
0.52103
0.52103
0
0.522465
0.522454
0.522454
0
0.525243
0.525243
0.525255
0
0.527257
0.52728
0.527257
0
0.52875
0.52875
0.528773
0
0.53066
0.53066
0.53066
0
0.531898
0.531898
0.531898
0
0.532454
0.532454
0.532454
0
0.532037
0.532037
0.532049
0
0.531829
0.531829
0.531829
0
0.531551
0.531551
0.531551
0
0.531146
0.531146
0.531146
0
0.534884
0.534884
0.534884
0
0.536516
0.536516
0.536516
0
0.535995
0.535995
0.535995
0
0.534051
0.534051
0.534051
0
0.5361
0.5361
0.5361
0
0.536516
0.536516
0.536516
0
0.533623
0.533623
0.533634
0
0.532975
0.532963
0.532963
0
0.53456
0.53456
0.53456
0
0.536539
0.536539
0.536551
0
0.537789
0.537801
0.537789
0
0.537118
0.537118
0.537118
0
0.537477
0.537477
0.537477
0
0.538727
0.538727
0.538727
0
0.538275
0.538275
0.538275
0
0.537037
0.537037
0.537037
0
0.538356
0.538356
0.538356
0
0.53897
0.53897
0.53897
0
0.53985
0.53985
0.539861
0
0.538877
0.538877
0.538889
0
0.54
0.54
0.540012
0
0.540243
0.540243
0.540255
0
0.539433
0.539433
0.539433
0
0.539502
0.539502
0.539502
0
0.538669
0.538669
0.538669
0
0.542593
0.542593
0.542593
0
0.541725
0.541725
0.541736
0
0.539931
0.539919
0.539919
0
0.534606
0.534618
0.534606
0
0.535521
0.535521
0.535521
0
0.539306
0.539306
0.539306
0
0.53838
0.53838
0.538403
0
0.538519
0.53853
0.538519
0
0.537859
0.537859
0.53787
0
0.537222
0.537211
0.537211
0
0.536794
0.536794
0.536794
0
0.537766
0.537766
0.537766
0
0.539074
0.539074
0.539074
0
0.539005
0.539005
0.539005
0
0.538414
0.538414
0.538414
0
0.539641
0.539641
0.539641
0
0.539606
0.539606
0.539618
0
0.539711
0.539711
0.539711
0
0.539028
0.539016
0.539016
0
0.54022
0.540231
0.54022
0
0.538588
0.538588
0.538588
0
0.539711
0.539699
0.539699
0
0.538356
0.538356
0.538356
0
0.537905
0.537905
0.537905
0
0.538715
0.538715
0.538715
0
0.538912
0.538912
0.538912
0
0.538819
0.538819
0.538819
0
0.538854
0.538854
0.538854
0
0.537639
0.537639
0.537639
0
0.537847
0.537847
0.537847
0
0.537431
0.537431
0.537431
0
0.541377
0.541377
0.541377
0
0.542593
0.542593
0.542593
0
0.540683
0.540683
0.540683
0
0.540683
0.540683
0.540706
0
0.54162
0.54162
0.54162
0
0.540822
0.540822
0.540822
0
0.542512
0.542419
0.542419
0
0.543345
0.543183
0.543183
0
0.544074
0.544051
0.544051
0
0.545035
0.545312
0.545035
0
0.544664
0.545197
0.544664
0
0.54294
0.54294
0.54294
0
0.547454
0.547454
0.547454
0
0.549838
0.549838
0.550127
0
0.554005
0.554201
0.553993
0
0.555521
0.555509
0.559097
0
0.560532
0.561053
0.560532
0
0.564236
0.564236
0.564236
0
0.567801
0.567801
0.568287
0
0.575313
0.575313
0.575313
0
0.584479
0.584479
0.584479
0
0.59566
0.59566
0.59566
0
0.604086
0.604086
0.604086
0
0.613484
0.613507
0.613484
0
0.626944
0.626921
0.626921
0
0.627083
0.627083
0.627083
0
0.637928
0.63794
0.637928
0
0.639896
0.639919
0.639896
0
0.649502
0.649502
0.649502
0
0.661088
0.661088
0.661088
0
0.665961
0.665961
0.665961
0
0.673796
0.673796
0.673796
0
0.67515
0.67515
0.67515
0
0.667731
0.667731
0.667731
0
0.6586
0.6586
0.6586
0
0.644375
0.644375
0.644375
0
0.633472
0.62691
0.620856
0
0.648958
0.639815
0.637743
0
0.670833
0.6636
0.661111
0
0.71228
0.705278
0.701667
0
0.750938
0.743947
0.740174
0
0.77088
0.765417
0.765324
0
0.792315
0.786227
0.782627
0
0.783021
0.776319
0.776377
0
0.788854
0.783461
0.778125
0
0.787581
0.780833
0.777616
0
0.798669
0.788877
0.792789
0
0.791204
0.786597
0.784861
0
0.765312
0.758808
0.757431
0
0.748681
0.741632
0.739086
0
0.786863
0.780301
0.780116
0
0.790706
0.784653
0.782442
0
0.76772
0.764352
0.762431
0
0.753611
0.748773
0.746875
0
0.756898
0.751667
0.749028
0
0.762546
0.754977
0.757014
0
0.7561
0.751875
0.750035
0
0.753113
0.747917
0.748681
0
0.735521
0.727523
0.729167
0
0.744595
0.739097
0.735706
0
0.77963
0.773704
0.770023
0
0.773889
0.768958
0.766412
0
0.760405
0.755799
0.754201
0
0.768646
0.761447
0.76169
0
0.761597
0.754977
0.756088
0
0.774433
0.768704
0.769676
0
0.76735
0.762014
0.760521
0
0.757569
0.753322
0.751285
0
0.758137
0.751435
0.74978
0
0.739965
0.730833
0.728368
0
0.723403
0.718021
0.717639
0
0.732546
0.72434
0.724618
0
0.72125
0.716875
0.71294
0
0.718495
0.708264
0.708125
0
0.707882
0.703692
0.70125
0
0.714063
0.707083
0.7025
0
0.720243
0.713113
0.716875
0
0.708519
0.702836
0.705162
0
0.692766
0.686771
0.683958
0
0.714063
0.708287
0.707523
0
0.714595
0.71272
0.710139
0
0.706134
0.701667
0.697604
0
0.686424
0.681181
0.678634
0
0.682153
0.677188
0.674306
0
0.664606
0.660509
0.658391
0
0.667303
0.659387
0.659965
0
0.675127
0.670301
0.669641
0
0.699375
0.692998
0.691146
0
0.711343
0.704502
0.702176
0
0.723785
0.721389
0.720579
0
0.722106
0.71956
0.718148
0
0.73044
0.726968
0.725961
0
0.713252
0.709109
0.709815
0
0.704676
0.699977
0.700741
0
0.710856
0.704479
0.702917
0
0.712523
0.703403
0.705729
0
0.717905
0.710046
0.710347
0
0.741076
0.734792
0.733021
0
0.731644
0.725729
0.727153
0
0.719074
0.711424
0.713646
0
0.700116
0.694317
0.691181
0
0.677384
0.671644
0.66956
0
0.673796
0.666042
0.663727
0
0.674201
0.663877
0.66522
0
0.64794
0.6439
0.64228
0
0.63066
0.622512
0.624028
0
0.62691
0.620405
0.619074
0
0.632743
0.620845
0.622604
0
0.665833
0.672454
0.665
0
0.675833
0.670162
0.669016
0
0.681088
0.673565
0.670023
0
0.678322
0.674213
0.673623
0
0.674676
0.670706
0.67088
0
0.668125
0.662049
0.656863
0
0.634687
0.628148
0.623623
0
0.593912
0.583391
0.586354
0
0.577025
0.569711
0.56206
0
0.582905
0.580081
0.572894
0
0.599688
0.589155
0.589618
0
0.624595
0.611285
0.609931
0
0.624051
0.616111
0.613958
0
0.617986
0.610301
0.607801
0
0.597569
0.598576
0.588148
0
0.594826
0.592292
0.587373
0
0.579595
0.581632
0.576262
0
0.562674
0.556632
0.5514
0
0.549398
0.540046
0.534398
0
0.54831
0.536458
0.540729
0
0.531817
0.527894
0.523021
0
0.522894
0.514838
0.516204
0
0.509491
0.505463
0.50559
0
0.480718
0.476481
0.468368
0
0.463484
0.458218
0.454815
0
0.45478
0.447708
0.444468
0
0.465058
0.459352
0.455093
0
0.4689
0.461458
0.456701
0
0.449549
0.442975
0.439201
0
0.459306
0.452049
0.451192
0
0.474502
0.468727
0.470845
0
0.465
0.460301
0.454606
0
0.452465
0.445359
0.441296
0
0.425729
0.419306
0.415394
0
0.406181
0.403438
0.400266
0
0.381875
0.38022
0.37684
0
0.375243
0.369931
0.369329
0
0.351597
0.346817
0.342002
0
0.338981
0.330544
0.329421
0
0.329907
0.325301
0.324838
0
0.370463
0.364572
0.35853
0
0.38066
0.374676
0.370822
0
0.383854
0.374757
0.37235
0
0.36419
0.354873
0.356609
0
0.371829
0.361563
0.362025
0
0.388218
0.38669
0.386562
0
0.389618
0.384225
0.384097
0
0.395486
0.389375
0.389155
0
0.407199
0.401238
0.396424
0
0.399896
0.395602
0.390451
0
0.388137
0.379954
0.382697
0
0.38625
0.379525
0.380694
0
0.383866
0.378669
0.37353
0
0.356539
0.352812
0.353924
0
0.335729
0.333368
0.328565
0
0.330347
0.32735
0.323218
0
0.313958
0.310822
0.308819
0
0.337477
0.323391
0.326817
0
0.367141
0.360891
0.364387
0
0.353657
0.349259
0.348345
0
0.355023
0.35235
0.344178
0
0.368113
0.366331
0.360394
0
0.357234
0.353414
0.351875
0
0.330648
0.327257
0.322245
0
0.307627
0.307535
0.304988
0
0.29059
0.28831
0.283264
0
0.301458
0.29162
0.296123
0
0.313542
0.309734
0.314097
0
0.294039
0.291991
0.295752
0
0.272928
0.273391
0.269097
0
0.2561
0.25353
0.25272
0
0.240937
0.237245
0.232558
0
0.225914
0.222407
0.21669
0
0.22044
0.21735
0.214641
0
0.200486
0.198403
0.200475
0
0.189907
0.180266
0.185532
0
0.172269
0.165822
0.168588
0
0.154745
0.151829
0.146146
0
0.141123
0.135822
0.138391
0
0.129745
0.126134
0.122118
0
0.115451
0.113507
0.110104
0
0.101875
0.0992708
0.100556
0
0.0930787
0.0904282
0.0878009
0
0.084537
0.0783218
0.0813079
0
0.0733796
0.0696644
0.0693171
0
0.0637269
0.0610185
0.0626852
0
0.0574769
0.0546991
0.0508449
0
0.047963
0.0436574
0.0439352
0
0.0381713
0.039213
0.0367824
0
0.0362963
0.0355671
0.033831
0
0.0311227
0.031956
0.0300463
0
0.0249421
0.0251157
0.0249421
0
0.0224769
0.0217477
0.0201273
0
0.0210648
0.0207176
0.0193981
0
0.0231481
0.0218634
0.0209954
0
0.0250926
0.0245023
0.0235417
0
0.0186806
0.0183681
0.0181597
0
0.0132639
0.0127778
0.0120139
0
0.0314236
0.0302083
0.030625
0
0.0389583
0.0387847
0.0386458
0
0.0522917
0.0499306
0.0502778
0
0.0830903
0.0826389
0.0809028
0
0.101875
0.096875
0.0964931
0
0.117326
0.11309
0.112361
0
0.121285
0.117569
0.118125
0
0.120035
0.117292
0.115
0
0.111215
0.110556
0.108507
0
0.109213
0.109178
0.10831
0
0.0940856
0.0935301
0.0937731
0
0.0713194
0.0713194
0.0703472
0
0.051331
0.0508333
0.050625
0
0.0520833
0.05
0.0505556
0
0.0561806
0.0532986
0.0530903
0
0.0595486
0.0555556
0.0555903
0
0.0690625
0.0651736
0.064375
0
0.0717361
0.0686806
0.0669792
0
0.0783333
0.0751042
0.0736458
0
0.0852778
0.0835417
0.0845486
0
0.0898264
0.0894097
0.0883681
0
0.0864236
0.0849306
0.0836458
0
0.0823611
0.0821875
0.0818403
0
0.062338
0.0623032
0.0620255
0
0.0308912
0.0306134
0.0306481
0
0.0135417
0.0135417
0.0135417
0
0.0117361
0.0117593
0.0117361
0
0.00665509
0.00663194
0.00663194
0
0.00826389
0.00826389
0.00826389
0
0.00944444
0.00944444
0.00944444
0
0.0103472
0.0103472
0.0103472
0
0.0132639
0.0129861
0.0129861
0
0.0283333
0.0278472
0.0278472
0
0.0653819
0.0635069
0.0621528
0
0.105625
0.103472
0.103368
0
0.151944
0.149375
0.148785
0
0.206123
0.202951
0.201979
0
0.268333
0.263924
0.263819
0
0.310521
0.308299
0.306701
0
0.338403
0.334549
0.334271
0
0.318507
0.318333
0.317569
0
0.303715
0.299792
0.299479
0
0.271794
0.269537
0.26985
0
0.245347
0.243854
0.243194
0
0.231435
0.230035
0.23059
0
0.220081
0.219549
0.21875
0
0.199653
0.197778
0.198646
0
0.157153
0.157222
0.157222
0
0.108403
0.107986
0.106979
0
0.0620139
0.0614583
0.0605556
0
0.024375
0.024375
0.024375
0
0.00258102
0.00258102
0.00260417
0
0
0
0.000173611
0
0.00295139
0.00277778
0.00295139
0
0.0021875
0.001875
0.00190972
0
0
0
0.000173611
0
0.000173611
0.000208333
0
0
0
0.000173611
5.78704e-05
0
0.000173611
0.000208333
0
0
5.78704e-05
0.000173611
0
0
0
0.000208333
0.000173611
0
5.78704e-05
0
0.000173611
0
0.000208333
0
0.000173611
0
5.78704e-05
0.000173611
0
0
0.000208333
0
0
0
5.78704e-05
0
0
0
0.000208333
0
0
0
0
5.78704e-05
0
0
0.000208333
0
0
0
0
5.78704e-05
0.000173611
0
0
0.000208333
0
0
0
5.78704e-05
0
0
0.000208333
0
0
0
0
0
5.78704e-05
0
0.000208333
0
0
0
0.000347222
0.000405093
0.000347222
0
0.000208333
3.47222e-05
3.47222e-05
0
0
5.78704e-05
0
0
0
0.000208333
0
0
0
0
5.78704e-05
0
0
0.000208333
0
0
5.78704e-05
0
0
0
3.47222e-05
0.000208333
0
0
5.78704e-05
0
0
0
0
0.000208333
0
0
0.0131597
0.0129861
0.013044
0
0.0371065
0.0367361
0.0365972
0
0.0444676
0.0433218
0.0431597
0
0.0490972
0.0469444
0.0469097
0
0.0523264
0.0494097
0.0498148
0
0.0536458
0.0530208
0.0532639
0
0.0572569
0.0555093
0.0552662
0
0.063125
0.0616319
0.0622222
0
0.0865625
0.0839931
0.0845718
0
0.121944
0.117604
0.116979
0
0.145139
0.141597
0.140579
0
0.163021
0.158958
0.157639
0
0.174016
0.168993
0.166979
0
0.181146
0.177049
0.177292
0
0.185833
0.181169
0.182535
0
0.184583
0.18066
0.178924
0
0.177523
0.175347
0.175104
0
0.172639
0.170208
0.171111
0
0.174167
0.172257
0.172766
0
0.182778
0.182847
0.183368
0
0.184826
0.18309
0.182384
0
0.194062
0.192431
0.191146
0
0.194792
0.192674
0.193218
0
0.198958
0.195625
0.196458
0
0.215961
0.21375
0.213576
0
0.236146
0.230799
0.22941
0
0.245961
0.239826
0.240243
0
0.244826
0.241493
0.239931
0
0.246794
0.244722
0.243924
0
0.24625
0.243958
0.243194
0
0.249722
0.244931
0.243461
0
0.245347
0.239479
0.23875
0
0.253611
0.24912
0.247049
0
0.274549
0.272465
0.269167
0
0.288438
0.281933
0.283565
0
0.28684
0.283715
0.281632
0
0.276146
0.272836
0.270613
0
0.263646
0.257153
0.258368
0
0.255486
0.254051
0.251076
0
0.252986
0.250729
0.251354
0
0.270683
0.268113
0.267951
0
0.280451
0.276875
0.273993
0
0.285058
0.280451
0.280903
0
0.290347
0.292743
0.292118
0
0.31559
0.312662
0.310972
0
0.340451
0.336771
0.337917
0
0.365556
0.36294
0.360972
0
0.3975
0.391354
0.395382
0
0.400359
0.396308
0.395405
0
0.402535
0.396979
0.395243
0
0.397188
0.393461
0.393958
0
0.394236
0.390521
0.388125
0
0.390208
0.385313
0.385995
0
0.386644
0.381887
0.37772
0
0.37331
0.369225
0.37044
0
0.375174
0.373021
0.373229
0
0.390162
0.383819
0.385243
0
0.405313
0.402917
0.397465
0
0.423611
0.420139
0.417488
0
0.450313
0.44809
0.443715
0
0.453391
0.450139
0.447535
0
0.455521
0.451146
0.451458
0
0.461991
0.458067
0.458229
0
0.464977
0.461609
0.46331
0
0.457477
0.455
0.455498
0
0.483889
0.47309
0.477396
0
0.470231
0.466192
0.464039
0
0.475382
0.471771
0.468125
0
0.4825
0.475556
0.47353
0
0.492188
0.484583
0.481667
0
0.493056
0.485833
0.485891
0
0.496563
0.487951
0.490312
0
0.520868
0.513611
0.509954
0
0.504826
0.497083
0.500938
0
0.492523
0.487604
0.485868
0
0.487211
0.48287
0.48287
0
0.489421
0.489421
0.489421
0
0.498519
0.498519
0.498519
0
0.504248
0.504248
0.504248
0
0.515243
0.515243
0.515243
0
0.521991
0.521991
0.521991
0
0.526667
0.526667
0.526667
0
0.528194
0.528194
0.528194
0
0.531898
0.53191
0.53191
0
0.529618
0.529618
0.529618
0
0.525035
0.525046
0.525046
0
0.522442
0.522431
0.522442
0
0.521146
0.521146
0.521146
0
0.526528
0.526528
0.526528
0
0.528681
0.528681
0.528681
0
0.527465
0.527465
0.527465
0
0.529097
0.529097
0.529086
0
0.531667
0.531667
0.531667
0
0.529595
0.529595
0.529595
0
0.525926
0.525926
0.525926
0
0.524769
0.524769
0.524769
0
0.521829
0.521817
0.521829
0
0.528634
0.528657
0.528657
0
0.527917
0.527917
0.527905
0
0.525683
0.525683
0.525683
0
0.524745
0.524745
0.524734
0
0.52537
0.52537
0.52537
0
0.525301
0.525289
0.525301
0
0.528924
0.528912
0.528924
0
0.528553
0.528565
0.528565
0
0.528692
0.528692
0.528681
0
0.528333
0.528322
0.528333
0
0.531076
0.5311
0.5311
0
0.530046
0.530069
0.530069
0
0.526354
0.526366
0.526366
0
0.527477
0.527488
0.527488
0
0.53125
0.53125
0.531238
0
0.533264
0.533264
0.533241
0
0.536481
0.536481
0.536481
0
0.541759
0.541759
0.541759
0
0.559271
0.559271
0.559271
0
0.559213
0.559213
0.559213
0
0.559375
0.559375
0.559363
0
0.559201
0.559201
0.55919
0
0.559016
0.559005
0.559016
0
