0.0634606
0.0634375
0.0634375
0.0634375
0.0634375
0.0634375
0
0.119514
0.11816
0.117188
0.11691
0.116898
0.116875
0
0.160347
0.155799
0.158576
0.156354
0.154236
0.155174
0
0.163229
0.162361
0.162188
0.161667
0.161667
0.161458
0
0.169514
0.169757
0.169653
0.169063
0.168611
0.168681
0
0.170208
0.170035
0.169306
0.169201
0.169583
0.168993
0
0.16566
0.164896
0.164236
0.164271
0.164028
0.163669
0
0.171597
0.171586
0.171458
0.171563
0.171215
0.170799
0
0.185556
0.185058
0.184225
0.185799
0.184097
0.183681
0
0.181493
0.179479
0.17875
0.179063
0.178889
0.178299
0
0.172049
0.171458
0.170556
0.170174
0.170278
0.169097
0
0.181736
0.179896
0.18
0.180764
0.180208
0.178056
0
0.237187
0.236076
0.238194
0.235278
0.236701
0.233924
0
0.288947
0.287141
0.285961
0.283843
0.284572
0.282824
0
0.301424
0.298542
0.299931
0.29765
0.297523
0.298681
0
0.269537
0.268484
0.267211
0.265856
0.264363
0.265544
0
0.251875
0.249167
0.247188
0.248264
0.248808
0.246562
0
0.252535
0.249896
0.250694
0.248924
0.247118
0.245069
0
0.259028
0.259306
0.258889
0.255556
0.255799
0.255243
0
0.261944
0.260799
0.260729
0.260764
0.258924
0.257847
0
0.255602
0.254907
0.252025
0.253796
0.251042
0.250787
0
0.24309
0.240937
0.238056
0.239201
0.237558
0.236771
0
0.229896
0.227986
0.227674
0.226944
0.22691
0.224919
0
0.21956
0.215475
0.21662
0.217245
0.213947
0.213079
0
0.21059
0.2075
0.205486
0.208611
0.206088
0.205139
0
0.200972
0.19809
0.198299
0.19875
0.199861
0.196146
0
0.191528
0.188229
0.190417
0.189792
0.188611
0.188576
0
0.191389
0.190972
0.190104
0.188438
0.187049
0.187951
0
0.185856
0.185162
0.182245
0.184711
0.181725
0.182975
0
0.178542
0.177361
0.177813
0.17566
0.176447
0.175208
0
0.173808
0.172569
0.173854
0.173056
0.170903
0.172431
0
0.175278
0.172187
0.171111
0.171458
0.170382
0.169468
0
0.167743
0.168773
0.165903
0.165313
0.165937
0.163576
0
0.161632
0.161007
0.161875
0.160995
0.160995
0.160995
0
0.158785
0.157396
0.157396
0.157407
0.157396
0.157396
0
0.157882
0.157882
0.157882
0.157882
0.157882
0.157894
0
0.158565
0.158565
0.158565
0.158565
0.158565
0.158565
0
0.15875
0.15875
0.15875
0.15875
0.15875
0.15875
0
0.157639
0.157639
0.157639
0.157639
0.157639
0.157639
0
0.163125
0.163125
0.163125
0.163125
0.163125
0.163125
0
0.178889
0.178889
0.178889
0.178889
0.178889
0.178889
0
0.177164
0.177153
0.177153
0.177153
0.177153
0.177153
0
0.167407
0.167407
0.167407
0.167407
0.167407
0.167407
0
0.161921
0.161921
0.161921
0.161921
0.161921
0.161921
0
0.162674
0.162674
0.162674
0.162674
0.162674
0.162674
0
0.154757
0.154757
0.154757
0.154757
0.154757
0.154757
0
0.155139
0.155139
0.155139
0.155139
0.155139
0.155139
0
0.155718
0.155718
0.155718
0.155718
0.155718
0.155718
0
0.158704
0.158704
0.158704
0.158704
0.158704
0.158704
0
0.15941
0.15941
0.15941
0.15941
0.15941
0.15941
0
0.1575
0.1575
0.1575
0.1575
0.1575
0.1575
0
0.159167
0.159167
0.159167
0.159167
0.159167
0.159167
0
0.16228
0.16228
0.16228
0.16228
0.16228
0.16228
0
0.16287
0.16287
0.16287
0.16287
0.16287
0.16287
0
0.16287
0.16287
0.16287
0.16287
0.16287
0.16287
0
0.169271
0.169271
0.169271
0.169271
0.169271
0.169271
0
0.173079
0.173079
0.173067
0.173079
0.173067
0.173067
0
0.182002
0.182002
0.182002
0.182002
0.182002
0.182002
0
0.214421
0.214444
0.214444
0.214421
0.214421
0.214444
0
0.235891
0.235891
0.235891
0.235891
0.235891
0.235891
0
0.270567
0.270567
0.270567
0.270567
0.270567
0.270567
0
0.304861
0.305
0.304306
0.302766
0.301563
0.300752
0
0.337211
0.337708
0.335313
0.337708
0.335637
0.333125
0
0.383322
0.383125
0.376319
0.37816
0.37816
0.381597
0
0.392569
0.389097
0.388056
0.389583
0.390139
0.390949
0
0.409965
0.408368
0.409132
0.409711
0.406979
0.405347
0
0.416377
0.416574
0.416088
0.414734
0.401921
0.401921
0
0.425451
0.425486
0.425405
0.42309
0.422812
0.418854
0
0.415683
0.413947
0.414155
0.410613
0.412743
0.411134
0
0.40941
0.411285
0.409826
0.406968
0.40919
0.405509
0
0.41566
0.414722
0.414595
0.411354
0.412917
0.411319
0
0.418194
0.415035
0.415417
0.414039
0.415706
0.412257
0
0.43875
0.436632
0.437118
0.437743
0.435579
0.435637
0
0.453148
0.453877
0.451539
0.45044
0.450116
0.44669
0
0.477627
0.476146
0.471134
0.472905
0.472743
0.471377
0
0.478368
0.476667
0.476042
0.474294
0.474606
0.472477
0
0.478472
0.475035
0.476157
0.474132
0.472847
0.471366
0
0.493171
0.493241
0.4925
0.490567
0.48875
0.48456
0
0.486713
0.486007
0.479109
0.483507
0.476505
0.475521
0
0.472685
0.470081
0.464699
0.466285
0.466076
0.461157
0
0.458912
0.462847
0.455706
0.456678
0.453171
0.451227
0
0.465069
0.46125
0.464583
0.455521
0.455637
0.453252
0
0.464977
0.460556
0.459688
0.456285
0.457396
0.455833
0
0.466979
0.464826
0.459491
0.461944
0.45537
0.459792
0
0.480556
0.48066
0.478715
0.471644
0.474769
0.470556
0
0.487986
0.481285
0.481597
0.4864
0.477419
0.473993
0
0.491157
0.489097
0.488727
0.486146
0.479965
0.479271
0
0.49191
0.493623
0.491921
0.49191
0.491921
0.491921
0
0.531192
0.523681
0.526424
0.522616
0.514549
0.512431
0
0.523194
0.523194
0.523194
0.523194
0.523194
0.523194
0
0.531933
0.531956
0.531956
0.53191
0.53191
0.53191
0
0.533368
0.533414
0.533368
0.533368
0.533391
0.533414
0
0.535174
0.535174
0.535174
0.535174
0.535174
0.535174
0
0.543819
0.542188
0.542188
0.542188
0.542188
0.542188
0
0.546146
0.549873
0.546192
0.546146
0.546192
0.546192
0
0.541181
0.541204
0.541192
0.541181
0.541204
0.541204
0
0.541701
0.541701
0.541701
0.541701
0.541713
0.541701
0
0.545069
0.545069
0.545093
0.545069
0.545069
0.545069
0
0.546285
0.546285
0.546285
0.546285
0.546285
0.546285
0
0.548368
0.548368
0.548368
0.548368
0.552095
0.548368
0
0.548796
0.548785
0.548785
0.548785
0.548785
0.548796
0
0.551181
0.551181
0.551181
0.551181
0.551181
0.551181
0
0.547222
0.547222
0.547222
0.547222
0.547222
0.547222
0
0.546331
0.546331
0.546319
0.546319
0.546319
0.546319
0
0.546736
0.546736
0.550463
0.546736
0.546736
0.546736
0
0.544873
0.544873
0.544873
0.544873
0.544873
0.544873
0
0.540509
0.542824
0.540532
0.540509
0.540509
0.540509
0
0.540012
0.539988
0.539988
0.539988
0.540012
0.539988
0
0.539259
0.539259
0.539259
0.539259
0.539259
0.539259
0
0.532998
0.532905
0.532905
0.532905
0.532905
0.532905
0
0.535405
0.535405
0.535405
0.535475
0.53544
0.535405
0
0.539722
0.539711
0.53978
0.539711
0.539711
0.539722
0
0.539606
0.539606
0.539618
0.539606
0.539606
0.539653
0
0.544051
0.544051
0.544051
0.544051
0.544063
0.544051
0
0.554225
0.554225
0.554259
0.554225
0.554225
0.554225
0
0.564306
0.564294
0.564306
0.564317
0.564294
0.564294
0
0.574468
0.574468
0.574468
0.574468
0.574479
0.574468
0
0.584803
0.584803
0.584803
0.584803
0.584803
0.584803
0
0.588866
0.588854
0.588866
0.591609
0.588854
0.588854
0
0.587234
0.587257
0.587234
0.587234
0.587234
0.587234
0
0.583183
0.583183
0.583183
0.583183
0.583183
0.583183
0
0.583299
0.583287
0.586019
0.583287
0.583299
0.583287
0
0.584954
0.584954
0.584954
0.584954
0.584954
0.584954
0
0.58441
0.58441
0.58441
0.58441
0.58441
0.58441
0
0.583866
0.583866
0.583866
0.583866
0.583866
0.583866
0
0.578079
0.578056
0.578056
0.578056
0.578079
0.578056
0
0.580324
0.580324
0.580324
0.580324
0.580324
0.580324
0
0.581979
0.581979
0.581979
0.581979
0.581979
0.581979
0
0.584271
0.584236
0.584236
0.584236
0.584271
0.584259
0
0.581308
0.581308
0.581308
0.581308
0.581308
0.581308
0
0.578519
0.578519
0.578519
0.578519
0.578519
0.578519
0
0.576968
0.576968
0.576968
0.576968
0.576968
0.576968
0
0.57875
0.57875
0.57875
0.57875
0.57875
0.57875
0
0.582986
0.582986
0.582986
0.583009
0.583009
0.582986
0
0.585243
0.585243
0.585243
0.585243
0.585243
0.585255
0
0.585532
0.585532
0.585532
0.585567
0.585532
0.585532
0
0.581852
0.581852
0.581852
0.58191
0.581887
0.581852
0
0.582176
0.582199
0.582176
0.582222
0.582176
0.582176
0
0.584954
0.584954
0.584977
0.584954
0.584954
0.584977
0
0.579838
0.579838
0.57985
0.579838
0.57985
0.579838
0
0.581424
0.581424
0.581424
0.581424
0.581424
0.581435
0
0.582095
0.582083
0.582083
0.582083
0.582083
0.582083
0
0.582778
0.582778
0.582778
0.582778
0.582778
0.582778
0
0.581204
0.581227
0.581204
0.581204
0.581204
0.581204
0
0.578322
0.578322
0.578322
0.578322
0.578322
0.578322
0
0.578542
0.578542
0.578542
0.578542
0.578542
0.578542
0
0.577847
0.577847
0.577847
0.577847
0.577847
0.577847
0
0.5711
0.571088
0.571088
0.5711
0.571088
0.571088
0
0.573067
0.573067
0.573067
0.57309
0.57309
0.573067
0
0.575208
0.575208
0.575208
0.575208
0.575231
0.575208
0
0.575069
0.575046
0.575046
0.575046
0.575046
0.575046
0
0.573056
0.573032
0.573032
0.573032
0.573032
0.573032
0
0.572836
0.572812
0.572812
0.572812
0.572812
0.572812
0
0.573113
0.573113
0.573113
0.573113
0.573113
0.573113
0
0.573252
0.573252
0.573252
0.573252
0.573252
0.573252
0
0.572303
0.572303
0.572303
0.572303
0.572303
0.572303
0
0.574676
0.574664
0.574664
0.574664
0.574664
0.574676
0
0.574456
0.574456
0.574456
0.574456
0.574456
0.574456
0
0.569491
0.569491
0.569491
0.569491
0.569491
0.569491
0
0.569109
0.569109
0.569109
0.569109
0.569109
0.569109
0
0.571262
0.571262
0.571262
0.571262
0.571262
0.571262
0
0.572824
0.572824
0.572824
0.572824
0.572824
0.572824
0
0.574757
0.574745
0.574745
0.574792
0.574745
0.574769
0
0.575266
0.575266
0.575289
0.575266
0.575266
0.575266
0
0.573287
0.573287
0.573287
0.573287
0.573287
0.573287
0
0.570914
0.570914
0.570914
0.570914
0.570914
0.570914
0
0.568576
0.568576
0.568576
0.568576
0.568576
0.568576
0
0.570683
0.570683
0.570683
0.570683
0.570683
0.570683
0
0.571076
0.571076
0.571076
0.571088
0.571076
0.571088
0
0.574074
0.574074
0.574074
0.574074
0.574074
0.574074
0
0.575787
0.57581
0.575787
0.575787
0.57581
0.575787
0
0.576377
0.576377
0.576377
0.5764
0.576377
0.5764
0
0.572037
0.572002
0.572002
0.572002
0.572037
0.572002
0
0.573565
0.573519
0.573519
0.573519
0.573519
0.573519
0
0.574317
0.574317
0.57434
0.57434
0.574317
0.57434
0
0.575567
0.575567
0.575567
0.575567
0.575567
0.575567
0
0.575984
0.576007
0.576007
0.575984
0.575984
0.575984
0
0.578426
0.578426
0.578426
0.578426
0.578426
0.578426
0
0.575509
0.575509
0.575509
0.575509
0.575509
0.575509
0
0.576065
0.576065
0.576065
0.576065
0.576065
0.576065
0
0.576192
0.576204
0.576192
0.576192
0.576215
0.576192
0
0.578692
0.578692
0.578692
0.578692
0.578692
0.578692
0
0.581898
0.581898
0.581898
0.581898
0.581898
0.581898
0
0.581296
0.581319
0.581296
0.581296
0.581319
0.581296
0
0.584491
0.584491
0.584491
0.584491
0.584491
0.584491
0
0.58515
0.58515
0.585174
0.58515
0.58515
0.58515
0
0.582789
0.582789
0.582789
0.582789
0.582789
0.582789
0
0.573646
0.573611
0.573611
0.573611
0.573646
0.573611
0
0.5736
0.5736
0.5736
0.5736
0.573611
0.573611
0
0.573831
0.573831
0.573819
0.573819
0.573819
0.573819
0
0.573819
0.573819
0.573819
0.573843
0.573819
0.573819
0
0.578333
0.578333
0.578333
0.578333
0.578333
0.578333
0
0.582731
0.582731
0.582743
0.582743
0.582731
0.582731
0
0.587396
0.587396
0.587477
0.587396
0.587396
0.587396
0
0.58419
0.584086
0.584097
0.584086
0.584086
0.584086
0
0.583681
0.583958
0.583681
0.583681
0.583681
0.583715
0
0.582743
0.582743
0.582743
0.583021
0.582743
0.582766
0
0.570104
0.570127
0.570104
0.570162
0.570116
0.570475
0
0.567731
0.567222
0.567234
0.567222
0.567234
0.567222
0
0.564109
0.564109
0.564109
0.564109
0.56412
0.564595
0
0.56537
0.564884
0.564884
0.564884
0.564884
0.564884
0
0.566667
0.566667
0.566713
0.566667
0.566667
0.56713
0
0.569792
0.569792
0.569792
0.570255
0.569792
0.569792
0
0.581204
0.580822
0.580787
0.580775
0.580775
0.580775
0
0.597454
0.597454
0.597454
0.597454
0.5975
0.598102
0
0.610359
0.611065
0.610359
0.610359
0.610359
0.610359
0
0.625914
0.625914
0.625926
0.626655
0.625926
0.625914
0
0.643183
0.644248
0.643183
0.643183
0.643183
0.643183
0
0.639931
0.640868
0.639896
0.639931
0.639896
0.639896
0
0.63544
0.635463
0.635463
0.63544
0.63544
0.636227
0
0.628565
0.628565
0.628611
0.629595
0.628611
0.628565
0
0.618935
0.618935
0.619676
0.618958
0.618935
0.618935
0
0.614213
0.614213
0.614213
0.614213
0.615185
0.614213
0
0.620532
0.615799
0.614676
0.614676
0.614676
0.614676
0
0.638461
0.628368
0.630313
0.628472
0.633981
0.62669
0
0.664097
0.654815
0.657569
0.648646
0.652049
0.648299
0
0.705162
0.697662
0.692037
0.689363
0.695764
0.687569
0
0.728356
0.71794
0.719421
0.7139
0.716817
0.710995
0
0.762326
0.754375
0.755903
0.750289
0.750417
0.750231
0
0.738958
0.736389
0.73787
0.730926
0.728819
0.725868
0
0.764028
0.762396
0.759884
0.756852
0.755139
0.751979
0
0.792049
0.78544
0.783542
0.78397
0.778819
0.779757
0
0.803519
0.801146
0.797326
0.798565
0.800775
0.794491
0
0.805764
0.799167
0.79691
0.797095
0.794329
0.791562
0
0.819387
0.815868
0.813356
0.814907
0.812361
0.809155
0
0.814896
0.810093
0.810613
0.812315
0.808692
0.805127
0
0.792234
0.789606
0.789861
0.782639
0.781563
0.779363
0
0.784653
0.782801
0.783924
0.777465
0.780278
0.773692
0
0.806146
0.804271
0.807477
0.803044
0.798854
0.79662
0
0.829167
0.821088
0.824525
0.819977
0.816979
0.817025
0
0.81809
0.812454
0.810093
0.811921
0.806505
0.805197
0
0.811215
0.811539
0.810868
0.804352
0.802963
0.806076
0
0.807141
0.804514
0.807141
0.799965
0.800984
0.796007
0
0.79669
0.794965
0.790799
0.783252
0.785972
0.784861
0
0.749097
0.743299
0.744676
0.738981
0.742315
0.739167
0
0.719456
0.715174
0.709676
0.705394
0.708368
0.70228
0
0.69213
0.698056
0.688206
0.690162
0.685336
0.683657
0
0.716343
0.712454
0.716667
0.71816
0.707847
0.704479
0
0.709039
0.695625
0.698183
0.691829
0.689433
0.697882
0
0.708727
0.711667
0.70691
0.698264
0.694109
0.6936
0
0.718148
0.721586
0.712755
0.709201
0.70338
0.705069
0
0.725475
0.718634
0.717569
0.713113
0.711319
0.70919
0
0.757153
0.753403
0.760926
0.755613
0.749005
0.74728
0
0.761343
0.754306
0.753785
0.747604
0.752801
0.74838
0
0.753785
0.74522
0.744931
0.745093
0.743553
0.739769
0
0.748993
0.741308
0.745995
0.744653
0.735625
0.733692
0
0.715359
0.707917
0.710926
0.705752
0.702164
0.700104
0
0.744074
0.740671
0.735903
0.731019
0.728044
0.724641
0
0.765266
0.773148
0.760602
0.761563
0.762095
0.752766
0
0.827836
0.823125
0.826111
0.821331
0.824248
0.807442
0
0.836435
0.831759
0.826586
0.831898
0.824352
0.827604
0
0.821921
0.817384
0.8139
0.810602
0.807627
0.804271
0
0.803148
0.796551
0.797002
0.790972
0.793113
0.78897
0
0.788009
0.773808
0.769329
0.776227
0.774317
0.765312
0
0.763924
0.756042
0.769514
0.761678
0.751377
0.747627
0
0.749653
0.752731
0.746597
0.742454
0.735428
0.736343
0
0.732975
0.735058
0.727674
0.716181
0.722269
0.710972
0
0.714838
0.707025
0.70544
0.703426
0.698021
0.694387
0
0.72044
0.705532
0.709606
0.704664
0.698148
0.693484
0
0.684977
0.688264
0.690856
0.673287
0.672477
0.667407
0
0.66419
0.65456
0.644988
0.652303
0.645521
0.63691
0
0.639167
0.650162
0.645764
0.638218
0.63022
0.621377
0
0.621597
0.615231
0.602512
0.605058
0.607454
0.592697
0
0.565961
0.560278
0.562662
0.575845
0.551516
0.550891
0
0.52434
0.517431
0.519826
0.510845
0.523681
0.502697
0
0.526481
0.5261
0.512558
0.521979
0.503183
0.505926
0
0.517743
0.514792
0.508356
0.505116
0.498773
0.493125
0
0.508102
0.494931
0.505405
0.500116
0.484514
0.478495
0
0.543889
0.540012
0.538565
0.523299
0.53897
0.527755
0
0.612512
0.614444
0.604178
0.599433
0.617951
0.603414
0
0.621956
0.622072
0.622708
0.616377
0.608264
0.612778
0
0.643183
0.636435
0.640243
0.627824
0.63522
0.631331
0
0.610104
0.600127
0.596933
0.594525
0.58956
0.592037
0
0.556725
0.560104
0.545926
0.548368
0.546875
0.540197
0
0.497014
0.497153
0.487014
0.482639
0.490301
0.483935
0
0.462639
0.464306
0.451655
0.455012
0.454363
0.448611
0
0.414884
0.412963
0.407199
0.399664
0.399572
0.40206
0
0.388854
0.384248
0.379514
0.376759
0.373912
0.373993
0
0.338495
0.341516
0.333889
0.327766
0.333032
0.326759
0
0.283657
0.275926
0.272106
0.26897
0.265775
0.263403
0
0.235764
0.242951
0.23941
0.240729
0.230718
0.225845
0
0.207917
0.198657
0.202859
0.204271
0.194167
0.193704
0
0.194711
0.191574
0.191146
0.185069
0.188669
0.179873
0
0.193438
0.18537
0.177523
0.18772
0.182211
0.177639
0
0.162569
0.166748
0.168507
0.160579
0.161111
0.156609
0
0.156806
0.164525
0.162836
0.15787
0.151319
0.151678
0
0.253148
0.248958
0.244178
0.245035
0.247025
0.23963
0
0.376019
0.369317
0.364225
0.372153
0.362315
0.365544
0
0.470926
0.467847
0.466227
0.460382
0.461285
0.458322
0
0.497106
0.494433
0.484873
0.490671
0.485405
0.48375
0
0.464398
0.453437
0.456655
0.44728
0.450914
0.446227
0
0.343681
0.350255
0.342766
0.347836
0.339016
0.34059
0
0.3036
0.30331
0.29816
0.301736
0.298044
0.298843
0
0.245671
0.241285
0.24419
0.239306
0.240752
0.237662
0
0.179248
0.173507
0.172766
0.176192
0.173704
0.171551
0
0.128067
0.123333
0.126863
0.125069
0.122731
0.121319
0
0.0750116
0.0729745
0.0719676
0.0716435
0.0698148
0.0684375
0
0.0705556
0.0687037
0.0686806
0.0664468
0.0654282
0.0641319
0
0.0602894
0.0602894
0.0555903
0.0607523
0.056794
0.0584028
0
0.0616667
0.0615972
0.0632755
0.0587963
0.0577662
0.0593634
0
0.111887
0.106412
0.108275
0.106134
0.105023
0.107975
0
0.160278
0.159329
0.15735
0.157222
0.155289
0.154884
0
0.230787
0.225463
0.224954
0.221829
0.221042
0.219051
0
0.310312
0.306493
0.299861
0.297419
0.293727
0.296887
0
0.327639
0.317535
0.32287
0.322176
0.324468
0.319387
0
0.335093
0.333148
0.335208
0.327674
0.327442
0.320729
0
0.325799
0.31875
0.317072
0.315995
0.314653
0.313912
0
0.317627
0.309525
0.310035
0.306354
0.305637
0.304468
0
0.300521
0.302164
0.299387
0.294005
0.29287
0.300613
0
0.271875
0.271597
0.270752
0.271065
0.267419
0.265694
0
0.202593
0.200023
0.20434
0.201632
0.200613
0.2014
0
0.142431
0.144838
0.141887
0.141655
0.14088
0.139132
0
0.088044
0.0867361
0.086875
0.0850694
0.0875926
0.0846065
0
0.0459722
0.0458102
0.0459954
0.0446875
0.0439583
0.0438773
0
0.0245718
0.0245023
0.0239583
0.0226736
0.0235995
0.0226736
0
0.0195949
0.019838
0.0163426
0.0187963
0.0176042
0.0177546
0
0.0143403
0.0138889
0.0127315
0.0125347
0.014294
0.0129167
0
0.0115162
0.0107176
0.0110417
0.0113194
0.00954861
0.0106597
0
0.00892361
0.00947917
0.00934028
0.00881944
0.00832176
0.00821759
0
0.00875
0.00854167
0.00912037
0.00825231
0.00822917
0.00729167
0
0.00668981
0.00586806
0.00638889
0.00642361
0.00606481
0.00625
0
0.00805556
0.00930556
0.00765046
0.0075
0.00771991
0.00865741
0
0.00774306
0.00763889
0.00741898
0.00759259
0.00736111
0.00744213
0
0.014537
0.0146528
0.0143403
0.0135995
0.0139236
0.0146875
0
0.0534954
0.0513657
0.0504167
0.05
0.0497222
0.0494676
0
0.0726968
0.0710069
0.0679514
0.0672685
0.0675
0.0658565
0
0.0865972
0.085787
0.0810417
0.0797569
0.0796528
0.080162
0
0.0906944
0.0922106
0.0851968
0.0857986
0.0854051
0.0840278
0
0.108958
0.108194
0.108252
0.107002
0.106319
0.103738
0
0.098912
0.0982176
0.0962153
0.0946759
0.0926736
0.0933218
0
0.079456
0.0782176
0.0760995
0.0758333
0.0752662
0.075
0
0.0568634
0.0549884
0.0541204
0.0564236
0.0557292
0.0558912
0
0.0403704
0.0401273
0.0381829
0.0382639
0.0379745
0.0376389
0
0.0316667
0.0293981
0.0320718
0.0306597
0.0319097
0.0293287
0
0.0218056
0.0219676
0.0217824
0.0218981
0.0215509
0.0205903
0
0.0116319
0.0113889
0.0114815
0.011169
0.0117245
0.0102431
0
0.0109954
0.0101042
0.0101042
0.0101389
0.0102315
0.0103356
0
0.0165278
0.0163773
0.016412
0.0162847
0.0154861
0.0156134
0
0.0163426
0.0161343
0.0153125
0.0154398
0.0149653
0.0148264
0
0.0170486
0.0169792
0.017037
0.0171412
0.0169676
0.0170486
0
0.0343287
0.0317708
0.0318981
0.0314815
0.0312153
0.0312847
0
0.0743056
0.0703009
0.069375
0.0705556
0.0691551
0.0684954
0
0.0730787
0.0734375
0.0706944
0.0706597
0.0687731
0.0681829
0
0.079537
0.0795718
0.0767593
0.0779861
0.0764583
0.0770833
0
0.0652662
0.0633796
0.0648958
0.0641204
0.0635648
0.0642014
0
0.0252315
0.0253009
0.0251389
0.0251389
0.0248148
0.0251968
0
0.00130787
0.00107639
0.00109954
0.0009375
0.000960648
0.00103009
0
0.0317361
0.0318981
0.0313773
0.0312847
0.0313426
0.0312731
0
0.0425231
0.0417708
0.041875
0.0417245
0.041794
0.0415972
0
0.0504051
0.0501042
0.0502315
0.0501273
0.049919
0.0498264
0
0.0592708
0.0594676
0.0592014
0.058044
0.0583681
0.0576968
0
0.0484028
0.0485995
0.0484954
0.0481134
0.0483565
0.0481829
0
0.0221181
0.0223495
0.0220486
0.0221065
0.0220718
0.0219444
0
0.00738426
0.0077662
0.00722222
0.00728009
0.00722222
0.00734954
0
0.0155093
0.0149306
0.0151042
0.0147801
0.0151273
0.0149306
0
0.0185301
0.0184259
0.0182292
0.0183218
0.0182639
0.018287
0
0.0222222
0.0218634
0.0217708
0.0220023
0.0220023
0.0218403
0
0.0242245
0.0240972
0.0241898
0.0242245
0.024294
0.0238889
0
0.0400231
0.0392477
0.038912
0.0389005
0.0392245
0.0389005
0
0.062037
0.0593981
0.0621412
0.0587847
0.0587731
0.0583333
0
0.0711343
0.0665162
0.0658681
0.0654745
0.0658681
0.0648958
0
0.0793981
0.0808681
0.077662
0.0785301
0.0772222
0.0766898
0
0.0874306
0.0873148
0.085787
0.086875
0.0822454
0.0821528
0
0.0882176
0.0881481
0.0870139
0.085162
0.0851042
0.084919
0
0.0575694
0.057419
0.0575926
0.0572917
0.0565278
0.0562153
0
0.0191088
0.0179745
0.0190509
0.0189468
0.0179861
0.0190625
0
0.00208333
0.0015625
0.00165509
0.00172454
0.00159722
0.00179398
0
0.00163194
0.00163194
0.00163194
0.00165509
0.00163194
0.00163194
0
0.00149306
0.00155093
0.00149306
0.00162037
0.00149306
0.00168981
0
0.00179398
0.00170139
0.00186343
0.00186343
0.00170139
0.00179398
0
0.00163194
0.00163194
0.00163194
0.00163194
0.00172454
0.00165509
0
0.00162037
0.00159722
0.00159722
0.00159722
0.00159722
0.00159722
0
0.00197917
0.00197917
0.00197917
0.00197917
0.00197917
0.00197917
0
0.00177083
0.00177083
0.00177083
0.00179398
0.00177083
0.0018287
0
0.00193287
0.00184028
0.00184028
0.00184028
0.00186343
0.00184028
0
0.0379514
0.0374884
0.0373495
0.0372454
0.0373495
0.0369097
0
0.0552778
0.0543403
0.0543981
0.0540162
0.0542245
0.0538889
0
0.120556
0.11978
0.122708
0.119363
0.119051
0.118947
0
0.189097
0.184988
0.183565
0.181424
0.18353
0.180208
0
0.206701
0.203322
0.199711
0.200035
0.200475
0.198808
0
0.186042
0.184954
0.182384
0.183113
0.179294
0.18066
0
0.190185
0.188102
0.188507
0.188032
0.189236
0.183345
0
0.163218
0.1589
0.160891
0.160833
0.158843
0.158194
0
0.145787
0.144514
0.141736
0.141424
0.143634
0.142396
0
0.107384
0.105266
0.105984
0.105301
0.105984
0.104907
0
0.0714583
0.0708218
0.0697222
0.069838
0.0701389
0.0697569
0
0.0623611
0.0620486
0.0622801
0.0613079
0.0606944
0.0600231
0
0.0646065
0.0634259
0.0640856
0.0628819
0.0626736
0.0629051
0
0.0636343
0.0633333
0.0629745
0.0631597
0.0629745
0.0604167
0
0.0762384
0.0741551
0.0744329
0.0740278
0.0733912
0.0736111
0
0.103611
0.102662
0.103218
0.101169
0.101042
0.101562
0
0.112454
0.11235
0.11125
0.111759
0.110787
0.11066
0
0.12485
0.122037
0.123368
0.123507
0.121586
0.121736
0
0.132662
0.131389
0.131875
0.129711
0.131481
0.129954
0
0.136285
0.135718
0.135162
0.135613
0.134722
0.134063
0
0.141424
0.138981
0.13919
0.139572
0.138287
0.138056
0
0.14794
0.147558
0.146215
0.146111
0.146725
0.147743
0
0.152454
0.152812
0.150856
0.150475
0.150069
0.150023
0
0.15316
0.153113
0.149907
0.151354
0.150035
0.149907
0
0.152905
0.15228
0.152847
0.153009
0.152535
0.15169
0
0.152118
0.150127
0.149398
0.150579
0.148715
0.150556
0
0.152998
0.152292
0.150625
0.15147
0.152188
0.150382
0
0.147975
0.146794
0.14787
0.145833
0.145208
0.146042
0
0.144051
0.145139
0.142662
0.144687
0.143843
0.141968
0
0.14103
0.140891
0.139549
0.139444
0.139583
0.138495
0
0.140787
0.138391
0.138681
0.139433
0.137106
0.137257
0
0.132292
0.132674
0.128148
0.12941
0.130509
0.131759
0
0.149294
0.149155
0.148495
0.146829
0.145174
0.145972
0
0.131354
0.131076
0.127882
0.126933
0.126273
0.125058
0
0.121586
0.119201
0.12037
0.119051
0.117731
0.118229
0
0.115081
0.115625
0.114167
0.110914
0.112338
0.109792
0
0.118738
0.117141
0.116377
0.115382
0.115718
0.112986
0
0.122836
0.118715
0.116377
0.120278
0.117326
0.118877
0
0.112743
0.113877
0.113704
0.109711
0.112014
0.108542
0
0.105822
0.105891
0.107361
0.107222
0.103877
0.102743
0
0.111007
0.110521
0.108704
0.108229
0.106771
0.105405
0
0.103044
0.0986458
0.101424
0.100208
0.0983912
0.0970718
0
0.0988426
0.0984491
0.0984491
0.0984491
0.0984491
0.0984491
0
0.101146
0.101157
0.101169
0.101146
0.101146
0.101169
0
0.1036
0.101238
0.10162
0.101146
0.101169
0.101169
0
0.125336
0.124896
0.124896
0.124896
0.124896
0.124988
0
0.157419
0.157627
0.157049
0.156123
0.156123
0.156123
0
0.216238
0.214988
0.211354
0.209745
0.207743
0.206586
0
0.253356
0.24919
0.247697
0.254433
0.252905
0.24691
0
0.296308
0.293021
0.293218
0.288773
0.290613
0.29
0
0.326933
0.323935
0.321551
0.321134
0.320856
0.319155
0
0.422199
0.421875
0.419479
0.414595
0.412639
0.403669
0
0.430405
0.428113
0.424583
0.427847
0.421863
0.421134
0
0.487674
0.483542
0.47669
0.479687
0.487211
0.47412
0
0.52
0.521354
0.511736
0.509375
0.507407
0.515116
0
0.596366
0.597535
0.590752
0.593079
0.584988
0.584838
0
0.631458
0.626794
0.622697
0.627905
0.621308
0.619398
0
0.653553
0.654479
0.649005
0.650509
0.653229
0.647338
0
0.687361
0.687141
0.685822
0.681481
0.678252
0.676169
0
0.66015
0.662859
0.654676
0.657454
0.655046
0.653646
0
0.659468
0.655845
0.660451
0.650822
0.654537
0.648287
0
0.64912
0.651389
0.638171
0.645521
0.643773
0.640231
0
0.664711
0.666389
0.66419
0.65537
0.654051
0.649248
0
0.659086
0.655579
0.655162
0.648958
0.645289
0.644514
0
0.647558
0.640891
0.640648
0.634294
0.639225
0.640741
0
0.643484
0.646238
0.640822
0.63125
0.630833
0.628981
0
0.637234
0.633588
0.619873
0.627662
0.625046
0.62
0
0.616412
0.611389
0.606748
0.612766
0.603032
0.601331
0
0.591609
0.580775
0.588553
0.578241
0.580486
0.582639
0
0.576308
0.58022
0.56853
0.567975
0.562558
0.559375
0
0.545625
0.544537
0.541262
0.550498
0.53147
0.534005
0
0.520741
0.508669
0.512697
0.518519
0.503727
0.502222
0
0.504954
0.504583
0.493669
0.489109
0.493403
0.488646
0
0.476111
0.471678
0.471678
0.471678
0.471678
0.471678
0
0.476887
0.476887
0.476887
0.476887
0.476887
0.476887
0
0.485417
0.485417
0.485417
0.485417
0.485417
0.485417
0
0.490336
0.490336
0.490336
0.490336
0.490336
0.490336
0
0.489306
0.489329
0.489329
0.489306
0.489306
0.489306
0
0.489687
0.489687
0.489687
0.489687
0.489687
0.489687
0
0.488669
0.488669
0.488681
0.488669
0.488669
0.488669
0
0.498403
0.498403
0.498403
0.498403
0.498403
0.498403
0
0.503715
0.503715
0.503715
0.503715
0.503715
0.503715
0
0.50559
0.50559
0.50559
0.50559
0.50559
0.50559
0
0.508009
0.508009
0.508009
0.508009
0.508009
0.508009
0
0.509653
0.509653
0.509653
0.509653
0.509653
0.509653
0
0.51037
0.510394
0.51037
0.51037
0.51037
0.51037
0
0.510081
0.510081
0.510081
0.510081
0.510081
0.510081
0
0.508947
0.508947
0.508947
0.508947
0.508947
0.508947
0
0.508646
0.508646
0.508646
0.508646
0.508646
0.508646
0
0.508056
0.508056
0.508056
0.508056
0.508056
0.508056
0
0.510914
0.510914
0.510914
0.510914
0.510914
0.510914
0
0.510972
0.510949
0.510949
0.510949
0.510949
0.510949
0
0.512755
0.512755
0.512755
0.512755
0.512755
0.512755
0
0.512697
0.512697
0.512697
0.512697
0.512697
0.512697
0
0.51147
0.51147
0.51147
0.51147
0.51147
0.51147
0
0.511343
0.511331
0.511331
0.511331
0.511343
0.511331
0
0.511273
0.511273
0.511273
0.511273
0.511273
0.511273
0
0.513507
0.513507
0.513507
0.513507
0.513507
0.513507
0
0.509062
0.509062
0.509074
0.509062
0.509062
0.509074
0
0.504653
0.504653
0.504653
0.504653
0.504653
0.504653
0
0.507257
0.507269
0.507257
0.507257
0.507257
0.507269
0
0.501285
0.501296
0.501296
0.501285
0.501285
0.501285
0
0.501736
0.501736
0.501736
0.501736
0.501736
0.501736
0
0.498125
0.498148
0.498125
0.498125
0.498125
0.498148
0
0.50059
0.50059
0.50059
0.50059
0.50059
0.50059
0
0.498681
0.498681
0.498681
0.498681
0.498681
0.498681
0
0.496389
0.496389
0.496389
0.496389
0.496389
0.496389
0
0.495694
0.495694
0.495694
0.495694
0.495694
0.495694
0
0.497292
0.497292
0.497292
0.497315
0.497292
0.497315
0
0.499317
0.499306
0.499317
0.499306
0.499306
0.499306
0
0.501285
0.501285
0.501285
0.501285
0.501296
0.501296
0
0.507222
0.507222
0.507222
0.507222
0.507222
0.507222
0
0.505451
0.505451
0.505451
0.505451
0.505451
0.505451
0
0.504861
0.504861
0.504861
0.504861
0.504861
0.504861
0
0.504826
0.504838
0.504826
0.504826
0.504826
0.504826
0
0.512049
0.512049
0.51206
0.512049
0.51206
0.51206
0
0.512604
0.512604
0.512604
0.512604
0.512604
0.512604
0
0.514097
0.514097
0.514097
0.514097
0.514097
0.514097
0
0.515
0.515023
0.515
0.515
0.515023
0.515023
0
0.517083
0.517083
0.517083
0.517083
0.517083
0.517083
0
0.511505
0.511505
0.511505
0.511493
0.511493
0.511493
0
0.507778
0.507789
0.507778
0.507778
0.507789
0.507778
0
0.509687
0.509687
0.509687
0.509687
0.509687
0.509687
0
0.509236
0.509248
0.509236
0.509236
0.509248
0.509248
0
0.509236
0.509236
0.509236
0.509236
0.509236
0.509236
0
0.509479
0.509479
0.509479
0.509479
0.509491
0.509479
0
0.510312
0.510312
0.510312
0.510312
0.510312
0.510312
0
0.508345
0.508356
0.508333
0.508345
0.508333
0.508333
0
0.50838
0.508368
0.508368
0.50838
0.508368
0.50838
0
0.508125
0.508125
0.508125
0.508125
0.508125
0.508125
0
0.505972
0.505972
0.505972
0.505972
0.505972
0.505972
0
0.509838
0.509838
0.509826
0.509826
0.509838
0.509826
0
0.512639
0.512639
0.512639
0.512639
0.51265
0.512639
0
0.511979
0.511979
0.511979
0.511979
0.511979
0.511979
0
0.512975
0.512975
0.512975
0.512975
0.512975
0.512975
0
0.513264
0.513264
0.513264
0.513264
0.513264
0.51713
0
0.51559
0.51559
0.51559
0.51559
0.51559
0.515602
0
0.516354
0.516354
0.516354
0.516354
0.516354
0.516354
0
0.512778
0.512778
0.512778
0.512778
0.512778
0.512778
0
0.510625
0.510625
0.510625
0.510625
0.510625
0.510625
0
0.514201
0.514213
0.514201
0.514201
0.514201
0.514201
0
0.518333
0.518322
0.518322
0.518322
0.518322
0.518322
0
0.520301
0.520301
0.520301
0.520301
0.520301
0.520312
0
0.517558
0.517535
0.517535
0.517535
0.517535
0.517535
0
0.521111
0.521123
0.521111
0.521111
0.521111
0.521111
0
0.519306
0.519329
0.519306
0.519306
0.519306
0.519306
0
0.516586
0.516586
0.516609
0.516586
0.516597
0.516586
0
0.512083
0.512072
0.512072
0.512072
0.512095
0.512072
0
0.510289
0.510266
0.510266
0.510266
0.510289
0.510266
0
0.5061
0.505903
0.505914
0.505903
0.505903
0.505903
0
0.507245
0.507245
0.507257
0.507245
0.507245
0.507245
0
0.50809
0.50809
0.50809
0.508113
0.50809
0.508102
0
0.508576
0.508576
0.508576
0.508576
0.508576
0.5086
0
0.509259
0.509236
0.509236
0.509236
0.509236
0.509236
0
0.510833
0.510833
0.510833
0.510833
0.510833
0.510833
0
0.510069
0.510069
0.510069
0.510081
0.510069
0.510069
0
0.505914
0.505903
0.505903
0.505903
0.505903
0.505903
0
0.50434
0.50434
0.50434
0.50434
0.50434
0.504352
0
0.501493
0.501493
0.501493
0.501493
0.501493
0.501493
0
0.497917
0.497917
0.497917
0.497928
0.497917
0.497917
0
0.495972
0.495972
0.495972
0.495972
0.495972
0.495972
0
0.494907
0.494896
0.494919
0.494919
0.494896
0.494896
0
0.491563
0.491563
0.491563
0.491574
0.491563
0.491563
0
0.491111
0.491111
0.491111
0.491111
0.491111
0.491111
0
0.495486
0.495486
0.495486
0.495486
0.495486
0.495486
0
0.499826
0.499826
0.499826
0.499826
0.499826
0.499826
0
0.504896
0.504896
0.504896
0.504896
0.504896
0.504896
0
0.508819
0.508819
0.508819
0.508831
0.508831
0.508819
0
0.509583
0.509583
0.509583
0.509595
0.509583
0.509595
0
0.512361
0.512361
0.512361
0.512361
0.512361
0.512361
0
0.5211
0.5211
0.5211
0.5211
0.5211
0.5211
0
0.522662
0.522662
0.522662
0.522674
0.522662
0.522662
0
0.527257
0.527257
0.527257
0.527257
0.527257
0.52728
0
0.530382
0.530382
0.530382
0.530382
0.530382
0.530382
0
0.531759
0.531759
0.531759
0.531759
0.531771
0.531759
0
0.532778
0.532766
0.532766
0.532766
0.532766
0.532766
0
0.531551
0.531551
0.531551
0.531551
0.531551
0.531551
0
0.53434
0.53434
0.534329
0.534329
0.534329
0.534329
0
0.535648
0.535648
0.535648
0.535648
0.535648
0.535648
0
0.53478
0.53478
0.53478
0.53478
0.53478
0.53478
0
0.536516
0.536516
0.536516
0.536516
0.536516
0.536516
0
0.534213
0.534225
0.534225
0.534225
0.534213
0.534213
0
0.536019
0.536019
0.536019
0.536019
0.536019
0.536019
0
0.537373
0.537373
0.537373
0.537373
0.537373
0.537373
0
0.537477
0.537477
0.537477
0.537477
0.537477
0.537477
0
0.537963
0.537963
0.537963
0.537963
0.537963
0.537963
0
0.537975
0.537975
0.537975
0.537975
0.537975
0.537975
0
0.539329
0.539329
0.539329
0.539329
0.539329
0.539329
0
0.538889
0.538877
0.538877
0.538877
0.538877
0.538877
0
0.540174
0.540174
0.540174
0.540174
0.540174
0.540174
0
0.539549
0.539549
0.539549
0.539549
0.539549
0.539549
0
0.539086
0.539086
0.539086
0.539086
0.539086
0.539086
0
0.541725
0.541736
0.541725
0.541725
0.541725
0.541725
0
0.537211
0.537211
0.537211
0.537211
0.537211
0.537222
0
0.538368
0.538368
0.538368
0.538368
0.538368
0.538368
0
0.538553
0.538553
0.538553
0.538553
0.538553
0.538553
0
0.537859
0.537859
0.53787
0.537859
0.537859
0.537859
0
0.536863
0.536863
0.536875
0.536863
0.536863
0.536863
0
0.538044
0.538044
0.538044
0.538044
0.538044
0.538044
0
0.538866
0.538866
0.538866
0.538866
0.538866
0.538866
0
0.539641
0.539641
0.539641
0.539641
0.539641
0.539641
0
0.53985
0.53985
0.53985
0.53985
0.539861
0.53985
0
0.539109
0.539109
0.53912
0.539109
0.539109
0.539109
0
0.538657
0.538657
0.538657
0.538657
0.538669
0.538657
0
0.538356
0.538356
0.538356
0.538356
0.538356
0.538368
0
0.538576
0.538576
0.538576
0.538576
0.538576
0.538576
0
0.539236
0.539248
0.539236
0.539236
0.539236
0.539236
0
0.538727
0.538715
0.538715
0.538715
0.538715
0.538715
0
0.537847
0.537847
0.537847
0.537847
0.537847
0.537859
0
0.541308
0.541308
0.541319
0.541308
0.541308
0.541308
0
0.541435
0.541412
0.541412
0.541412
0.541412
0.541412
0
0.540995
0.540995
0.540995
0.540995
0.540995
0.541007
0
0.540833
0.540822
0.540822
0.540822
0.540822
0.540822
0
0.543183
0.543183
0.543183
0.543183
0.543183
0.543183
0
0.545266
0.545266
0.545266
0.545266
0.545266
0.545266
0
0.544491
0.544502
0.544491
0.544491
0.544491
0.544502
0
0.547454
0.547454
0.547454
0.547454
0.547454
0.547454
0
0.552037
0.552037
0.552037
0.552037
0.552037
0.552037
0
0.558356
0.558356
0.558356
0.55838
0.558356
0.558356
0
0.5625
0.5625
0.5625
0.5625
0.5625
0.5625
0
0.575313
0.575313
0.575313
0.575313
0.575313
0.575313
0
0.594583
0.594583
0.594583
0.594583
0.594583
0.594583
0
0.609387
0.609387
0.609387
0.609387
0.609387
0.609387
0
0.629595
0.629618
0.629595
0.629595
0.629595
0.629595
0
0.637928
0.637928
0.637928
0.63794
0.63794
0.63794
0
0.647801
0.647801
0.647801
0.647801
0.647801
0.647801
0
0.664306
0.664306
0.664306
0.664306
0.664306
0.664306
0
0.674988
0.674988
0.674988
0.674988
0.674988
0.674988
0
0.667731
0.667731
0.667731
0.667731
0.667731
0.667731
0
0.647454
0.647454
0.647454
0.647454
0.647454
0.647454
0
0.617812
0.613704
0.613021
0.615579
0.600347
0.595787
0
0.69103
0.689294
0.680972
0.675417
0.675023
0.669687
0
0.757222
0.75919
0.754965
0.751551
0.747292
0.742361
0
0.79735
0.79191
0.788438
0.788299
0.78478
0.78125
0
0.780069
0.77412
0.770451
0.769167
0.769769
0.763206
0
0.795694
0.805521
0.794537
0.790556
0.787431
0.786481
0
0.796296
0.795058
0.80103
0.79728
0.788287
0.790289
0
0.75787
0.75125
0.752257
0.745451
0.745787
0.745556
0
0.792361
0.785127
0.795266
0.79412
0.778356
0.774653
0
0.775648
0.766192
0.766759
0.76162
0.762465
0.759028
0
0.764086
0.758657
0.76228
0.753738
0.757245
0.753426
0
0.767373
0.75897
0.757269
0.752569
0.755185
0.754097
0
0.754711
0.747002
0.74463
0.744352
0.744537
0.740556
0
0.77838
0.770752
0.767569
0.764306
0.771042
0.762824
0
0.787326
0.781736
0.778495
0.781736
0.779074
0.772697
0
0.786157
0.780914
0.782975
0.776782
0.779225
0.777245
0
0.781597
0.782222
0.776319
0.774144
0.774051
0.771563
0
0.779769
0.773403
0.775035
0.767616
0.766042
0.772512
0
0.771215
0.777234
0.770185
0.765035
0.762234
0.760845
0
0.746863
0.749028
0.758565
0.750718
0.743611
0.74191
0
0.741863
0.735799
0.728299
0.725972
0.729803
0.726852
0
0.740231
0.728426
0.728461
0.721331
0.721366
0.720347
0
0.728461
0.727118
0.733183
0.734016
0.734051
0.725278
0
0.737049
0.733437
0.730243
0.722419
0.719155
0.721562
0
0.726863
0.728565
0.725498
0.712951
0.717905
0.715208
0
0.730174
0.732951
0.717072
0.727361
0.719618
0.716412
0
0.69772
0.701782
0.695694
0.690833
0.692373
0.689734
0
0.68566
0.679722
0.676215
0.674988
0.668368
0.670255
0
0.692454
0.69603
0.687708
0.679884
0.684815
0.680637
0
0.726782
0.715625
0.716782
0.717164
0.710289
0.707257
0
0.73706
0.737396
0.737685
0.729583
0.686076
0.682454
0
0.735845
0.729896
0.726771
0.722546
0.729977
0.725972
0
0.724954
0.720278
0.719618
0.722812
0.725613
0.720266
0
0.712963
0.711157
0.718414
0.707847
0.705347
0.703484
0
0.740544
0.730104
0.730544
0.730104
0.724711
0.727674
0
0.750544
0.738507
0.735475
0.740405
0.732731
0.730694
0
0.728333
0.724549
0.715
0.720498
0.713854
0.715243
0
0.692002
0.694236
0.689375
0.682801
0.684097
0.678056
0
0.685463
0.688565
0.678542
0.674086
0.673507
0.673009
0
0.643704
0.637419
0.632847
0.636771
0.631389
0.628611
0
0.625116
0.636806
0.62441
0.625451
0.622234
0.623206
0
0.678137
0.685012
0.674063
0.673715
0.669248
0.667963
0
0.691238
0.686042
0.686725
0.680278
0.67478
0.677292
0
0.695289
0.686505
0.68375
0.689109
0.680116
0.679236
0
0.652025
0.642975
0.641343
0.637384
0.63397
0.631968
0
0.602072
0.592153
0.585556
0.586597
0.590463
0.584236
0
0.606933
0.601921
0.58515
0.584491
0.580891
0.590648
0
0.632812
0.625035
0.624722
0.61603
0.615683
0.608137
0
0.629155
0.615243
0.611516
0.610613
0.609583
0.602778
0
0.610174
0.594294
0.597535
0.588461
0.587049
0.589271
0
0.587245
0.587824
0.566238
0.59015
0.562361
0.56147
0
0.560486
0.563889
0.555613
0.559225
0.548368
0.54066
0
0.551505
0.545949
0.535764
0.534109
0.539167
0.531146
0
0.528472
0.528924
0.515382
0.514167
0.524317
0.508252
0
0.476493
0.463704
0.467951
0.456933
0.457153
0.45669
0
0.459641
0.453183
0.451007
0.444722
0.438854
0.43566
0
0.471424
0.462106
0.452917
0.449421
0.457731
0.457523
0
0.44853
0.43978
0.443611
0.444271
0.432535
0.427326
0
0.471481
0.474699
0.472407
0.479896
0.481586
0.46015
0
0.448056
0.444051
0.449479
0.430613
0.434271
0.437523
0
0.407604
0.408623
0.403102
0.39691
0.392326
0.393681
0
0.379468
0.369248
0.368669
0.365127
0.362176
0.357361
0
0.345116
0.34059
0.335174
0.327269
0.32941
0.323588
0
0.325671
0.327303
0.322396
0.313935
0.309144
0.31169
0
0.371424
0.37625
0.373056
0.360417
0.355984
0.360359
0
0.38169
0.375475
0.375231
0.372315
0.365046
0.365046
0
0.371748
0.361377
0.358808
0.352766
0.354248
0.35647
0
0.389155
0.388831
0.380509
0.375162
0.372697
0.370694
0
0.404699
0.391887
0.393472
0.386435
0.386262
0.385313
0
0.403368
0.393981
0.39037
0.397639
0.391597
0.388889
0
0.392731
0.384884
0.384201
0.384826
0.376563
0.37353
0
0.36919
0.358229
0.361285
0.356979
0.356319
0.353947
0
0.331053
0.322326
0.326701
0.32463
0.318785
0.320324
0
0.303993
0.299722
0.300266
0.288877
0.297326
0.285104
0
0.379329
0.378634
0.375891
0.348843
0.371968
0.360671
0
0.363877
0.353565
0.350336
0.345787
0.347593
0.347917
0
0.374942
0.372292
0.363345
0.36191
0.353634
0.354444
0
0.333356
0.327188
0.334583
0.322639
0.316354
0.333113
0
0.297755
0.291921
0.294722
0.288032
0.297882
0.280625
0
0.324583
0.312616
0.321562
0.314537
0.308472
0.304838
0
0.297361
0.277963
0.272789
0.286782
0.281389
0.288414
0
0.253079
0.256887
0.246551
0.253495
0.243519
0.239815
0
0.229919
0.2289
0.222095
0.227755
0.218831
0.213646
0
0.20875
0.207234
0.206597
0.200104
0.191134
0.190509
0
0.173542
0.178472
0.163067
0.170093
0.172187
0.16
0
0.150289
0.151053
0.142326
0.143391
0.131771
0.137199
0
0.127442
0.113102
0.118738
0.123403
0.114722
0.109271
0
0.104248
0.101736
0.10081
0.0979514
0.0926852
0.0914699
0
0.078206
0.0827778
0.0731019
0.0784028
0.0809722
0.0736458
0
0.0617593
0.0676505
0.0623032
0.0566782
0.0556481
0.0655324
0
0.0534954
0.0522685
0.0490741
0.0485532
0.0449884
0.0425579
0
0.0396991
0.0393981
0.0360301
0.0365741
0.033912
0.0319097
0
0.028287
0.025544
0.0285417
0.0278819
0.0238194
0.0223148
0
0.0202431
0.0180093
0.0195486
0.018669
0.0175347
0.0169792
0
0.0177083
0.0165509
0.014375
0.0151042
0.0135301
0.0158565
0
0.0216204
0.0196528
0.02
0.0212847
0.0215278
0.0215162
0
0.0132986
0.0129051
0.0126968
0.0107176
0.0119444
0.0111806
0
0.0332639
0.0331597
0.0329514
0.0316319
0.031169
0.0315856
0
0.0494676
0.0475231
0.0476968
0.0464931
0.0456944
0.0453472
0
0.0948495
0.0928125
0.0929861
0.0902083
0.0915972
0.0899884
0
0.121204
0.112465
0.115139
0.111343
0.109965
0.109468
0
0.114549
0.114097
0.111308
0.113194
0.109329
0.107083
0
0.105127
0.105058
0.105938
0.104537
0.102743
0.0992708
0
0.0733218
0.0732639
0.0735069
0.0727778
0.072662
0.0725
0
0.0520833
0.0519329
0.0524884
0.0510648
0.0505556
0.0504167
0
0.0590972
0.0544444
0.0545602
0.0538773
0.0538194
0.0535301
0
0.0721528
0.0620718
0.0629051
0.060625
0.0594444
0.0591551
0
0.0776389
0.070162
0.0773611
0.0692245
0.0715972
0.0693056
0
0.0869329
0.0856944
0.0789236
0.0862037
0.0827315
0.0802083
0
0.0876042
0.0872106
0.0871528
0.0868981
0.0826389
0.0843981
0
0.0636806
0.0630208
0.0634954
0.061169
0.0608681
0.0618287
0
0.0152662
0.014919
0.014537
0.014838
0.0144097
0.0146296
0
0.00715278
0.00715278
0.00715278
0.00715278
0.00715278
0.00715278
0
0.00840278
0.00840278
0.00840278
0.00840278
0.00840278
0.00840278
0
0.0117014
0.0108333
0.0103472
0.0103472
0.0103472
0.0106481
0
0.0253356
0.0241667
0.0241667
0.0241667
0.0241667
0.0241667
0
0.0856944
0.0823264
0.0810648
0.0811806
0.0809028
0.0804051
0
0.174005
0.173657
0.173056
0.168437
0.167164
0.167465
0
0.279155
0.27235
0.271667
0.272662
0.275
0.270347
0
0.345139
0.339236
0.338368
0.337187
0.335903
0.334537
0
0.312535
0.312326
0.311007
0.311273
0.312014
0.308183
0
0.264653
0.265104
0.265949
0.265394
0.264421
0.260868
0
0.234722
0.232222
0.234063
0.232326
0.231968
0.231586
0
0.200903
0.201181
0.201782
0.201065
0.199687
0.199965
0
0.128322
0.12625
0.127049
0.127326
0.125903
0.125301
0
0.0529514
0.0535764
0.0518981
0.0535764
0.0534722
0.0524537
0
0.00258102
0.00258102
0.00258102
0.00258102
0.00258102
0.00258102
0
0.00261574
0.0021875
0.00228009
0.00215278
0.00215278
0.00224537
0
0.00118056
0.000833333
0.000960648
0.00101852
0.000798611
0.000891204
0
0
0
9.25926e-05
9.25926e-05
0
0
0
0
0
2.31481e-05
0.000162037
0
9.25926e-05
0
0
9.25926e-05
0
2.31481e-05
0
9.25926e-05
0
0
0
9.25926e-05
2.31481e-05
0.000162037
0
0
2.31481e-05
9.25926e-05
0
9.25926e-05
0
0
0
0
0
0.000162037
2.31481e-05
0
9.25926e-05
0
0
9.25926e-05
0
9.25926e-05
2.31481e-05
0.000162037
0
2.31481e-05
0
0
0.000162037
0
9.25926e-05
0
0
9.25926e-05
9.25926e-05
0
0
2.31481e-05
0
0
2.31481e-05
0
0
0.000162037
9.25926e-05
0
2.31481e-05
9.25926e-05
9.25926e-05
0
0
0
0
2.31481e-05
0
0
0.000162037
0
9.25926e-05
0
0
9.25926e-05
0
9.25926e-05
2.31481e-05
0
0
0
2.31481e-05
9.25926e-05
0.000162037
0
0
0
0
0
0
9.25926e-05
2.31481e-05
9.25926e-05
0
3.47222e-05
9.25926e-05
2.31481e-05
0
0
0.000162037
0
0
2.31481e-05
9.25926e-05
9.25926e-05
0
0
0
0.0402431
0.038044
0.0381134
0.0379745
0.0377778
0.0376736
0
0.0513542
0.0500347
0.0499884
0.0498611
0.0497106
0.0496065
0
0.0587153
0.0558218
0.0563426
0.0548148
0.0545486
0.0545139
0
0.0633912
0.0620486
0.0621528
0.0606944
0.0597801
0.0595023
0
0.0906829
0.0928009
0.0921065
0.0930208
0.0890972
0.0879861
0
0.154097
0.148044
0.147118
0.148079
0.147153
0.145961
0
0.190961
0.184502
0.184641
0.185312
0.185729
0.183056
0
0.197187
0.199618
0.194826
0.195093
0.191065
0.193356
0
0.204363
0.198912
0.197604
0.195937
0.196238
0.194062
0
0.190926
0.188889
0.188079
0.186655
0.184062
0.181516
0
0.196285
0.194433
0.190926
0.189965
0.190961
0.189757
0
0.201181
0.19559
0.198495
0.193773
0.193704
0.198322
0
0.208981
0.204618
0.203403
0.205995
0.202697
0.201493
0
0.224225
0.225058
0.222917
0.219167
0.220579
0.218843
0
0.263044
0.258576
0.252951
0.256238
0.254988
0.251458
0
0.257627
0.252812
0.255579
0.254433
0.255856
0.249375
0
0.262257
0.252905
0.254086
0.25184
0.256586
0.251146
0
0.256215
0.256007
0.253391
0.249676
0.246481
0.248322
0
0.282037
0.271528
0.276134
0.271528
0.273704
0.268403
0
0.302211
0.299884
0.29228
0.29478
0.292847
0.289861
0
0.285139
0.283889
0.282037
0.277662
0.278322
0.274757
0
0.270475
0.262523
0.26316
0.264363
0.264988
0.259306
0
0.266181
0.267106
0.263299
0.262315
0.261562
0.258843
0
0.301944
0.298912
0.296134
0.300961
0.290648
0.291736
0
0.307211
0.304653
0.304676
0.299965
0.30169
0.29875
0
0.350752
0.339537
0.343229
0.345718
0.34603
0.33875
0
0.407176
0.403507
0.400822
0.404028
0.397801
0.396146
0
0.412639
0.408241
0.404468
0.401447
0.404965
0.398611
0
0.415509
0.41059
0.408356
0.405035
0.406007
0.405822
0
0.406562
0.399641
0.403958
0.401412
0.402315
0.394433
0
0.404329
0.395799
0.398333
0.392766
0.39544
0.389201
0
0.391215
0.387847
0.384433
0.390243
0.379861
0.381458
0
0.422014
0.418252
0.415301
0.413889
0.411273
0.408403
0
0.468322
0.468229
0.466076
0.462778
0.461528
0.457766
0
0.469815
0.471065
0.470833
0.466701
0.464294
0.464896
0
0.492708
0.48978
0.486875
0.483183
0.483704
0.47919
0
0.481204
0.480868
0.479086
0.472813
0.470822
0.474954
0
0.508704
0.494595
0.505185
0.501991
0.489965
0.503727
0
0.516123
0.513715
0.510324
0.507269
0.502917
0.50066
0
0.525312
0.523947
0.519954
0.515174
0.514468
0.509051
0
0.527975
0.519745
0.526458
0.519363
0.526111
0.512153
0
0.548438
0.542188
0.546435
0.537512
0.530764
0.52412
0
0.525428
0.524086
0.522141
0.52537
0.515579
0.5086
0
0.516308
0.507211
0.510231
0.499583
0.505694
0.494919
0
0.519745
0.517211
0.511065
0.515486
0.51934
0.504248
0
0.520069
0.520069
0.520069
0.520069
0.520069
0.520069
0
0.526458
0.526458
0.526458
0.526481
0.526458
0.526458
0
0.533947
0.533947
0.533947
0.533958
0.533947
0.533947
0
0.532025
0.5264
0.525046
0.5264
0.525035
0.525046
0
0.520347
0.520347
0.520347
0.520347
0.520347
0.520347
0
0.526146
0.526157
0.526146
0.526146
0.526146
0.526146
0
0.528322
0.528322
0.528322
0.528322
0.528322
0.528322
0
0.531667
0.531667
0.531667
0.531667
0.531667
0.531667
0
0.527662
0.527662
0.527662
0.527662
0.527662
0.527662
0
0.523785
0.523785
0.523785
0.523785
0.523785
0.523785
0
0.528912
0.528912
0.528935
0.528912
0.528912
0.528935
0
0.525683
0.525671
0.525671
0.525671
0.525671
0.525683
0
0.525625
0.525625
0.525637
0.525625
0.525637
0.525625
0
0.527257
0.527269
0.527269
0.527257
0.527257
0.527257
0
0.529039
0.529051
0.529039
0.529039
0.529039
0.529051
0
0.528322
0.528322
0.528333
0.528322
0.528322
0.528333
0
0.530382
0.530382
0.530359
0.530359
0.530359
0.530382
0
0.526933
0.526944
0.526944
0.526933
0.526933
0.526933
0
0.530868
0.53088
0.530868
0.530868
0.530868
0.53088
0
0.536481
0.536481
0.536481
0.536481
0.536481
0.536505
0
0.54265
0.54265
0.54265
0.54265
0.54265
0.54265
0
0.55941
0.55941
0.55941
0.55941
0.55941
0.55941
0
0.558762
0.558762
0.558773
0.558762
0.558773
0.558762
0
