0
0
2.61855e-322
0.0750231
0.0709375
2.61855e-322
0.102986
0.105579
2.61855e-322
0.127662
0.124271
2.61855e-322
0.132778
0.134942
2.42092e-322
0.141563
0.139306
2.42092e-322
0.157465
0.158275
2.42092e-322
0.158206
0.155972
2.61855e-322
0.16081
0.158403
2.61855e-322
0.166007
0.167581
2.61855e-322
0.170637
0.168368
2.61855e-322
0.168576
0.169977
2.61855e-322
0.171331
0.169028
2.61855e-322
0.169583
0.170914
2.61855e-322
0.169248
0.167778
2.61855e-322
0.165637
0.164965
2.61855e-322
0.164271
0.164595
2.61855e-322
0.167338
0.166597
2.61855e-322
0.175671
0.174861
2.61855e-322
0.183032
0.182153
2.61855e-322
0.186076
0.186296
2.42092e-322
0.18515
0.18441
2.61855e-322
0.181146
0.181505
2.42092e-322
0.179965
0.179178
2.61855e-322
0.174491
0.174537
2.61855e-322
0.172373
0.172627
2.61855e-322
0.177222
0.176273
2.61855e-322
0.182778
0.18169
2.61855e-322
0.200394
0.198877
2.61855e-322
0.229167
0.229144
2.61855e-322
0.255428
0.252986
2.42092e-322
0.284317
0.283542
2.61855e-322
0.293634
0.292674
2.42092e-322
0.301829
0.300394
2.61855e-322
0.30772
0.307384
2.42092e-322
0.301505
0.299444
2.61855e-322
0.294525
0.292882
2.61855e-322
0.28735
0.284838
2.61855e-322
0.280972
0.281053
2.61855e-322
0.268449
0.266933
2.61855e-322
0.267211
0.265081
2.61855e-322
0.265475
0.264144
2.61855e-322
0.268356
0.266539
2.42092e-322
0.271262
0.270116
2.61855e-322
0.273299
0.272153
2.42092e-322
0.273669
0.273576
2.61855e-322
0.275926
0.275637
2.42092e-322
0.273252
0.271713
2.42092e-322
0.269109
0.268669
2.61855e-322
0.264699
0.264294
2.42092e-322
0.260035
0.259387
2.61855e-322
0.255891
0.254491
2.42092e-322
0.250787
0.248449
2.61855e-322
0.24544
0.243935
2.42092e-322
0.240648
0.239109
2.61855e-322
0.236829
0.234873
2.42092e-322
0.236574
0.234734
2.61855e-322
0.231389
0.23088
2.42092e-322
0.226771
0.226192
2.42092e-322
0.223646
0.223484
2.61855e-322
0.220625
0.220637
2.42092e-322
0.217685
0.215833
2.61855e-322
0.212303
0.210764
2.42092e-322
0.21015
0.208611
2.61855e-322
0.212292
0.210949
2.42092e-322
0.208715
0.207755
2.61855e-322
0.206227
0.205208
2.42092e-322
0.204398
0.204306
2.61855e-322
0.202338
0.200833
2.42092e-322
0.200532
0.199549
2.61855e-322
0.199803
0.198368
2.42092e-322
0.197303
0.19566
2.42092e-322
0.193299
0.192442
2.61855e-322
0.195243
0.195116
2.42092e-322
0.190914
0.189757
2.42092e-322
0.189028
0.189005
2.42092e-322
0.186701
0.185914
2.61855e-322
0.18588
0.184826
2.61855e-322
0.182917
0.182616
2.61855e-322
0.178669
0.178264
2.61855e-322
0.178264
0.176863
2.42092e-322
0.177234
0.17625
2.61855e-322
0.173472
0.173171
2.42092e-322
0.172535
0.171586
2.61855e-322
0.169618
0.16853
2.42092e-322
0.166678
0.165556
2.42092e-322
0.164757
0.164491
2.42092e-322
0.162361
0.162095
2.42092e-322
0.161771
0.160671
2.61855e-322
0.164931
0.164039
2.42092e-322
0.160336
0.158507
2.42092e-322
0.156632
0.156539
2.42092e-322
0.15662
0.154178
2.42092e-322
0.162882
0.160162
2.61855e-322
0.17015
0.16625
2.42092e-322
0.174433
0.17375
2.61855e-322
0.175336
0.174896
2.42092e-322
0.171146
0.169294
2.42092e-322
0.172465
0.171505
2.42092e-322
0.159711
0.158472
2.42092e-322
0.154028
0.153206
2.42092e-322
0.148889
0.148553
2.42092e-322
0.146493
0.145949
2.42092e-322
0.147049
0.146678
2.42092e-322
0.148924
0.147454
2.42092e-322
0.143796
0.142465
2.61855e-322
0.149317
0.146181
2.42092e-322
0.14037
0.13934
2.42092e-322
0.134028
0.132488
2.61855e-322
0.129271
0.127905
2.42092e-322
0.125938
0.125463
2.61855e-322
0.123657
0.121875
2.42092e-322
0.122269
0.120069
2.42092e-322
0.121366
0.119236
2.61855e-322
0.125556
0.123692
2.42092e-322
0.124583
0.124248
2.61855e-322
0.12294
0.121563
2.42092e-322
0.117234
0.115486
2.42092e-322
0.11228
0.111007
2.61855e-322
0.109826
0.108113
2.42092e-322
0.108194
0.106863
2.42092e-322
0.105752
0.10441
2.61855e-322
0.103657
0.10184
2.42092e-322
0.109583
0.108032
2.61855e-322
0.105833
0.10412
2.42092e-322
0.103299
0.101447
2.42092e-322
0.100104
0.0993519
2.61855e-322
0.0958681
0.0943519
2.42092e-322
0.0983449
0.0965972
2.61855e-322
0.102083
0.101609
2.42092e-322
0.107546
0.105451
2.61855e-322
0.117338
0.115035
2.42092e-322
0.114965
0.114907
2.42092e-322
0.113715
0.112546
2.61855e-322
0.118519
0.117118
2.42092e-322
0.132164
0.130035
2.61855e-322
0.149769
0.14691
2.42092e-322
0.170498
0.167847
2.42092e-322
0.189977
0.187882
2.61855e-322
0.234861
0.231609
2.42092e-322
0.246076
0.245185
2.61855e-322
0.267118
0.265532
2.42092e-322
0.289977
0.287847
2.61855e-322
0.308171
0.305208
2.42092e-322
0.327708
0.325718
2.61855e-322
0.342187
0.340683
2.42092e-322
0.354653
0.352963
2.42092e-322
0.365312
0.363935
2.61855e-322
0.392118
0.388704
2.42092e-322
0.397488
0.396424
2.42092e-322
0.403796
0.402083
2.61855e-322
0.409097
0.408275
2.42092e-322
0.417512
0.415069
2.61855e-322
0.423137
0.421458
2.42092e-322
0.429167
0.42838
2.42092e-322
0.433484
0.43125
2.61855e-322
0.448021
0.447442
2.42092e-322
0.444942
0.443229
2.61855e-322
0.440799
0.440602
2.42092e-322
0.442512
0.440278
2.42092e-322
0.440255
0.439028
2.61855e-322
0.44022
0.439097
2.42092e-322
0.43875
0.437824
2.42092e-322
0.437164
0.435937
2.61855e-322
0.443021
0.441991
2.42092e-322
0.44015
0.438889
2.61855e-322
0.437917
0.437407
2.42092e-322
0.446169
0.44463
2.61855e-322
0.454317
0.452639
2.42092e-322
0.461817
0.460278
2.42092e-322
0.46816
0.467928
2.61855e-322
0.473993
0.473171
2.42092e-322
0.478125
0.477512
2.61855e-322
0.501586
0.499653
2.42092e-322
0.501042
0.500706
2.42092e-322
0.502095
0.500694
2.42092e-322
0.502153
0.501227
2.42092e-322
0.504595
0.502014
2.42092e-322
0.505845
0.504514
2.42092e-322
0.505417
0.50412
2.42092e-322
0.508819
0.507477
2.42092e-322
0.525544
0.522627
2.42092e-322
0.520197
0.51787
2.61855e-322
0.518866
0.51684
2.61855e-322
0.514097
0.512477
2.61855e-322
0.509201
0.507083
2.61855e-322
0.505694
0.504225
2.61855e-322
0.502188
0.5
2.61855e-322
0.500799
0.499792
2.61855e-322
0.505972
0.503611
2.61855e-322
0.502257
0.500868
2.61855e-322
0.506458
0.504271
2.61855e-322
0.508646
0.507535
2.61855e-322
0.510312
0.508125
2.61855e-322
0.514745
0.510475
2.61855e-322
0.513218
0.509433
2.61855e-322
0.512454
0.510822
2.42092e-322
0.517419
0.516169
2.42092e-322
0.538461
0.535544
2.42092e-322
0.538738
0.53669
2.42092e-322
0.540995
0.537766
2.61855e-322
0.538287
0.535023
2.42092e-322
0.548958
0.545243
2.42092e-322
0.552222
0.551042
2.61855e-322
0.558924
0.557292
2.42092e-322
0.55816
0.556701
2.61855e-322
0.595243
0.588889
2.42092e-322
0.586875
0.584132
2.61855e-322
0.585625
0.581285
2.61855e-322
0.582847
0.580764
2.42092e-322
0.580382
0.57816
2.61855e-322
0.574792
0.569965
2.42092e-322
0.56875
0.566806
2.61855e-322
0.564028
0.562292
2.42092e-322
0.581806
0.575208
2.42092e-322
0.566076
0.565139
2.61855e-322
0.562639
0.559653
2.42092e-322
0.558183
0.552951
2.42092e-322
0.552361
0.551111
2.61855e-322
0.552118
0.545729
2.42092e-322
0.545417
0.544444
2.42092e-322
0.539583
0.536771
2.61855e-322
0.538125
0.537882
2.42092e-322
0.548056
0.544931
2.42092e-322
0.538264
0.532326
2.61855e-322
0.532986
0.525278
2.42092e-322
0.521771
0.518437
2.42092e-322
0.515521
0.515729
2.61855e-322
0.508264
0.501875
2.42092e-322
0.501389
0.499444
2.61855e-322
0.492743
0.48941
2.42092e-322
0.505069
0.499375
2.42092e-322
0.49059
0.485174
2.61855e-322
0.47941
0.469375
2.42092e-322
0.468264
0.462222
2.42092e-322
0.460903
0.453472
2.61855e-322
0.451424
0.449861
2.42092e-322
0.44809
0.440694
2.42092e-322
0.43875
0.435764
2.61855e-322
0.4875
0.477118
2.42092e-322
0.456701
0.453264
2.42092e-322
0.440625
0.43809
2.61855e-322
0.426632
0.423542
2.42092e-322
0.416701
0.414583
2.61855e-322
0.409861
0.403958
2.42092e-322
0.396424
0.393611
2.42092e-322
0.387813
0.381285
2.61855e-322
0.377743
0.375903
2.42092e-322
0.405833
0.394931
2.42092e-322
0.387188
0.380278
2.61855e-322
0.370382
0.368958
2.42092e-322
0.359306
0.357986
2.42092e-322
0.352326
0.345938
2.61855e-322
0.341076
0.33441
2.42092e-322
0.329514
0.328403
2.42092e-322
0.324896
0.318194
2.61855e-322
0.369167
0.358021
2.42092e-322
0.343403
0.337187
2.42092e-322
0.32691
0.320035
2.61855e-322
0.315208
0.308785
2.42092e-322
0.305174
0.303056
2.61855e-322
0.293264
0.291215
2.42092e-322
0.282014
0.276354
2.61855e-322
0.275729
0.268368
2.42092e-322
0.278576
0.27309
2.42092e-322
0.263889
0.256667
2.61855e-322
0.253333
0.251319
2.42092e-322
0.246181
0.244826
2.61855e-322
0.240799
0.234167
2.42092e-322
0.230937
0.224132
2.42092e-322
0.226146
0.218681
2.61855e-322
0.219549
0.217778
2.42092e-322
0.216528
0.211111
2.61855e-322
0.26066
0.253958
2.42092e-322
0.244201
0.241458
2.42092e-322
0.237118
0.236181
2.42092e-322
0.232847
0.230382
2.42092e-322
0.21934
0.21816
2.42092e-322
0.212257
0.205868
2.42092e-322
0.201736
0.195556
2.42092e-322
0.191806
0.185486
2.42092e-322
0.215833
0.211562
2.42092e-322
0.198125
0.192049
2.42092e-322
0.18309
0.176771
2.42092e-322
0.168472
0.168854
2.42092e-322
0.162326
0.155521
2.42092e-322
0.153125
0.147708
2.42092e-322
0.148472
0.14309
2.42092e-322
0.141597
0.137187
2.42092e-322
0.154722
0.149792
2.42092e-322
0.141493
0.136319
2.42092e-322
0.131562
0.126111
2.42092e-322
0.122951
0.122535
2.42092e-322
0.124167
0.121285
2.42092e-322
0.111979
0.10816
2.42092e-322
0.102199
0.0990972
2.42092e-322
0.096331
0.0945486
2.42092e-322
0.0917014
0.0897685
2.42092e-322
0.0912037
0.0857292
2.42092e-322
0.0825
0.0825926
2.42092e-322
0.0807523
0.0758681
2.42092e-322
0.0906134
0.0843403
2.42092e-322
0.0812731
0.0759028
2.42092e-322
0.0742593
0.0695139
2.42092e-322
0.070162
0.0646528
2.42092e-322
0.0603704
0.0554167
2.42092e-322
0.054213
0.0511806
2.42092e-322
0.0516204
0.0482639
2.42092e-322
0.0450694
0.0447106
2.42092e-322
0.0589005
0.05625
2.42092e-322
0.0499421
0.0488542
2.42092e-322
0.0441782
0.0436806
2.42092e-322
0.0421644
0.0407986
2.42092e-322
0.0427083
0.0424421
2.61855e-322
0.0416319
0.0411574
2.42092e-322
0.0409028
0.039838
2.42092e-322
0.0395602
0.0390972
2.42092e-322
0.0375694
0.0365972
2.42092e-322
0.0455556
0.0430556
2.42092e-322
0.0399306
0.0392014
2.42092e-322
0.034375
0.0339583
2.42092e-322
0.0317708
0.0311806
2.42092e-322
0.0302083
0.03
2.42092e-322
0.0346412
0.0312847
2.42092e-322
0.0342245
0.030625
2.42092e-322
0.0333565
0.0298611
2.42092e-322
0.0457986
0.0390278
2.42092e-322
0.0368403
0.0389931
2.61855e-322
0.0357639
0.0326389
2.42092e-322
0.0286458
0.0309722
2.42092e-322
0.0263657
0.025625
2.42092e-322
0.0263194
0.0259028
2.42092e-322
0.025
0.0246528
2.42092e-322
0.0225
0.0218056
2.42092e-322
0.0329514
0.0315162
2.42092e-322
0.0262847
0.0256597
2.42092e-322
0.0340856
0.0319097
2.42092e-322
0.0299306
0.0295486
2.61855e-322
0.0263194
0.0262731
2.42092e-322
0.0238889
0.0240625
2.42092e-322
0.0218287
0.02125
2.42092e-322
0.0209722
0.0200347
2.42092e-322
0.0198148
0.0189583
2.42092e-322
0.0188542
0.0182986
2.42092e-322
0.0174653
0.0173843
2.61855e-322
0.0225347
0.0215972
2.42092e-322
0.0186458
0.0182986
2.42092e-322
0.0185417
0.0179167
2.42092e-322
0.0168403
0.0161806
2.42092e-322
0.0159028
0.0152431
2.61855e-322
0.0145139
0.0138542
2.42092e-322
0.0129514
0.0123611
2.42092e-322
0.0117014
0.0115625
2.61855e-322
0.0152431
0.0147917
2.42092e-322
0.0140972
0.0135764
2.42092e-322
0.0117014
0.0108681
2.42092e-322
0.0100694
0.00940972
2.42092e-322
0.00944444
0.00944444
2.42092e-322
0.00881944
0.00888889
2.42092e-322
0.00763889
0.00753472
2.42092e-322
0.00805556
0.00732639
2.42092e-322
0.0148264
0.0131597
2.42092e-322
0.0122222
0.0115972
2.42092e-322
0.0120486
0.0119444
2.42092e-322
0.0128125
0.0127778
2.42092e-322
0.0134375
0.0132639
2.42092e-322
0.0137153
0.0124653
2.42092e-322
0.0138542
0.0134028
2.42092e-322
0.0136458
0.0128472
2.42092e-322
0.0149653
0.0147917
2.42092e-322
0.0160764
0.0159028
2.42092e-322
0.0145486
0.0142708
2.42092e-322
0.0138194
0.0137153
2.42092e-322
0.0130208
0.0125694
2.42092e-322
0.0139931
0.0136111
2.42092e-322
0.0163889
0.0160417
2.42092e-322
0.0184028
0.0180208
2.42092e-322
0.0187847
0.0186458
2.42092e-322
0.0210417
0.0206944
2.42092e-322
0.0181944
0.0181944
2.42092e-322
0.0172917
0.0166667
2.42092e-322
0.0169792
0.016875
2.42092e-322
0.0177431
0.0171875
2.42092e-322
0.0161458
0.0156944
2.42092e-322
0.0136111
0.0137153
2.42092e-322
0.0135069
0.0134375
2.42092e-322
0.0167708
0.016875
2.42092e-322
0.0173611
0.0173264
2.42092e-322
0.0159722
0.0161111
2.42092e-322
0.0148958
0.0146528
2.42092e-322
0.0125694
0.0127778
2.42092e-322
0.0117361
0.0108681
2.42092e-322
0.00993056
0.009375
2.42092e-322
0.00913194
0.00857639
2.42092e-322
0.00930556
0.00885417
2.61855e-322
0.00885417
0.00822917
2.42092e-322
0.00732639
0.00677083
2.61855e-322
0.00743056
0.00694444
2.61855e-322
0.00715278
0.00725694
2.61855e-322
0.00642361
0.00583333
2.61855e-322
0.00590278
0.005625
2.42092e-322
0.00545139
0.00534722
2.42092e-322
0.00524306
0.00510417
2.42092e-322
0.00607639
0.00597222
2.42092e-322
0.00586806
0.00572917
2.42092e-322
0.0059375
0.00569444
2.42092e-322
0.00586806
0.00569444
2.42092e-322
0.00646991
0.00638889
2.42092e-322
0.00684028
0.00673611
2.42092e-322
0.00996528
0.00927083
2.42092e-322
0.0134722
0.0133681
2.42092e-322
0.0142708
0.0141667
2.42092e-322
0.0138889
0.0138542
2.42092e-322
0.0160069
0.0160069
2.61855e-322
0.0184028
0.0172917
2.42092e-322
0.0163889
0.01625
2.42092e-322
0.0157639
0.0156944
2.42092e-322
0.0146528
0.0145833
2.42092e-322
0.0145833
0.0144097
2.42092e-322
0.014375
0.0136806
2.42092e-322
0.0147222
0.0145486
2.42092e-322
0.0141319
0.0140278
2.42092e-322
0.0138194
0.0136806
2.42092e-322
0.0141667
0.0139236
2.42092e-322
0.0137847
0.0136806
2.42092e-322
0.0158681
0.0155556
2.42092e-322
0.0151042
0.0147222
2.42092e-322
0.0146875
0.0144444
2.61855e-322
0.0160764
0.0156944
2.42092e-322
0.0174306
0.0170833
2.42092e-322
0.0185069
0.0182639
2.61855e-322
0.0189236
0.0186806
2.42092e-322
0.0172917
0.0171181
2.42092e-322
0.015
0.015
2.42092e-322
0.0148958
0.0145486
2.42092e-322
0.0152431
0.0152431
2.42092e-322
0.0133333
0.0133333
2.42092e-322
0.0104861
0.0103472
2.42092e-322
0.00892361
0.00878472
2.42092e-322
0.00864583
0.00822917
2.42092e-322
0.00777778
0.00770833
2.42092e-322
0.00677083
0.00652778
2.42092e-322
0.00527778
0.00524306
2.42092e-322
0.00461806
0.00458333
2.42092e-322
0.0040625
0.00395833
2.42092e-322
0.00465278
0.00465278
2.42092e-322
0.00739583
0.00725694
2.42092e-322
0.00996528
0.00979167
2.42092e-322
0.0152778
0.0148958
2.42092e-322
0.020625
0.0203125
2.42092e-322
0.0265625
0.0256944
2.42092e-322
0.0323611
0.031875
2.42092e-322
0.0349306
0.0347222
2.42092e-322
0.0379167
0.0376736
2.42092e-322
0.0390278
0.0390278
2.42092e-322
0.040625
0.0403472
2.42092e-322
0.0423264
0.0422569
2.42092e-322
0.0424884
0.0425231
2.42092e-322
0.0432639
0.043125
2.42092e-322
0.0428819
0.0426042
2.42092e-322
0.0408333
0.0408681
2.42092e-322
0.0407986
0.0404861
2.42092e-322
0.0380903
0.0374306
2.42092e-322
0.0380903
0.0379167
2.42092e-322
0.0369792
0.0368056
2.42092e-322
0.0357639
0.035625
2.61855e-322
0.0345833
0.0342708
2.42092e-322
0.0337153
0.0339236
2.42092e-322
0.0338889
0.0364005
2.42092e-322
0.0345139
0.0367824
2.42092e-322
0.0373611
0.0398958
2.42092e-322
0.0433333
0.0401389
2.61855e-322
0.0497338
0.0469097
2.42092e-322
0.0552894
0.0522569
2.42092e-322
0.0617477
0.0591667
2.42092e-322
0.0730556
0.0750463
2.42092e-322
0.0882407
0.0838542
2.61855e-322
0.111192
0.104757
2.42092e-322
0.135486
0.130266
2.42092e-322
0.153785
0.151551
2.42092e-322
0.175486
0.17191
2.42092e-322
0.203183
0.200926
2.42092e-322
0.239896
0.23691
2.42092e-322
0.268993
0.264479
2.42092e-322
0.295058
0.291204
2.42092e-322
0.316493
0.31441
2.42092e-322
0.337847
0.335208
2.42092e-322
0.350972
0.347986
2.42092e-322
0.367963
0.363102
2.42092e-322
0.380208
0.375486
2.42092e-322
0.428738
0.42235
2.42092e-322
0.471956
0.463241
2.42092e-322
0.485625
0.479005
2.42092e-322
0.504965
0.498356
2.42092e-322
0.523854
0.516042
2.42092e-322
0.54081
0.535046
2.42092e-322
0.560972
0.55397
2.42092e-322
0.585023
0.579016
2.42092e-322
0.60434
0.597743
2.42092e-322
0.611701
0.605347
2.42092e-322
0.630069
0.622882
2.42092e-322
0.641736
0.63463
2.42092e-322
0.641782
0.635914
2.42092e-322
0.657801
0.650046
2.42092e-322
0.674259
0.666366
2.42092e-322
0.682303
0.673403
2.42092e-322
0.695046
0.689919
2.61855e-322
0.709248
0.703472
2.42092e-322
0.711829
0.706644
2.42092e-322
0.721713
0.71691
2.42092e-322
0.734259
0.731748
2.42092e-322
0.743403
0.737639
2.42092e-322
0.72537
0.71897
2.42092e-322
0.728079
0.721829
2.42092e-322
0.749468
0.745498
2.42092e-322
0.749687
0.745012
2.42092e-322
0.760428
0.754259
2.42092e-322
0.768785
0.764109
2.42092e-322
0.780336
0.778611
2.42092e-322
0.779294
0.775856
2.42092e-322
0.783299
0.778785
2.42092e-322
0.785729
0.782813
2.42092e-322
0.785891
0.782581
2.42092e-322
0.805035
0.80191
2.61855e-322
0.796586
0.79206
2.61855e-322
0.789479
0.784757
2.61855e-322
0.787801
0.784687
2.61855e-322
0.779294
0.775023
2.61855e-322
0.776447
0.773785
2.42092e-322
0.770104
0.765486
2.42092e-322
0.76125
0.756308
2.42092e-322
0.757396
0.752674
2.42092e-322
0.748322
0.74397
2.42092e-322
0.771736
0.764375
2.61855e-322
0.798808
0.794653
2.42092e-322
0.808461
0.803912
2.42092e-322
0.803912
0.797951
2.42092e-322
0.802928
0.795428
2.42092e-322
0.79515
0.790231
2.42092e-322
0.788704
0.781319
2.42092e-322
0.788449
0.783113
2.42092e-322
0.782292
0.77809
2.42092e-322
0.789086
0.781042
2.61855e-322
0.790637
0.785868
2.42092e-322
0.785093
0.781944
2.42092e-322
0.778669
0.773924
2.42092e-322
0.76235
0.756458
2.42092e-322
0.73919
0.735231
2.42092e-322
0.71647
0.7114
2.42092e-322
0.697361
0.694097
2.42092e-322
0.699016
0.694826
2.42092e-322
0.690208
0.681574
2.42092e-322
0.682141
0.678426
2.42092e-322
0.70103
0.691412
2.42092e-322
0.691354
0.686586
2.42092e-322
0.699653
0.693611
2.42092e-322
0.699167
0.694016
2.42092e-322
0.682535
0.674861
2.42092e-322
0.669745
0.663646
2.42092e-322
0.684167
0.677118
2.61855e-322
0.703345
0.696319
2.42092e-322
0.692187
0.686215
2.61855e-322
0.699792
0.690509
2.42092e-322
0.697326
0.6925
2.42092e-322
0.703507
0.696377
2.61855e-322
0.733738
0.725544
2.61855e-322
0.742153
0.735544
2.61855e-322
0.743993
0.738993
2.42092e-322
0.732627
0.727326
2.42092e-322
0.728634
0.722303
2.61855e-322
0.725926
0.720498
2.42092e-322
0.720174
0.715891
2.42092e-322
0.735417
0.730255
2.42092e-322
0.714178
0.711285
2.42092e-322
0.694641
0.690428
2.42092e-322
0.688194
0.683345
2.42092e-322
0.693044
0.686632
2.42092e-322
0.698785
0.690301
2.42092e-322
0.703576
0.694907
2.42092e-322
0.696863
0.688646
2.42092e-322
0.705451
0.696424
2.42092e-322
0.713299
0.702315
2.42092e-322
0.731354
0.72044
2.42092e-322
0.723553
0.71419
2.42092e-322
0.713681
0.705486
2.42092e-322
0.705208
0.696343
2.42092e-322
0.692708
0.684028
2.42092e-322
0.679271
0.672373
2.42092e-322
0.655231
0.649016
2.42092e-322
0.644225
0.636319
2.42092e-322
0.640428
0.630637
2.42092e-322
0.630891
0.622338
2.42092e-322
0.624769
0.615741
2.42092e-322
0.617477
0.610093
2.42092e-322
0.608866
0.601262
2.42092e-322
0.594988
0.587465
2.42092e-322
0.585729
0.577049
2.42092e-322
0.564329
0.557986
2.42092e-322
0.550671
0.544248
2.42092e-322
0.55088
0.541516
2.42092e-322
0.546308
0.53662
2.42092e-322
0.541539
0.535718
2.42092e-322
0.561667
0.552639
2.42092e-322
0.551042
0.543796
2.42092e-322
0.546771
0.538958
2.42092e-322
0.521424
0.514919
2.42092e-322
0.510509
0.502454
2.42092e-322
0.495139
0.489063
2.42092e-322
0.486609
0.479491
2.42092e-322
0.47809
0.483542
2.61855e-322
0.473692
0.467685
2.42092e-322
0.48015
0.473657
2.42092e-322
0.468079
0.460961
2.42092e-322
0.437118
0.43316
2.42092e-322
0.431181
0.424653
2.42092e-322
0.400961
0.395093
2.42092e-322
0.388148
0.382141
2.42092e-322
0.361586
0.35787
2.61855e-322
0.350243
0.346979
2.42092e-322
0.352338
0.349525
2.42092e-322
0.353785
0.346979
2.42092e-322
0.355301
0.349722
2.42092e-322
0.358021
0.353611
2.42092e-322
0.372674
0.366493
2.61855e-322
0.373345
0.368519
2.42092e-322
0.390486
0.386377
2.42092e-322
0.408264
0.40294
2.42092e-322
0.439919
0.435961
2.42092e-322
0.47522
0.469491
2.42092e-322
0.497755
0.494525
2.42092e-322
0.520613
0.515023
2.42092e-322
0.534583
0.530833
2.42092e-322
0.537801
0.534282
2.42092e-322
0.544144
0.539213
2.42092e-322
0.585544
0.58206
2.42092e-322
0.588715
0.583194
2.42092e-322
0.567303
0.560012
2.42092e-322
0.553241
0.548032
2.42092e-322
0.528287
0.523738
2.42092e-322
0.508854
0.501111
2.42092e-322
0.49309
0.487847
2.42092e-322
0.447118
0.443646
2.42092e-322
0.429375
0.4261
2.42092e-322
0.411308
0.404502
2.42092e-322
0.382616
0.379491
2.42092e-322
0.361308
0.35662
2.42092e-322
0.343843
0.342176
2.42092e-322
0.340289
0.336111
2.42092e-322
0.327315
0.323981
2.42092e-322
0.302569
0.299375
2.42092e-322
0.279699
0.277269
2.42092e-322
0.248322
0.247211
2.42092e-322
0.225775
0.2239
2.42092e-322
0.205359
0.202755
2.42092e-322
0.181366
0.179248
2.42092e-322
0.163611
0.162083
2.42092e-322
0.150637
0.148866
2.42092e-322
0.143519
0.141991
2.42092e-322
0.139109
0.136887
2.42092e-322
0.13566
0.133785
2.42092e-322
0.132025
0.130174
2.42092e-322
0.136817
0.133657
2.42092e-322
0.126736
0.125069
2.42092e-322
0.123762
0.122338
2.42092e-322
0.122407
0.121366
2.42092e-322
0.119722
0.117813
2.42092e-322
0.118472
0.117153
2.42092e-322
0.153264
0.151968
2.42092e-322
0.19838
0.195775
2.42092e-322
0.25
0.248229
2.42092e-322
0.308021
0.306701
2.42092e-322
0.358993
0.356563
2.42092e-322
0.412187
0.410139
2.42092e-322
0.451528
0.447188
2.42092e-322
0.481875
0.475972
2.42092e-322
0.486285
0.481875
2.42092e-322
0.475868
0.473021
2.42092e-322
0.46566
0.46066
2.42092e-322
0.442951
0.439653
2.42092e-322
0.404444
0.400347
2.42092e-322
0.358588
0.355428
2.42092e-322
0.344201
0.342778
2.42092e-322
0.314016
0.311968
2.42092e-322
0.276065
0.274641
2.42092e-322
0.242674
0.24125
2.42092e-322
0.228032
0.22713
2.42092e-322
0.201181
0.199236
2.42092e-322
0.173993
0.170313
2.42092e-322
0.149306
0.148576
2.42092e-322
0.127535
0.125521
2.42092e-322
0.106065
0.105451
2.42092e-322
0.0858565
0.0850579
2.42092e-322
0.0727083
0.0715972
2.42092e-322
0.0673611
0.0660069
2.42092e-322
0.0638889
0.0626042
2.42092e-322
0.0667361
0.0643056
2.42092e-322
0.0592014
0.0582292
2.42092e-322
0.0554861
0.0554861
2.42092e-322
0.0558449
0.0547338
2.42092e-322
0.0607986
0.0592014
2.42092e-322
0.0743403
0.0722222
2.42092e-322
0.0973611
0.0954167
2.42092e-322
0.119028
0.115799
2.42092e-322
0.149039
0.145046
2.42092e-322
0.16816
0.165764
2.42092e-322
0.19066
0.188264
2.42092e-322
0.215035
0.2175
2.42092e-322
0.248657
0.244479
2.42092e-322
0.280185
0.27316
2.42092e-322
0.306806
0.303403
2.42092e-322
0.307847
0.305174
2.42092e-322
0.327917
0.32434
2.42092e-322
0.335185
0.332234
2.42092e-322
0.331273
0.329086
2.42092e-322
0.328437
0.326111
2.42092e-322
0.322465
0.319815
2.42092e-322
0.320336
0.316979
2.61855e-322
0.284826
0.288634
2.42092e-322
0.285799
0.28294
2.42092e-322
0.286759
0.284062
2.61855e-322
0.284178
0.281701
2.42092e-322
0.277708
0.276088
2.42092e-322
0.266458
0.265961
2.61855e-322
0.244907
0.242836
2.42092e-322
0.219838
0.217211
2.42092e-322
0.190671
0.190336
2.61855e-322
0.164086
0.163623
2.42092e-322
0.142535
0.141956
2.42092e-322
0.119595
0.118993
2.42092e-322
0.0959259
0.0948958
2.61855e-322
0.0735069
0.0732523
2.42092e-322
0.0528009
0.0521875
2.42092e-322
0.041956
0.0428009
2.61855e-322
0.0328009
0.0327315
2.42092e-322
0.0250231
0.0246759
2.42092e-322
0.0186806
0.0186343
2.42092e-322
0.0220023
0.0217361
2.61855e-322
0.0179514
0.0173495
2.42092e-322
0.0159606
0.0151389
2.42092e-322
0.0139468
0.0144444
2.61855e-322
0.0131597
0.0132523
2.42092e-322
0.0126968
0.0115625
2.42092e-322
0.010787
0.0105208
2.61855e-322
0.0103472
0.0100579
2.42092e-322
0.00940972
0.00894676
2.42092e-322
0.0105093
0.00975694
2.61855e-322
0.00873843
0.00819444
2.42092e-322
0.00746528
0.00755787
2.42092e-322
0.00665509
0.00635417
2.42092e-322
0.00731481
0.00711806
2.61855e-322
0.00769676
0.00791667
2.42092e-322
0.00766204
0.006875
2.42092e-322
0.00733796
0.00736111
2.42092e-322
0.00829861
0.00798611
2.61855e-322
0.00774306
0.00783565
2.42092e-322
0.0156481
0.0141319
2.42092e-322
0.0317014
0.0308218
2.61855e-322
0.0472801
0.0462153
2.42092e-322
0.0606481
0.0589236
2.42092e-322
0.0655556
0.0645255
2.61855e-322
0.0727431
0.0708565
2.42092e-322
0.077037
0.0748958
2.42092e-322
0.0769792
0.0735648
2.61855e-322
0.0855903
0.0831134
2.42092e-322
0.0848611
0.0813426
2.42092e-322
0.0913079
0.088125
2.42092e-322
0.0957176
0.0941319
2.61855e-322
0.106725
0.105174
2.42092e-322
0.106134
0.104653
2.42092e-322
0.0951736
0.0937037
2.61855e-322
0.0812616
0.079456
2.61855e-322
0.0791782
0.0772569
2.61855e-322
0.0752662
0.0727778
2.42092e-322
0.0625
0.060463
2.42092e-322
0.0529398
0.0509722
2.61855e-322
0.0430556
0.0418981
2.42092e-322
0.0400347
0.0393287
2.42092e-322
0.0349537
0.0346991
2.42092e-322
0.0298148
0.0294444
2.61855e-322
0.0288542
0.0289815
2.42092e-322
0.0244792
0.0247454
2.42092e-322
0.0192014
0.0194329
2.61855e-322
0.0114815
0.0113542
2.42092e-322
0.010787
0.0103472
2.42092e-322
0.00907407
0.00861111
2.42092e-322
0.00939815
0.00888889
2.42092e-322
0.0096875
0.00908565
2.42092e-322
0.0130903
0.0127662
2.42092e-322
0.0165972
0.0159606
2.42092e-322
0.0183912
0.0174306
2.42092e-322
0.0162731
0.0157292
2.42092e-322
0.0162037
0.0159028
2.42092e-322
0.018669
0.0182986
2.42092e-322
0.0143981
0.0142361
2.42092e-322
0.018669
0.0180208
2.42092e-322
0.0439236
0.0423843
2.42092e-322
0.0609375
0.0595718
2.42092e-322
0.0693403
0.0662731
2.42092e-322
0.0680903
0.0657176
2.42092e-322
0.0673611
0.0662384
2.42092e-322
0.0647454
0.0635417
2.42092e-322
0.073044
0.0701042
2.42092e-322
0.0790856
0.0781597
2.42092e-322
0.0781481
0.0780556
2.42092e-322
0.0639468
0.0636806
2.42092e-322
0.049375
0.0493634
2.42092e-322
0.0310995
0.0309375
2.42092e-322
0.0148495
0.0146875
2.42092e-322
0.00358796
0.00375
2.42092e-322
0.00277778
0.00269676
2.42092e-322
0.00988426
0.00947917
2.42092e-322
0.0321065
0.0315278
2.42092e-322
0.0382639
0.0378009
2.42092e-322
0.0405787
0.0401042
2.61855e-322
0.0436111
0.0436343
2.42092e-322
0.0486111
0.0482176
2.42092e-322
0.0507986
0.0505787
2.42092e-322
0.0558565
0.055625
2.61855e-322
0.0571759
0.0568403
2.42092e-322
0.0581829
0.0582407
2.42092e-322
0.0554861
0.055162
2.61855e-322
0.0400579
0.0398264
2.42092e-322
0.0291204
0.0288889
2.42092e-322
0.0176852
0.0178472
2.42092e-322
0.00840278
0.00856481
2.61855e-322
0.00710648
0.00677083
2.42092e-322
0.0109954
0.0108218
2.42092e-322
0.0137384
0.0133681
2.61855e-322
0.0146528
0.0141551
2.42092e-322
0.0165625
0.0165162
2.42092e-322
0.0165162
0.01625
2.42092e-322
0.0199884
0.0196181
2.61855e-322
0.0215509
0.0213889
2.42092e-322
0.024537
0.02375
2.42092e-322
0.0250231
0.024838
2.42092e-322
0.021794
0.0216667
2.61855e-322
0.0308681
0.0301968
2.42092e-322
0.0457986
0.0439815
2.42092e-322
0.0526968
0.0510417
2.42092e-322
0.0594097
0.0581134
2.61855e-322
0.0593403
0.057037
2.42092e-322
0.0615856
0.0564583
2.42092e-322
0.0676273
0.0630556
2.42092e-322
0.0688889
0.065544
2.61855e-322
0.0751273
0.0721065
2.42092e-322
0.0789468
0.0766898
2.42092e-322
0.0825579
0.0795023
2.42092e-322
0.0846759
0.0831829
2.61855e-322
0.0853356
0.0851968
2.42092e-322
0.0777431
0.0769444
2.42092e-322
0.0655324
0.0655324
2.42092e-322
0.049919
0.0497454
2.61855e-322
0.0344329
0.0343634
2.42092e-322
0.0182986
0.0182639
2.42092e-322
0.00548611
0.00534722
2.42092e-322
0.00217593
0.00210648
2.61855e-322
0.00130787
0.00123843
2.42092e-322
0.00130787
0.00123843
2.42092e-322
0.00134259
0.00141204
2.42092e-322
0.00141204
0.00130787
2.42092e-322
0.00137731
0.00130787
2.42092e-322
0.00116898
0.00123843
2.42092e-322
0.00137731
0.00130787
2.42092e-322
0.0015162
0.00155093
2.42092e-322
0.00168981
0.00175926
2.61855e-322
0.00165509
0.00172454
2.42092e-322
0.00162037
0.00155093
2.42092e-322
0.00158565
0.0015162
2.42092e-322
0.00179398
0.00172454
2.42092e-322
0.00175926
0.00168981
2.61855e-322
0.00165509
0.00175926
2.42092e-322
0.0018287
0.00175926
2.42092e-322
0.00141204
0.00127315
2.42092e-322
0.00109954
0.00116898
2.61855e-322
0.00175926
0.00168981
2.42092e-322
0.0178009
0.0174884
2.42092e-322
0.0331481
0.0328356
2.42092e-322
0.0381134
0.0378704
2.61855e-322
0.0426968
0.0421065
2.42092e-322
0.0610301
0.0597801
2.42092e-322
0.0880093
0.0864815
2.42092e-322
0.11662
0.113843
2.42092e-322
0.14044
0.137836
2.61855e-322
0.166273
0.162488
2.42092e-322
0.172593
0.1686
2.42092e-322
0.176898
0.170648
2.42092e-322
0.191343
0.186134
2.61855e-322
0.179468
0.174884
2.42092e-322
0.172627
0.169606
2.42092e-322
0.167836
0.166412
2.42092e-322
0.167384
0.164294
2.42092e-322
0.167569
0.16441
2.42092e-322
0.164282
0.162755
2.42092e-322
0.150544
0.148669
2.42092e-322
0.149005
0.14647
2.42092e-322
0.137095
0.136505
2.42092e-322
0.123148
0.121898
2.42092e-322
0.105752
0.10419
2.42092e-322
0.0894329
0.088287
2.42092e-322
0.0743981
0.0737037
2.42092e-322
0.0619097
0.0611458
2.42092e-322
0.0573495
0.0562384
2.42092e-322
0.0589468
0.0575926
2.42092e-322
0.0573843
0.0566551
2.42092e-322
0.0585301
0.057662
2.42092e-322
0.059294
0.057419
2.42092e-322
0.0600231
0.059294
2.42092e-322
0.0606829
0.0605093
2.42092e-322
0.0629745
0.0628009
2.42092e-322
0.0709954
0.0700926
2.42092e-322
0.0819676
0.0803704
2.42092e-322
0.0931713
0.0929282
2.61855e-322
0.100995
0.10037
2.42092e-322
0.104572
0.104259
2.42092e-322
0.107558
0.105856
2.42092e-322
0.110266
0.109294
2.42092e-322
0.117176
0.115093
2.42092e-322
0.119815
0.118542
2.42092e-322
0.124248
0.123218
2.42092e-322
0.125995
0.124965
2.42092e-322
0.127662
0.126493
2.42092e-322
0.127905
0.126458
2.42092e-322
0.129711
0.128472
2.42092e-322
0.133426
0.131875
2.42092e-322
0.134572
0.133125
2.42092e-322
0.136944
0.136204
2.42092e-322
0.142465
0.141829
2.42092e-322
0.143356
0.141944
2.42092e-322
0.143461
0.143067
2.61855e-322
0.143981
0.142951
2.42092e-322
0.144687
0.144016
2.42092e-322
0.143993
0.143183
2.42092e-322
0.14287
0.141771
2.61855e-322
0.143634
0.142396
2.42092e-322
0.141574
0.141169
2.42092e-322
0.141968
0.140903
2.42092e-322
0.139537
0.138229
2.61855e-322
0.139144
0.138947
2.42092e-322
0.139919
0.139444
2.42092e-322
0.139225
0.138715
2.42092e-322
0.139745
0.139028
2.61855e-322
0.138507
0.138356
2.42092e-322
0.136354
0.136273
2.42092e-322
0.13544
0.134653
2.42092e-322
0.134988
0.133889
2.42092e-322
0.136794
0.134896
2.61855e-322
0.131632
0.1311
2.42092e-322
0.129988
0.128785
2.42092e-322
0.126169
0.125417
2.42092e-322
0.126146
0.124502
2.42092e-322
0.134294
0.134167
2.42092e-322
0.140972
0.140231
2.42092e-322
0.133669
0.132257
2.42092e-322
0.128565
0.127153
2.42092e-322
0.118229
0.117384
2.61855e-322
0.116042
0.11544
2.42092e-322
0.116597
0.115671
2.42092e-322
0.116701
0.114988
2.42092e-322
0.111701
0.110891
2.42092e-322
0.109537
0.109028
2.61855e-322
0.115139
0.11478
2.42092e-322
0.121968
0.119201
2.42092e-322
0.118611
0.117801
2.42092e-322
0.118819
0.118009
2.61855e-322
0.114167
0.113322
2.42092e-322
0.11412
0.112917
2.42092e-322
0.110382
0.109919
2.42092e-322
0.110926
0.108924
2.61855e-322
0.109016
0.108021
2.42092e-322
0.108715
0.107442
2.42092e-322
0.111933
0.109757
2.42092e-322
0.107674
0.106551
2.42092e-322
0.103773
0.102326
2.61855e-322
0.102141
0.10125
2.42092e-322
0.101794
0.100347
2.42092e-322
0.0988079
0.0975694
2.42092e-322
0.101794
0.100208
2.61855e-322
0.101632
0.100544
2.42092e-322
0.104676
0.103576
2.42092e-322
0.101042
0.10037
2.42092e-322
0.108229
0.107072
2.61855e-322
0.120266
0.117986
2.42092e-322
0.133704
0.132326
2.42092e-322
0.153009
0.151215
2.42092e-322
0.164306
0.163634
2.42092e-322
0.181863
0.179618
2.61855e-322
0.213669
0.210625
2.42092e-322
0.225521
0.224711
2.42092e-322
0.240417
0.238877
2.42092e-322
0.259954
0.256944
2.61855e-322
0.277141
0.275278
2.42092e-322
0.29162
0.29
2.42092e-322
0.301563
0.29978
2.42092e-322
0.316794
0.314063
2.42092e-322
0.328912
0.327153
2.42092e-322
0.393437
0.389039
2.42092e-322
0.396273
0.394896
2.42092e-322
0.407697
0.404687
2.42092e-322
0.418981
0.416806
2.42092e-322
0.445451
0.443148
2.42092e-322
0.461354
0.458079
2.42092e-322
0.475648
0.473056
2.42092e-322
0.501354
0.498183
2.42092e-322
0.547419
0.542025
2.42092e-322
0.57
0.567975
2.42092e-322
0.592928
0.591528
2.42092e-322
0.608495
0.604618
2.42092e-322
0.622836
0.619306
2.42092e-322
0.632442
0.629931
2.42092e-322
0.641875
0.639954
2.61855e-322
0.652431
0.648148
2.61855e-322
0.670949
0.665972
2.61855e-322
0.674595
0.672292
2.61855e-322
0.652199
0.649444
2.61855e-322
0.648553
0.64566
2.61855e-322
0.644896
0.642755
2.42092e-322
0.646505
0.64441
2.42092e-322
0.644618
0.641366
2.42092e-322
0.639954
0.635671
2.42092e-322
0.642639
0.639329
2.61855e-322
0.650868
0.64787
2.42092e-322
0.651944
0.649363
2.42092e-322
0.65787
0.653125
2.42092e-322
0.658414
0.654954
2.42092e-322
0.659329
0.655972
2.61855e-322
0.654653
0.651377
2.42092e-322
0.649086
0.645868
2.42092e-322
0.65169
0.647882
2.42092e-322
0.658646
0.652141
2.61855e-322
0.651296
0.648287
2.42092e-322
0.649664
0.646771
2.42092e-322
0.644491
0.640486
2.42092e-322
0.633738
0.630255
2.42092e-322
0.627975
0.621759
2.61855e-322
0.614155
0.609167
2.42092e-322
0.604074
0.600544
2.42092e-322
0.599259
0.595174
2.42092e-322
0.588796
0.582083
2.61855e-322
0.571794
0.566771
2.42092e-322
0.565023
0.560208
2.42092e-322
0.554468
0.548611
2.42092e-322
0.541458
0.535856
2.61855e-322
0.531146
0.526725
2.42092e-322
0.525058
0.521007
2.42092e-322
0.518472
0.512211
2.42092e-322
0.515162
0.508762
2.61855e-322
0.503044
0.497083
2.42092e-322
0.491493
0.487477
2.42092e-322
0.484769
0.479514
2.42092e-322
0.474144
0.471042
2.42092e-322
0.464444
0.459398
2.61855e-322
0.457257
0.453553
2.42092e-322
0.451389
0.447373
2.42092e-322
0.455914
0.448646
2.42092e-322
0.440718
0.435359
2.42092e-322
0.429502
0.424155
2.61855e-322
0.417187
0.409954
2.42092e-322
0.403912
0.399606
2.42092e-322
0.397998
0.393472
2.42092e-322
0.391748
0.38816
2.61855e-322
0.383148
0.377963
2.42092e-322
0.395289
0.387836
2.42092e-322
0.379803
0.374433
2.42092e-322
0.369769
0.364572
2.42092e-322
0.362407
0.356447
2.61855e-322
0.351192
0.346204
2.42092e-322
0.340949
0.335613
2.42092e-322
0.330127
0.325463
2.42092e-322
0.322141
0.318681
2.42092e-322
0.317072
0.312164
2.61855e-322
0.326227
0.317014
2.42092e-322
0.308067
0.30294
2.42092e-322
0.295671
0.292245
2.42092e-322
0.286308
0.28088
2.42092e-322
0.278773
0.274491
2.42092e-322
0.272523
0.267963
2.42092e-322
0.263831
0.259815
2.42092e-322
0.255463
0.252488
2.42092e-322
0.268808
0.262859
2.61855e-322
0.253391
0.24963
2.61855e-322
0.242106
0.238275
2.61855e-322
0.230891
0.227303
2.61855e-322
0.224039
0.220556
2.61855e-322
0.21588
0.212431
2.61855e-322
0.207373
0.203924
2.61855e-322
0.198993
0.196019
2.61855e-322
0.215903
0.209942
2.61855e-322
0.199352
0.195556
2.61855e-322
0.191331
0.186389
2.61855e-322
0.18081
0.177604
2.61855e-322
0.176991
0.174514
2.61855e-322
0.174595
0.171701
2.61855e-322
0.168472
0.165984
2.42092e-322
0.161944
0.160231
2.42092e-322
0.155521
0.152442
2.42092e-322
0.166366
0.158681
2.42092e-322
0.150914
0.146979
2.61855e-322
0.140984
0.137326
2.42092e-322
0.132569
0.131262
2.42092e-322
0.126644
0.123993
2.42092e-322
0.120845
0.119167
2.42092e-322
0.116875
0.11515
2.42092e-322
0.112315
0.109826
2.42092e-322
0.127407
0.122778
2.42092e-322
0.114225
0.112257
2.42092e-322
0.107778
0.105289
2.42092e-322
0.106285
0.106308
2.61855e-322
0.101354
0.096956
2.42092e-322
0.0968981
0.0914931
2.42092e-322
0.0929398
0.0882292
2.42092e-322
0.092037
0.0882986
2.42092e-322
0.100185
0.0919676
2.61855e-322
0.0863194
0.086169
2.42092e-322
0.0777083
0.0785995
2.42092e-322
0.0750694
0.0760995
2.42092e-322
0.069375
0.0690162
2.42092e-322
0.0678009
0.0662153
2.61855e-322
0.0672917
0.0659144
2.42092e-322
0.0660185
0.0644792
2.42092e-322
0.0623032
0.0612153
2.42092e-322
0.0737616
0.0707292
2.42092e-322
0.0675116
0.0661806
2.61855e-322
0.0566435
0.0549653
2.42092e-322
0.049375
0.0482755
2.42092e-322
0.0476273
0.0452431
2.42092e-322
0.0404167
0.0398264
2.42092e-322
0.0375347
0.0363657
2.61855e-322
0.0332639
0.0324653
2.42092e-322
0.0388773
0.0370833
2.42092e-322
0.0329745
0.0306597
2.42092e-322
0.0308218
0.0290972
2.42092e-322
0.0320139
0.0299653
2.61855e-322
0.0318403
0.0304514
2.42092e-322
0.0318056
0.0300694
2.42092e-322
0.0332292
0.0319792
2.42092e-322
0.0331597
0.0325694
2.42092e-322
0.04
0.0381944
2.61855e-322
0.0342361
0.033125
2.42092e-322
0.0305208
0.0296528
2.42092e-322
0.0287269
0.0273958
2.42092e-322
0.0269444
0.02625
2.42092e-322
0.025787
0.0251389
2.61855e-322
0.0247917
0.0245833
2.42092e-322
0.0245833
0.0237153
2.42092e-322
0.0244444
0.0238889
2.42092e-322
0.0317361
0.0300347
2.42092e-322
0.0273611
0.0269444
2.61855e-322
0.0250694
0.0246528
2.42092e-322
0.0254861
0.0245833
2.42092e-322
0.0265278
0.0257292
2.42092e-322
0.02625
0.0254861
2.42092e-322
0.0255556
0.0249653
2.61855e-322
0.0244792
0.0237847
2.42092e-322
0.0263542
0.0257292
2.42092e-322
0.0227431
0.0224306
2.42092e-322
0.0219444
0.0210417
2.61855e-322
0.0160764
0.0157986
2.42092e-322
0.0116667
0.0111458
2.42092e-322
0.00916667
0.00899306
2.42092e-322
0.00809028
0.00777778
2.42092e-322
0.00711806
0.00697917
2.42092e-322
0.0119444
0.0114931
2.61855e-322
0.00739583
0.00684028
2.42092e-322
0.00739583
0.00729167
2.42092e-322
0.00753472
0.00732639
2.42092e-322
0.00552083
0.00538194
2.42092e-322
0.00506944
0.00482639
2.61855e-322
0.00583333
0.00569444
2.42092e-322
0.00503472
0.00489583
2.42092e-322
0.00371528
0.00364583
2.42092e-322
0.00722222
0.00579861
2.42092e-322
0.00548611
0.005
2.61855e-322
0.00453704
0.00420139
2.42092e-322
0.00364583
0.00357639
2.42092e-322
0.00332176
0.00319444
2.42092e-322
0.00305556
0.00309028
2.42092e-322
0.00267361
0.00269676
2.61855e-322
0.00243056
0.00253472
2.42092e-322
0.00415509
0.00388889
2.42092e-322
0.00298611
0.00284722
2.42092e-322
0.00274306
0.00280093
2.42092e-322
0.00575231
0.00496528
2.42092e-322
0.00821759
0.00859954
2.42092e-322
0.00993056
0.0104745
2.42092e-322
0.0106134
0.011169
2.42092e-322
0.0113194
0.0118981
2.42092e-322
0.0121528
0.0117245
2.42092e-322
0.00923611
0.00930556
2.42092e-322
0.00759259
0.0075
2.42092e-322
0.00788194
0.0075
2.42092e-322
0.00763889
0.00762731
2.42092e-322
0.00739583
0.00739583
2.42092e-322
0.00840278
0.00821759
2.42092e-322
0.00899306
0.00888889
2.42092e-322
0.0100926
0.00986111
2.42092e-322
0.0110069
0.0109375
2.42092e-322
0.0101736
0.0102315
2.61855e-322
0.00975694
0.00975694
2.42092e-322
0.00784722
0.00790509
2.42092e-322
0.00434028
0.00434028
2.42092e-322
0.00288194
0.00293981
2.42092e-322
0.00364583
0.00350694
2.61855e-322
0.00506944
0.00509259
2.61855e-322
0.00631944
0.00642361
2.61855e-322
0.00927083
0.0077662
2.61855e-322
0.0118866
0.0107176
2.61855e-322
0.0177546
0.0164699
2.61855e-322
0.0165278
0.0175926
2.42092e-322
0.0112731
0.0112037
2.42092e-322
0.0112269
0.0110648
2.42092e-322
0.0105093
0.0105093
2.42092e-322
0.0151042
0.0147917
2.42092e-322
0.0196065
0.0195486
2.42092e-322
0.0195139
0.0192014
2.42092e-322
0.018912
0.0185764
2.42092e-322
0.0185069
0.0181944
2.42092e-322
0.0205903
0.017963
2.42092e-322
0.0170486
0.0195139
2.61855e-322
0.0176042
0.0150579
2.42092e-322
0.0174074
0.0147917
2.42092e-322
0.0141551
0.0165741
2.42092e-322
0.0140972
0.0166088
2.42092e-322
0.013044
0.015463
2.61855e-322
0.0164236
0.0138194
2.42092e-322
0.0145486
0.0144676
2.42092e-322
0.015162
0.0146181
2.42092e-322
0.0138542
0.0135995
2.42092e-322
0.0157986
0.0156481
2.42092e-322
0.0112963
0.0109491
2.42092e-322
0.0100694
0.00996528
2.42092e-322
0.00928241
0.00902778
2.42092e-322
0.00972222
0.00961806
2.42092e-322
0.0142361
0.0132176
2.42092e-322
0.0149306
0.0140972
2.42092e-322
0.01875
0.0177778
2.42092e-322
0.0230208
0.0217361
2.42092e-322
0.0253125
0.0246181
2.42092e-322
0.0251736
0.0240972
2.42092e-322
0.0266667
0.0261458
2.42092e-322
0.0324306
0.0309722
2.42092e-322
0.0340625
0.0332639
2.42092e-322
0.0362153
0.035
2.42092e-322
0.0355556
0.0343403
2.42092e-322
0.0358333
0.0346181
2.42092e-322
0.035
0.0341319
2.61855e-322
0.0343403
0.0338194
2.42092e-322
0.0353472
0.0344444
2.42092e-322
0.035625
0.035
2.42092e-322
0.0356944
0.0347222
2.42092e-322
0.0365972
0.0361111
2.61855e-322
0.0378472
0.0371528
2.42092e-322
0.0361806
0.0357986
2.42092e-322
0.0350347
0.0346181
2.42092e-322
0.0351736
0.0344097
2.42092e-322
0.0353819
0.0353125
2.61855e-322
0.0374653
0.0364236
2.42092e-322
0.0420833
0.0412847
2.42092e-322
0.0416319
0.04125
2.42092e-322
0.0416667
0.0412847
2.42092e-322
0.0385764
0.0383333
2.61855e-322
0.0403819
0.0391667
2.42092e-322
0.0388889
0.038125
2.42092e-322
0.0378125
0.0371875
2.42092e-322
0.0394097
0.0388889
2.42092e-322
0.0417014
0.0410417
2.42092e-322
0.0456597
0.0435764
2.61855e-322
0.0501389
0.0491319
2.42092e-322
0.0550694
0.0542361
2.42092e-322
0.0608333
0.0593403
2.42092e-322
0.0632292
0.0625347
2.42092e-322
0.0643056
0.0634375
2.61855e-322
0.0663889
0.0653472
2.42092e-322
0.0644097
0.0641319
2.42092e-322
0.0664931
0.0651042
2.42092e-322
0.0647917
0.0640972
2.42092e-322
0.0630903
0.0619097
2.61855e-322
0.0637153
0.0629167
2.42092e-322
0.0641319
0.0631597
2.42092e-322
0.0638889
0.0634375
2.42092e-322
0.0652083
0.0648264
2.42092e-322
0.0670833
0.0664583
2.42092e-322
0.0680903
0.0666667
2.61855e-322
0.0665972
0.0663542
2.42092e-322
0.0670486
0.0659722
2.42092e-322
0.0668056
0.0661806
2.42092e-322
0.0678472
0.0672222
2.42092e-322
0.0682639
0.0680208
2.61855e-322
0.0696528
0.0687847
2.42092e-322
0.0692014
0.0683333
2.42092e-322
0.0683333
0.0676042
2.42092e-322
0.0645486
0.0639931
2.42092e-322
0.0630208
0.0617361
2.42092e-322
0.0636806
0.0627431
2.61855e-322
0.0635069
0.0622569
2.42092e-322
0.0628125
0.0620833
2.42092e-322
0.0617014
0.060625
2.42092e-322
0.0598611
0.0592361
2.42092e-322
0.0651736
0.0634028
2.61855e-322
0.0665278
0.0655208
2.42092e-322
0.0724074
0.0682639
2.42092e-322
0.0702894
0.0664236
2.42092e-322
0.0672685
0.0626389
2.42092e-322
0.0626505
0.0579167
2.42092e-322
0.0595255
0.0554861
2.61855e-322
0.0536111
0.0564352
2.42092e-322
0.0540394
0.0497569
2.42092e-322
0.0532639
0.0495833
2.42092e-322
0.0479514
0.0501505
2.42092e-322
0.0446528
0.0441667
2.42092e-322
0.0463194
0.0457986
2.42092e-322
0.0426389
0.0425
2.42092e-322
0.0419097
0.0418056
2.42092e-322
0.0413542
0.0410764
2.42092e-322
0.0441667
0.0435417
2.42092e-322
0.0403125
0.0396528
2.42092e-322
0.0370139
0.0367708
2.42092e-322
0.0365278
0.0371296
2.42092e-322
0.0362847
0.0369213
2.42092e-322
0.0360069
0.0353472
2.42092e-322
0.0368056
0.0364352
2.42092e-322
0.0369444
0.0360417
2.42092e-322
0.0348611
0.0336806
2.42092e-322
0.0333681
0.0317014
2.42092e-322
0.0336458
0.0318403
2.42092e-322
0.030625
0.0288889
2.42092e-322
0.0285764
0.0278819
2.42092e-322
0.0319792
0.0313194
2.42092e-322
0.0346181
0.0341319
2.42092e-322
0.0294097
0.0284375
2.42092e-322
0.0267361
0.0265972
2.42092e-322
0.0237847
0.0233333
2.42092e-322
0.0246875
0.0234722
2.42092e-322
0.0236458
0.023125
2.42092e-322
0.0227083
0.0221181
2.42092e-322
0.0218056
0.0213889
2.42092e-322
0.0219097
0.0215278
2.42092e-322
0.0204514
0.0194444
2.42092e-322
0.01875
0.0186111
2.42092e-322
0.0188194
0.0182986
2.42092e-322
0.0240278
0.0235764
2.42092e-322
0.0281944
0.0278125
2.42092e-322
0.0319444
0.031956
2.42092e-322
0.0318056
0.0314583
2.42092e-322
0.0267708
0.0267361
2.42092e-322
0.0258333
0.0251389
2.42092e-322
0.0233449
0.0233912
2.42092e-322
0.0232639
0.0229861
2.42092e-322
0.0217824
0.0209722
2.42092e-322
0.0177778
0.0172569
2.42092e-322
0.0139352
0.0133218
2.42092e-322
0.0125694
0.0125347
2.42092e-322
0.0126736
0.0125463
2.42092e-322
0.0125694
0.0122569
2.42092e-322
0.0125
0.0123264
2.42092e-322
0.0131597
0.0126736
2.42092e-322
0.0149653
0.0140972
2.42092e-322
0.0275
0.0261806
2.42092e-322
0.0277778
0.0276042
2.42092e-322
0.0254167
0.0250694
2.42092e-322
0.0239931
0.0234722
2.42092e-322
0.0194792
0.0193056
2.42092e-322
0.0173032
0.0167708
2.42092e-322
0.011088
0.0107986
2.42092e-322
0.0148727
0.0146181
2.42092e-322
0.0137269
0.0130556
2.42092e-322
0.0112847
0.01125
2.42092e-322
0.0136458
0.0128472
2.42092e-322
0.0170486
0.0164236
2.42092e-322
0.0188889
0.0182639
2.61855e-322
0.0210417
0.0208333
2.42092e-322
0.0217708
0.0216667
2.42092e-322
0.0240046
0.02375
2.42092e-322
0.0269907
0.0259722
2.42092e-322
0.0311574
0.0306944
2.61855e-322
0.0285185
0.0279167
2.42092e-322
0.0274769
0.0273264
2.42092e-322
0.0328241
0.0320139
2.42092e-322
0.0356713
0.0347569
2.42092e-322
0.0419792
0.0399653
2.42092e-322
0.0576389
0.0555208
2.42092e-322
0.0803819
0.0776736
2.42092e-322
0.103993
0.100729
2.42092e-322
0.117049
0.114132
2.42092e-322
0.130139
0.128333
2.42092e-322
0.147523
0.144433
2.42092e-322
0.158993
0.157118
2.42092e-322
0.172708
0.171007
2.42092e-322
0.188715
0.186354
2.42092e-322
0.200243
0.197639
2.42092e-322
0.220289
0.215984
2.42092e-322
0.243924
0.239583
2.42092e-322
0.264711
0.26228
2.42092e-322
0.288634
0.287037
2.42092e-322
0.314988
0.314398
2.42092e-322
0.333391
0.330127
2.42092e-322
0.347454
0.344016
2.42092e-322
0.364792
0.3625
2.42092e-322
0.380729
0.377257
2.42092e-322
0.393183
0.390093
2.42092e-322
0.406586
0.403704
2.42092e-322
0.425162
0.420787
2.42092e-322
0.444444
0.441493
2.42092e-322
0.467326
0.460625
2.42092e-322
0.498403
0.492396
2.42092e-322
0.530498
0.524907
2.42092e-322
0.5625
0.557118
2.42092e-322
0.586632
0.580035
2.42092e-322
0.609306
0.602118
2.42092e-322
0.612269
0.604699
2.42092e-322
0.602465
0.595451
2.42092e-322
0.6
0.592014
2.42092e-322
0.599375
0.593542
2.42092e-322
0.620868
0.615521
2.61855e-322
0.623762
0.61515
2.42092e-322
0.653194
0.64566
2.42092e-322
0.664745
0.658438
2.42092e-322
0.691019
0.682338
2.42092e-322
0.723484
0.71456
2.61855e-322
0.739734
0.733067
2.42092e-322
0.756435
0.751539
2.42092e-322
0.771667
0.765
2.42092e-322
0.775475
0.771169
2.42092e-322
0.766956
0.759178
2.42092e-322
0.774618
0.766528
2.61855e-322
0.779028
0.770521
2.42092e-322
0.78434
0.77816
2.42092e-322
0.795312
0.788368
2.42092e-322
0.782627
0.776528
2.42092e-322
0.765903
0.759444
2.42092e-322
0.740764
0.735833
2.61855e-322
0.762083
0.751528
2.42092e-322
0.775208
0.769201
2.42092e-322
0.779363
0.772627
2.42092e-322
0.7739
0.768623
2.42092e-322
0.757512
0.750706
2.61855e-322
0.742789
0.736574
2.42092e-322
0.753762
0.747894
2.42092e-322
0.749896
0.745417
2.42092e-322
0.754167
0.748299
2.42092e-322
0.745127
0.739502
2.42092e-322
0.743322
0.737697
2.61855e-322
0.727801
0.723426
2.42092e-322
0.724132
0.718194
2.42092e-322
0.724711
0.719468
2.42092e-322
0.751146
0.74419
2.42092e-322
0.765567
0.759005
2.42092e-322
0.748785
0.743553
2.61855e-322
0.743495
0.739606
2.42092e-322
0.755486
0.749086
2.42092e-322
0.748275
0.745567
2.42092e-322
0.750718
0.746551
2.42092e-322
0.756516
0.751863
2.61855e-322
0.7525
0.746667
2.42092e-322
0.752685
0.745428
2.42092e-322
0.740451
0.73566
2.42092e-322
0.742199
0.735498
2.42092e-322
0.727685
0.720671
2.42092e-322
0.711007
0.703681
2.61855e-322
0.702049
0.69691
2.42092e-322
0.708715
0.701632
2.42092e-322
0.697002
0.691134
2.42092e-322
0.698299
0.692708
2.42092e-322
0.687639
0.682292
2.61855e-322
0.680602
0.674282
2.42092e-322
0.694549
0.684502
2.42092e-322
0.687813
0.681285
2.42092e-322
0.688264
0.68316
2.42092e-322
0.684167
0.678333
2.42092e-322
0.671215
0.663819
2.61855e-322
0.679294
0.671076
2.42092e-322
0.687465
0.679167
2.42092e-322
0.69206
0.687859
2.42092e-322
0.677755
0.671782
2.42092e-322
0.667604
0.660729
2.42092e-322
0.654074
0.64934
2.61855e-322
0.658171
0.653275
2.42092e-322
0.65441
0.647396
2.42092e-322
0.664132
0.657326
2.42092e-322
0.655081
0.650498
2.42092e-322
0.668889
0.663924
2.61855e-322
0.684398
0.675648
2.42092e-322
0.696736
0.690278
2.42092e-322
0.698704
0.692106
2.42092e-322
0.710139
0.702257
2.42092e-322
0.708912
0.705729
2.42092e-322
0.713426
0.707766
2.61855e-322
0.713553
0.708484
2.42092e-322
0.696319
0.693993
2.42092e-322
0.687465
0.683924
2.42092e-322
0.689549
0.685451
2.42092e-322
0.688021
0.683472
2.42092e-322
0.690394
0.684213
2.42092e-322
0.698414
0.694873
2.42092e-322
0.701389
0.696354
2.42092e-322
0.717164
0.71213
2.42092e-322
0.712292
0.706285
2.42092e-322
0.705451
0.701042
2.42092e-322
0.695266
0.688634
2.42092e-322
0.680937
0.67559
2.42092e-322
0.662188
0.657303
2.42092e-322
0.654433
0.64772
2.42092e-322
0.640938
0.635995
2.42092e-322
0.653819
0.646273
2.42092e-322
0.631146
0.624653
2.42092e-322
0.613264
0.605926
2.42092e-322
0.610417
0.603715
2.42092e-322
0.608681
0.59875
2.42092e-322
0.613565
0.604861
2.42092e-322
0.650058
0.644039
2.42092e-322
0.654606
0.648229
2.61855e-322
0.662998
0.654606
2.61855e-322
0.665046
0.658634
2.61855e-322
0.666285
0.66191
2.61855e-322
0.653299
0.646863
2.61855e-322
0.653819
0.648461
2.42092e-322
0.651354
0.641574
2.42092e-322
0.620602
0.612778
2.42092e-322
0.594097
0.587211
2.42092e-322
0.568958
0.562002
2.42092e-322
0.561863
0.553611
2.61855e-322
0.573252
0.563831
2.42092e-322
0.580856
0.573194
2.42092e-322
0.595486
0.589676
2.42092e-322
0.609919
0.600556
2.42092e-322
0.609479
0.602373
2.42092e-322
0.600451
0.59169
2.42092e-322
0.598762
0.591979
2.42092e-322
0.58478
0.5789
2.42092e-322
0.591111
0.584572
2.42092e-322
0.577616
0.57162
2.42092e-322
0.567303
0.55809
2.42092e-322
0.55434
0.546713
2.42092e-322
0.547037
0.538299
2.42092e-322
0.535058
0.52559
2.42092e-322
0.544363
0.535868
2.42092e-322
0.529421
0.517813
2.42092e-322
0.524792
0.518009
2.42092e-322
0.513785
0.50765
2.42092e-322
0.493588
0.484537
2.42092e-322
0.468484
0.461586
2.42092e-322
0.451412
0.44463
2.42092e-322
0.444259
0.43809
2.42092e-322
0.442454
0.433345
2.42092e-322
0.452037
0.444167
2.42092e-322
0.460405
0.453368
2.42092e-322
0.444039
0.438299
2.42092e-322
0.43537
0.427951
2.42092e-322
0.44537
0.438333
2.42092e-322
0.458762
0.45162
2.42092e-322
0.466725
0.461632
2.42092e-322
0.449109
0.44485
2.42092e-322
0.43875
0.433449
2.42092e-322
0.428044
0.42309
2.42092e-322
0.405336
0.400347
2.42092e-322
0.397813
0.394248
2.42092e-322
0.379213
0.374792
2.42092e-322
0.369294
0.364942
2.42092e-322
0.347928
0.342859
2.42092e-322
0.331238
0.325035
2.42092e-322
0.323299
0.31728
2.42092e-322
0.318067
0.310312
2.42092e-322
0.336516
0.327164
2.42092e-322
0.358021
0.352975
2.42092e-322
0.368877
0.361725
2.42092e-322
0.382292
0.373657
2.42092e-322
0.3686
0.362187
2.42092e-322
0.358692
0.352083
2.42092e-322
0.363368
0.35838
2.42092e-322
0.369456
0.362222
2.42092e-322
0.379734
0.373183
2.42092e-322
0.378854
0.37375
2.42092e-322
0.383264
0.378021
2.42092e-322
0.399884
0.393947
2.42092e-322
0.393333
0.387118
2.42092e-322
0.394676
0.386481
2.42092e-322
0.384537
0.379016
2.42092e-322
0.39353
0.389363
2.42092e-322
0.381505
0.373588
2.42092e-322
0.375451
0.369514
2.42092e-322
0.353715
0.34816
2.42092e-322
0.335579
0.330961
2.42092e-322
0.332188
0.325903
2.42092e-322
0.319896
0.319167
2.42092e-322
0.31206
0.305914
2.42092e-322
0.326921
0.314873
2.42092e-322
0.31669
0.312106
2.42092e-322
0.354722
0.34559
2.42092e-322
0.347535
0.34272
2.42092e-322
0.345139
0.342014
2.42092e-322
0.37934
0.372361
2.42092e-322
0.361771
0.357569
2.42092e-322
0.351319
0.350648
2.42092e-322
0.331238
0.328391
2.42092e-322
0.308576
0.306736
2.42092e-322
0.288912
0.286447
2.42092e-322
0.277882
0.273472
2.42092e-322
0.285336
0.281597
2.42092e-322
0.277025
0.273657
2.42092e-322
0.29684
0.293785
2.42092e-322
0.281644
0.278843
2.42092e-322
0.267442
0.264317
2.42092e-322
0.253137
0.250278
2.42092e-322
0.240799
0.237118
2.42092e-322
0.230532
0.227373
2.42092e-322
0.218414
0.2175
2.42092e-322
0.209155
0.205289
2.42092e-322
0.205613
0.201829
2.42092e-322
0.194537
0.189873
2.42092e-322
0.184213
0.181192
2.42092e-322
0.173206
0.170336
2.42092e-322
0.164468
0.159757
2.42092e-322
0.151088
0.148414
2.42092e-322
0.142558
0.140926
2.42092e-322
0.130289
0.128021
2.42092e-322
0.120741
0.119109
2.42092e-322
0.111979
0.110278
2.42092e-322
0.102674
0.0994792
2.42092e-322
0.0956597
0.0931597
2.42092e-322
0.0875694
0.0859028
2.42092e-322
0.0823264
0.08
2.42092e-322
0.0746296
0.0726736
2.42092e-322
0.0686343
0.0661458
2.42092e-322
0.0629167
0.06
2.42092e-322
0.0572917
0.0550694
2.42092e-322
0.0532986
0.0510764
2.42092e-322
0.0473958
0.0461458
2.42092e-322
0.0445486
0.0429514
2.42092e-322
0.0434028
0.0422222
2.42092e-322
0.0388194
0.0371528
2.42092e-322
0.035625
0.0343056
2.42092e-322
0.0314583
0.03
2.42092e-322
0.0272222
0.0266319
2.42092e-322
0.0257639
0.0249306
2.61855e-322
0.0270486
0.025625
2.42092e-322
0.0293056
0.0272917
2.42092e-322
0.0295139
0.0280208
2.42092e-322
0.0248611
0.0234375
2.42092e-322
0.0197917
0.0197222
2.42092e-322
0.0184375
0.0175347
2.61855e-322
0.0349306
0.0330556
2.42092e-322
0.0401042
0.0397222
2.42092e-322
0.04375
0.0428472
2.42092e-322
0.0614236
0.0606481
2.42092e-322
0.0847569
0.084375
2.42092e-322
0.0950347
0.0930903
2.61855e-322
0.105174
0.101007
2.42092e-322
0.123264
0.119942
2.42092e-322
0.124514
0.12044
2.42092e-322
0.119468
0.115208
2.42092e-322
0.116725
0.113958
2.42092e-322
0.111701
0.110336
2.61855e-322
0.109884
0.108368
2.42092e-322
0.0981597
0.0976968
2.42092e-322
0.0835417
0.0834722
2.42092e-322
0.0612037
0.0612731
2.42092e-322
0.0519444
0.0517014
2.42092e-322
0.0525694
0.0517361
2.42092e-322
0.0508681
0.0488194
2.61855e-322
0.0566319
0.0527083
2.42092e-322
0.058125
0.0553125
2.42092e-322
0.0614583
0.056875
2.42092e-322
0.0726736
0.0681944
2.42092e-322
0.0734722
0.069375
2.42092e-322
0.0773958
0.0757639
2.42092e-322
0.0792361
0.07625
2.61855e-322
0.0828819
0.0821181
2.42092e-322
0.0901157
0.0865394
2.42092e-322
0.0859375
0.0848958
2.42092e-322
0.0917361
0.0901736
2.42092e-322
0.0750347
0.0745139
2.42092e-322
0.0545139
0.0536806
2.61855e-322
0.0294792
0.0296528
2.42092e-322
0.0136227
0.0136574
2.42092e-322
0.0127431
0.0122917
2.42092e-322
0.00590278
0.00569444
2.42092e-322
0.00322917
0.00277778
2.42092e-322
0.00479167
0.00413194
2.42092e-322
0.00586806
0.004375
2.61855e-322
0.00736111
0.00673611
2.42092e-322
0.00972222
0.00902778
2.42092e-322
0.0117014
0.0115972
2.42092e-322
0.0191319
0.0186111
2.42092e-322
0.0337847
0.0329167
2.42092e-322
0.0609375
0.0595833
2.61855e-322
0.0901389
0.0888889
2.42092e-322
0.12316
0.120625
2.42092e-322
0.164155
0.160613
2.42092e-322
0.200868
0.197431
2.42092e-322
0.241343
0.237326
2.42092e-322
0.291146
0.288021
2.42092e-322
0.318681
0.316285
2.61855e-322
0.331528
0.329271
2.42092e-322
0.321771
0.319444
2.42092e-322
0.300625
0.297743
2.42092e-322
0.293148
0.29
2.42092e-322
0.270544
0.268322
2.42092e-322
0.248958
0.247882
2.61855e-322
0.240521
0.238958
2.42092e-322
0.227222
0.226701
2.42092e-322
0.2175
0.215833
2.42092e-322
0.205903
0.205174
2.42092e-322
0.182431
0.181111
2.42092e-322
0.137373
0.137002
2.42092e-322
0.107315
0.106655
2.42092e-322
0.0766667
0.0760417
2.42092e-322
0.0367361
0.0366667
2.42092e-322
0.0137847
0.0137153
2.42092e-322
0.000555556
0.000381944
2.42092e-322
0
0
2.42092e-322
0.000868056
0.000868056
2.42092e-322
0.00319444
0.00295139
2.42092e-322
0.0021875
0.0021875
2.42092e-322
3.47222e-05
0
2.42092e-322
0
0
2.42092e-322
0
0
2.42092e-322
0
0
2.42092e-322
0
0
2.42092e-322
0
0
2.42092e-322
0
0
2.42092e-322
0
0
2.42092e-322
0
0
2.42092e-322
3.47222e-05
0
2.42092e-322
0
0
2.42092e-322
0
0
2.42092e-322
3.47222e-05
0
2.42092e-322
3.47222e-05
0
2.42092e-322
0
0
2.42092e-322
3.47222e-05
0
2.42092e-322
0
0
2.42092e-322
0
0
2.42092e-322
0
0
2.42092e-322
0
0
2.42092e-322
0
0
2.42092e-322
0
0
2.42092e-322
0
0
2.42092e-322
0
0
2.42092e-322
0
0
2.42092e-322
0
0
2.42092e-322
0
0
2.42092e-322
0.000347222
0.000347222
2.42092e-322
0
0
2.42092e-322
0.000104167
0
2.42092e-322
0
0
2.42092e-322
3.47222e-05
0
2.42092e-322
3.47222e-05
0
2.61855e-322
3.47222e-05
0
2.42092e-322
0
0
2.42092e-322
0
0
2.42092e-322
3.47222e-05
0
2.42092e-322
3.47222e-05
0
2.42092e-322
0
0
2.42092e-322
0
0
2.61855e-322
0.00642361
0.00621528
2.61855e-322
0.0246181
0.0241319
2.61855e-322
0.0392014
0.0383681
2.61855e-322
0.04375
0.0429514
2.61855e-322
0.0463194
0.0446875
2.61855e-322
0.0498611
0.0479167
2.42092e-322
0.0485069
0.0464583
2.42092e-322
0.0506944
0.0488889
2.42092e-322
0.0542361
0.0529167
2.42092e-322
0.0574653
0.0559722
2.42092e-322
0.065
0.063125
2.42092e-322
0.0876389
0.0850347
2.61855e-322
0.109132
0.106875
2.42092e-322
0.129583
0.125347
2.42092e-322
0.137465
0.132882
2.42092e-322
0.150938
0.146806
2.42092e-322
0.156736
0.152257
2.42092e-322
0.1625
0.159097
2.42092e-322
0.169618
0.165833
2.61855e-322
0.175729
0.172569
2.42092e-322
0.171007
0.168125
2.42092e-322
0.172292
0.168889
2.42092e-322
0.170174
0.167778
2.42092e-322
0.162639
0.159167
2.42092e-322
0.163958
0.162326
2.42092e-322
0.169757
0.167569
2.61855e-322
0.175625
0.173715
2.42092e-322
0.175208
0.17191
2.42092e-322
0.179792
0.176736
2.42092e-322
0.184514
0.180799
2.42092e-322
0.184167
0.182361
2.42092e-322
0.186007
0.183194
2.42092e-322
0.197847
0.195139
2.61855e-322
0.210799
0.207743
2.42092e-322
0.222569
0.219688
2.42092e-322
0.230868
0.227187
2.42092e-322
0.236944
0.233681
2.42092e-322
0.23625
0.2325
2.42092e-322
0.236181
0.231007
2.42092e-322
0.235139
0.231354
2.61855e-322
0.233542
0.230451
2.42092e-322
0.23559
0.233507
2.42092e-322
0.231597
0.227604
2.42092e-322
0.242986
0.238993
2.42092e-322
0.259931
0.254063
2.42092e-322
0.268993
0.263854
2.42092e-322
0.278056
0.273715
2.42092e-322
0.27434
0.27059
2.61855e-322
0.271319
0.267292
2.42092e-322
0.263542
0.258646
2.42092e-322
0.254236
0.250139
2.42092e-322
0.249167
0.248646
2.42092e-322
0.248438
0.246701
2.42092e-322
0.247465
0.245625
2.42092e-322
0.263993
0.260069
2.42092e-322
0.27044
0.265729
2.42092e-322
0.277014
0.273264
2.42092e-322
0.274375
0.270556
2.42092e-322
0.28941
0.285417
2.42092e-322
0.309653
0.306146
2.42092e-322
0.326319
0.323264
2.42092e-322
0.343021
0.340104
2.42092e-322
0.380625
0.378958
2.42092e-322
0.385139
0.381528
2.42092e-322
0.387083
0.384062
2.42092e-322
0.385521
0.382153
2.42092e-322
0.388275
0.384201
2.42092e-322
0.385278
0.381285
2.42092e-322
0.382222
0.379271
2.42092e-322
0.37978
0.376516
2.42092e-322
0.37309
0.369063
2.42092e-322
0.380486
0.377396
2.42092e-322
0.369896
0.368194
2.42092e-322
0.36309
0.360729
2.42092e-322
0.367222
0.362187
2.42092e-322
0.378183
0.375197
2.42092e-322
0.391701
0.388611
2.42092e-322
0.405243
0.402847
2.42092e-322
0.419097
0.414583
2.42092e-322
0.444444
0.439028
2.42092e-322
0.445312
0.441389
2.42092e-322
0.446181
0.442049
2.42092e-322
0.449583
0.444653
2.42092e-322
0.453681
0.447708
2.42092e-322
0.457014
0.452292
2.42092e-322
0.454757
0.450521
2.42092e-322
0.448333
0.444792
2.42092e-322
0.471424
0.46184
2.42092e-322
0.456539
0.452789
2.42092e-322
0.45184
0.448542
2.42092e-322
0.464444
0.458785
2.42092e-322
0.468785
0.461771
2.61855e-322
0.468472
0.46441
2.61855e-322
0.470451
0.466042
2.61855e-322
0.469167
0.463079
2.61855e-322
0.470208
0.465637
2.42092e-322
0.495081
0.486007
2.42092e-322
0.480891
0.477465
2.42092e-322
0.471956
0.467778
2.42092e-322
0.467083
0.462477
2.42092e-322
0.464653
0.459387
2.42092e-322
0.459167
0.454352
2.42092e-322
0.459167
0.452813
2.42092e-322
0.45875
0.454097
2.42092e-322
0.473113
0.465891
2.42092e-322
0.468565
0.46309
2.42092e-322
0.464306
0.460313
2.42092e-322
0.462049
0.456076
2.42092e-322
0.463333
0.458229
2.42092e-322
0.464722
0.458924
2.42092e-322
0.473125
0.467882
2.42092e-322
0.47309
0.468275
2.42092e-322
0.513669
0.507558
2.42092e-322
0.491898
0.484815
2.42092e-322
0.475914
0.47037
2.42092e-322
0.467546
0.461956
2.42092e-322
0.455509
0.452106
2.42092e-322
0.452106
0.446933
2.42092e-322
0.445324
0.441505
2.42092e-322
0.438692
0.433623
2.42092e-322
0.433241
0.428519
2.42092e-322
0.459757
0.453194
2.42092e-322
0.44375
0.439931
2.42092e-322
0.434549
0.430972
2.42092e-322
0.424398
0.420139
2.61855e-322
0.418067
0.412928
2.42092e-322
0.411458
0.4075
2.42092e-322
0.403958
0.399757
2.42092e-322
0.393819
0.391389
2.42092e-322
0.453009
0.44434
2.42092e-322
0.435475
0.430822
2.42092e-322
0.42287
0.417315
2.42092e-322
0.409745
0.405995
2.42092e-322
0.40191
0.397153
2.42092e-322
0.391424
0.387639
2.42092e-322
0.383808
0.380093
2.42092e-322
0.375961
0.372454
2.42092e-322
0.399687
0.39191
2.42092e-322
0.38434
0.379965
2.42092e-322
0.371343
0.367106
2.42092e-322
0.356447
0.352211
2.42092e-322
0.349051
0.342836
2.42092e-322
0.341343
0.3361
2.42092e-322
0.338125
0.331377
2.42092e-322
0.32728
0.324468
2.42092e-322
0.316134
0.313426
2.42092e-322
0.320961
0.310475
2.42092e-322
0.302072
0.299919
2.61855e-322
0.297627
0.297975
2.42092e-322
0.292211
0.285822
2.42092e-322
0.281343
0.279965
2.42092e-322
0.279711
0.278287
2.42092e-322
0.278171
0.27228
2.42092e-322
0.26985
0.267581
2.42092e-322
0.34515
0.3375
2.42092e-322
0.316806
0.313113
2.42092e-322
0.304537
0.30037
2.42092e-322
0.290961
0.285509
2.42092e-322
0.277384
0.273218
2.42092e-322
0.266667
0.263646
2.42092e-322
