0
0
0
0
3.85613e-319
0.0947222
0.0936458
0.09375
0.0923611
3.85613e-319
0.127118
0.127118
0.0948611
0.0953819
3.85613e-319
0.144803
0.145046
0.1425
0.144109
3.85613e-319
0.143194
0.142882
0.142743
0.142917
3.85613e-319
0.154688
0.154444
0.154167
0.154097
3.85613e-319
0.155625
0.155486
0.155139
0.154931
3.85613e-319
0.159132
0.158368
0.158785
0.158391
3.85613e-319
0.159514
0.159444
0.159132
0.158356
3.85613e-319
0.154688
0.153877
0.153819
0.153553
3.85613e-319
0.160312
0.159375
0.159363
0.159097
3.85613e-319
0.173183
0.172639
0.172326
0.172153
3.85613e-319
0.175995
0.17566
0.175382
0.174792
3.85613e-319
0.173426
0.173125
0.172708
0.172049
3.85613e-319
0.165949
0.16581
0.165741
0.164549
3.85613e-319
0.166435
0.166597
0.166574
0.166632
3.85613e-319
0.182801
0.181458
0.182118
0.180451
3.85613e-319
0.220451
0.219306
0.219826
0.218704
2.55432e-321
0.272569
0.272326
0.271551
0.271562
2.55432e-321
0.286042
0.283993
0.284954
0.282778
2.55432e-321
0.294815
0.293611
0.292569
0.292882
2.55432e-321
0.272014
0.269965
0.269132
0.26794
2.55432e-321
0.259549
0.257639
0.256944
0.256076
2.55432e-321
0.25059
0.249028
0.249097
0.247882
2.55432e-321
0.246319
0.244688
0.243924
0.243333
2.55432e-321
0.243438
0.241944
0.240694
0.24184
2.55432e-321
0.258854
0.256458
0.257049
0.257083
2.55432e-321
0.263715
0.262674
0.260382
0.262153
2.55432e-321
0.259688
0.258576
0.258125
0.256528
2.55432e-321
0.250972
0.249757
0.248646
0.249167
2.55432e-321
0.243472
0.241563
0.243333
0.241528
2.55432e-321
0.232257
0.231875
0.228333
0.228993
2.55432e-321
0.22375
0.223785
0.222326
0.221528
2.55432e-321
0.222153
0.218785
0.220694
0.217292
2.55432e-321
0.213125
0.212812
0.211944
0.210729
2.55432e-321
0.208125
0.207083
0.206146
0.207326
2.55432e-321
0.202662
0.202627
0.201481
0.200301
2.55432e-321
0.197083
0.196181
0.195069
0.195035
2.55432e-321
0.199028
0.198368
0.198368
0.196389
2.55432e-321
0.19478
0.193079
0.192766
0.191169
2.55432e-321
0.189722
0.187847
0.187153
0.188472
2.55432e-321
0.185058
0.185058
0.184398
0.183113
2.55432e-321
0.182558
0.182593
0.182245
0.180926
2.55432e-321
0.183611
0.181528
0.182257
0.180312
2.55432e-321
0.175625
0.17566
0.174757
0.173854
2.55432e-321
0.171042
0.171389
0.170937
0.169028
2.55432e-321
0.16934
0.168056
0.166736
0.166181
2.55432e-321
0.159861
0.15934
0.159062
0.158681
2.55432e-321
0.161412
0.161343
0.161308
0.160822
2.55432e-321
0.155023
0.154919
0.153218
0.152211
2.55432e-321
0.147187
0.144375
0.145486
0.145417
2.55432e-321
0.144259
0.143183
0.142731
0.141794
2.55432e-321
0.141181
0.138611
0.140278
0.138472
2.55432e-321
0.141354
0.140729
0.139965
0.139271
2.55432e-321
0.133229
0.134722
0.134167
0.131458
2.55432e-321
0.132847
0.130972
0.131597
0.129479
2.55432e-321
0.146944
0.147153
0.146424
0.144653
2.55432e-321
0.153715
0.153368
0.152083
0.151493
2.55432e-321
0.153681
0.152986
0.15
0.148576
2.55432e-321
0.135937
0.134549
0.133646
0.132257
2.55432e-321
0.126134
0.123391
0.123912
0.122211
2.55432e-321
0.123854
0.120764
0.122396
0.120903
2.55432e-321
0.123773
0.120787
0.121794
0.120718
2.55432e-321
0.128438
0.124826
0.123194
0.12434
2.55432e-321
0.114502
0.11353
0.112454
0.11044
2.55432e-321
0.105532
0.105116
0.105324
0.103692
2.55432e-321
0.0997222
0.0982986
0.0980903
0.0973611
2.55432e-321
0.0982292
0.0972917
0.0962847
0.095625
2.55432e-321
0.103183
0.101516
0.100162
0.0988773
2.55432e-321
0.101111
0.0978009
0.0999884
0.0988426
2.55432e-321
0.0942245
0.092662
0.0918287
0.0910301
2.55432e-321
0.0881944
0.0860417
0.0856597
0.0845486
2.55432e-321
0.0842245
0.0823495
0.0820023
0.0813426
2.55432e-321
0.0903472
0.0901042
0.0893403
0.0869792
2.55432e-321
0.0819097
0.0815278
0.0794097
0.0807292
2.55432e-321
0.0782986
0.0776389
0.0755208
0.0760069
2.55432e-321
0.0780208
0.0766319
0.0746875
0.0755903
2.55432e-321
0.0801042
0.0793056
0.0786111
0.0778472
2.55432e-321
0.094375
0.0926389
0.0917708
0.0905208
2.55432e-321
0.0907986
0.0894097
0.09
0.0898611
2.55432e-321
0.0962847
0.0953472
0.0954167
0.0937153
2.55432e-321
0.124896
0.123785
0.12316
0.121979
2.55432e-321
0.160069
0.157778
0.157882
0.157118
2.55432e-321
0.220729
0.217743
0.214965
0.213715
2.55432e-321
0.251204
0.249745
0.248947
0.248356
2.55432e-321
0.280451
0.277882
0.278542
0.277222
2.55432e-321
0.310995
0.30912
0.308738
0.309086
2.55432e-321
0.337847
0.336771
0.336354
0.335278
2.55432e-321
0.377141
0.377037
0.374815
0.375683
2.55432e-321
0.384549
0.383924
0.384444
0.383889
2.55432e-321
0.39625
0.394271
0.393889
0.392778
2.55432e-321
0.406458
0.407361
0.406319
0.406389
2.55432e-321
0.417257
0.415833
0.415312
0.414583
2.55432e-321
0.435278
0.435
0.433229
0.429722
2.55432e-321
0.427882
0.425694
0.426458
0.426181
2.55432e-321
0.426424
0.424931
0.425486
0.42375
2.55432e-321
0.422778
0.420556
0.421042
0.420174
2.55432e-321
0.421273
0.420312
0.419676
0.41985
2.55432e-321
0.427986
0.425729
0.424549
0.425382
2.55432e-321
0.422118
0.421319
0.421563
0.420139
2.55432e-321
0.434063
0.431979
0.432847
0.433056
2.55432e-321
0.448472
0.446354
0.443889
0.442569
2.55432e-321
0.45897
0.457859
0.456991
0.45588
2.55432e-321
0.482917
0.479167
0.478715
0.475833
2.55432e-321
0.482361
0.48
0.47934
0.481389
2.55432e-321
0.483299
0.480625
0.480938
0.479479
2.55432e-321
0.483299
0.482049
0.480938
0.479687
2.55432e-321
0.482986
0.481354
0.482014
0.480069
2.55432e-321
0.503021
0.501389
0.497465
0.499826
2.55432e-321
0.501493
0.499444
0.496736
0.494444
2.55432e-321
0.494884
0.492454
0.491169
0.489537
2.55432e-321
0.486875
0.485521
0.482569
0.484063
2.55432e-321
0.48103
0.480544
0.478183
0.475613
2.55432e-321
0.480833
0.47934
0.476007
0.476007
2.55432e-321
0.477639
0.476528
0.474896
0.473715
2.55432e-321
0.482315
0.479201
0.472662
0.476377
2.55432e-321
0.479919
0.476898
0.473438
0.471343
2.55432e-321
0.47978
0.473773
0.473727
0.474225
2.55432e-321
0.493704
0.490787
0.487766
0.484294
2.55432e-321
0.493044
0.489398
0.487454
0.48537
2.55432e-321
0.493356
0.487014
0.490509
0.489954
2.55432e-321
0.502882
0.501806
0.497222
0.495278
2.55432e-321
0.505972
0.504965
0.500104
0.499236
2.55432e-321
0.544167
0.537824
0.538229
0.530764
2.55432e-321
0.529306
0.524479
0.524132
0.524167
2.55432e-321
0.522535
0.515463
0.515382
0.51184
2.55432e-321
0.513437
0.511319
0.511979
0.507477
2.55432e-321
0.50625
0.505463
0.502338
0.500718
2.55432e-321
0.522118
0.513206
0.51581
0.506389
2.55432e-321
0.506481
0.502465
0.49963
0.496956
2.55432e-321
0.496389
0.489005
0.495197
0.488414
2.55432e-321
0.487512
0.484745
0.478958
0.476852
2.55432e-321
0.477512
0.474236
0.472975
0.468032
2.55432e-321
0.485312
0.476285
0.474942
0.473206
2.55432e-321
0.468657
0.463785
0.460035
0.462616
2.55432e-321
0.457917
0.45375
0.451192
0.452095
2.55432e-321
0.444063
0.441539
0.437025
0.435694
2.55432e-321
0.430417
0.428958
0.425671
0.422708
2.55432e-321
0.442604
0.436354
0.433727
0.429653
2.55432e-321
0.418438
0.41456
0.409653
0.406944
2.55432e-321
0.403576
0.398819
0.397025
0.392396
2.55432e-321
0.39
0.386262
0.382708
0.378681
2.55432e-321
0.377049
0.372708
0.367477
0.367685
2.55432e-321
0.420729
0.406597
0.397882
0.408449
2.55432e-321
0.380694
0.373843
0.370312
0.37265
2.55432e-321
0.356192
0.350556
0.345868
0.34191
2.55432e-321
0.337222
0.331609
0.330278
0.328437
2.55432e-321
0.318993
0.314583
0.310116
0.307951
2.55432e-321
0.334167
0.324965
0.322326
0.319144
2.55432e-321
0.306632
0.301146
0.301458
0.300602
2.55432e-321
0.29059
0.286042
0.283646
0.279387
2.55432e-321
0.274109
0.268044
0.266331
0.262188
2.55432e-321
0.259606
0.256331
0.256042
0.250833
2.55432e-321
0.297917
0.286134
0.285035
0.278727
2.55432e-321
0.260706
0.256933
0.257234
0.252986
2.55432e-321
0.241331
0.236505
0.233785
0.229502
2.55432e-321
0.224433
0.223368
0.215567
0.218264
2.55432e-321
0.207049
0.202731
0.199213
0.199514
2.55432e-321
0.209896
0.198889
0.200914
0.198565
2.55432e-321
0.191794
0.189734
0.18559
0.183993
2.55432e-321
0.184282
0.180104
0.177778
0.175023
2.55432e-321
0.167998
0.166076
0.160139
0.163461
2.55432e-321
0.159583
0.155741
0.154132
0.151968
2.55432e-321
0.211562
0.200324
0.197593
0.19441
2.55432e-321
0.18816
0.1825
0.179525
0.173981
2.55432e-321
0.176551
0.172604
0.171875
0.169005
2.55432e-321
0.159537
0.15831
0.153646
0.154549
2.55432e-321
0.143738
0.141644
0.139514
0.13559
2.55432e-321
0.164155
0.158785
0.154734
0.160104
2.55432e-321
0.138021
0.135903
0.134051
0.131852
2.55432e-321
0.122778
0.121644
0.11853
0.118056
2.55432e-321
0.108704
0.105382
0.104965
0.10147
2.55432e-321
0.100625
0.101944
0.0965625
0.0951273
2.55432e-321
0.108854
0.105139
0.106285
0.0982523
2.55432e-321
0.0946528
0.0887037
0.0889236
0.0865972
2.55432e-321
0.0876736
0.0828356
0.0827083
0.0837384
2.55432e-321
0.0733912
0.0734954
0.0699306
0.0690278
2.55432e-321
0.0634722
0.0610648
0.063287
0.0594097
2.55432e-321
0.058125
0.0547569
0.0592593
0.0548843
2.55432e-321
0.0516204
0.0509028
0.0502083
0.0513773
2.55432e-321
0.0606366
0.0578472
0.0553704
0.0538194
2.55432e-321
0.0525116
0.0481944
0.0457639
0.0466204
2.55432e-321
0.0434375
0.0430208
0.044838
0.0405787
2.55432e-321
0.0346181
0.0317361
0.031875
0.0311343
2.55432e-321
0.0302431
0.02875
0.0280556
0.0277315
2.55432e-321
0.0357292
0.0337847
0.0350231
0.0330556
2.55432e-321
0.0294792
0.0291667
0.0287384
0.0272222
2.55432e-321
0.0300347
0.0299537
0.0288542
0.0283333
2.55432e-321
0.0276736
0.0274306
0.0273264
0.0266551
2.55432e-321
0.0270486
0.0257292
0.0251968
0.0240972
2.55432e-321
0.0308333
0.0302431
0.0301968
0.0282292
2.55432e-321
0.0249653
0.0244329
0.0246181
0.023669
2.55432e-321
0.0212037
0.0207986
0.0208333
0.0201736
2.55432e-321
0.0194907
0.0189931
0.0185417
0.0179398
2.55432e-321
0.0208333
0.0204745
0.0201736
0.0196181
2.55432e-321
0.0317708
0.0302083
0.028287
0.0264931
2.55432e-321
0.0252083
0.02375
0.0248843
0.0236111
2.55432e-321
0.0196528
0.0195139
0.0191667
0.019537
2.55432e-321
0.0194097
0.0190856
0.0182986
0.0182639
2.55432e-321
0.0187153
0.0185417
0.0184606
0.0182986
2.55432e-321
0.0225347
0.0209375
0.0210417
0.0210648
2.55432e-321
0.0201505
0.0196528
0.0195718
0.0191667
2.55432e-321
0.0237037
0.0228472
0.0227778
0.0219444
2.55432e-321
0.0188542
0.0185417
0.0186806
0.0183912
2.55432e-321
0.016794
0.0164931
0.01625
0.0162153
2.55432e-321
0.0155903
0.0149653
0.0148148
0.0146875
2.55432e-321
0.0146759
0.0139236
0.0140625
0.0142708
2.55432e-321
0.0158565
0.0163542
0.0163542
0.015625
2.55432e-321
0.0141319
0.0140972
0.0139468
0.0134028
2.55432e-321
0.0136806
0.0133333
0.0134954
0.0127778
2.55432e-321
0.011169
0.0108681
0.0108681
0.0108333
2.55432e-321
0.00880787
0.00864583
0.00850694
0.00850694
2.55432e-321
0.0109722
0.00982639
0.00960648
0.00881944
2.55432e-321
0.00755787
0.0071875
0.0071875
0.00715278
2.55432e-321
0.00791667
0.00777778
0.00708333
0.00724537
2.55432e-321
0.00628472
0.00621528
0.00623843
0.00614583
2.55432e-321
0.00690972
0.00680556
0.00659722
0.00679398
2.55432e-321
0.0100694
0.00989583
0.00982639
0.00981481
2.55432e-321
0.0106481
0.0102083
0.0102083
0.0102083
2.55432e-321
0.0128356
0.0125347
0.0124653
0.0124653
2.55432e-321
0.0129167
0.0126042
0.0126042
0.0125579
2.55432e-321
0.0133102
0.0126389
0.0128009
0.0126389
2.55432e-321
0.0137269
0.0132639
0.0126968
0.0124306
2.55432e-321
0.0127199
0.0123148
0.0121528
0.0120139
2.55432e-321
0.0131597
0.0124653
0.0129167
0.0125926
2.55432e-321
0.0169444
0.0166667
0.017037
0.016875
2.55432e-321
0.0176736
0.0173958
0.0173611
0.0173843
2.55432e-321
0.0182639
0.0178819
0.0173958
0.0172454
2.55432e-321
0.0158333
0.0155556
0.0155208
0.0156829
2.55432e-321
0.0171875
0.0170139
0.0171759
0.0168403
2.55432e-321
0.0135764
0.0131134
0.0134606
0.0132292
2.55432e-321
0.0151736
0.0149653
0.014919
0.0150694
2.55432e-321
0.0172106
0.0166204
0.0163889
0.0162847
2.55432e-321
0.0148148
0.0142708
0.0142014
0.0140278
2.55432e-321
0.0123843
0.0122569
0.0125
0.0122454
2.55432e-321
0.00913194
0.00881944
0.00875
0.00887731
2.55432e-321
0.00979167
0.0090625
0.00925926
0.00922454
2.55432e-321
0.0078125
0.00756944
0.00746528
0.00759259
2.55432e-321
0.00701389
0.00673611
0.00689815
0.00693287
2.55432e-321
0.00655093
0.00586806
0.00569444
0.005625
2.55432e-321
0.00503472
0.00498843
0.00488426
0.00472222
2.55432e-321
0.00555556
0.00538194
0.00538194
0.00554398
2.55432e-321
0.0065625
0.00672454
0.00618056
0.00634259
2.55432e-321
0.00638889
0.00644676
0.00628472
0.00628472
2.55432e-321
0.00637731
0.00627315
0.00607639
0.00607639
2.55432e-321
0.00920139
0.00850694
0.00849537
0.00829861
2.55432e-321
0.0143634
0.0136111
0.0142245
0.0136806
2.55432e-321
0.0150347
0.0149306
0.0150579
0.0150694
2.55432e-321
0.0178009
0.0165972
0.0166667
0.0167245
2.55432e-321
0.0158912
0.0156944
0.0152083
0.0151736
2.55432e-321
0.0146528
0.0144676
0.0141667
0.0141898
2.55432e-321
0.0140972
0.0138542
0.0135764
0.0131481
2.55432e-321
0.0137847
0.0135764
0.0139815
0.0135648
2.55432e-321
0.0147222
0.0144792
0.0146065
0.0143403
2.55432e-321
0.0135069
0.013669
0.0134722
0.0135648
2.55432e-321
0.0154514
0.014375
0.0141319
0.0141898
2.55432e-321
0.0141667
0.0137847
0.0139815
0.013912
2.55432e-321
0.0161343
0.0155903
0.015625
0.0151042
2.55432e-321
0.0177431
0.0177315
0.0175347
0.0176968
2.55432e-321
0.0157176
0.0154514
0.0154514
0.0155208
2.55432e-321
0.0149884
0.0146181
0.0146528
0.0147801
2.55432e-321
0.0143403
0.0141319
0.0141667
0.0141204
2.55432e-321
0.0096412
0.00918981
0.00892361
0.00878472
2.55432e-321
0.00788194
0.00784722
0.00760417
0.00769676
2.55432e-321
0.00769676
0.00752315
0.00736111
0.00729167
2.55432e-321
0.00496528
0.00465278
0.00496528
0.00467593
2.55432e-321
0.0040625
0.00395833
0.00412037
0.00415509
2.55432e-321
0.00583333
0.00548611
0.005625
0.00564815
2.55432e-321
0.0110069
0.0107639
0.0111343
0.0103356
2.55432e-321
0.0205208
0.0204398
0.0204861
0.0192014
2.55432e-321
0.0283333
0.0276736
0.0284606
0.0281134
2.55432e-321
0.0337847
0.0329167
0.0330556
0.0331134
2.55432e-321
0.0382639
0.0383565
0.0381134
0.0379167
2.55432e-321
0.0413889
0.0409028
0.0410417
0.0410995
2.55432e-321
0.0403819
0.040162
0.0402662
0.0399653
2.55432e-321
0.0415509
0.0408681
0.0412153
0.0410069
2.55432e-321
0.0386111
0.0384722
0.0383565
0.038669
2.55432e-321
0.0372454
0.0369444
0.0369792
0.0369444
2.55432e-321
0.0348264
0.0347801
0.0347454
0.0339931
2.55432e-321
0.0319444
0.0310648
0.0318403
0.0313194
2.55432e-321
0.0318634
0.0319792
0.0321065
0.0316667
2.55432e-321
0.0322338
0.0317708
0.0319329
0.0312847
2.55432e-321
0.0389236
0.0384722
0.0388079
0.0385995
2.55432e-321
0.0466667
0.0461458
0.04625
0.0458912
2.55432e-321
0.0579051
0.0562847
0.0556481
0.056875
2.55432e-321
0.076169
0.0758333
0.0759028
0.0749653
2.55432e-321
0.116875
0.115347
0.11228
0.112454
2.55432e-321
0.154236
0.152836
0.153125
0.154236
2.55432e-321
0.192674
0.192465
0.190475
0.188252
2.55432e-321
0.258322
0.251632
0.254109
0.252176
2.55432e-321
0.294468
0.293634
0.291944
0.290833
2.55432e-321
0.329201
0.326424
0.327188
0.324988
2.55432e-321
0.36022
0.354792
0.353819
0.356181
2.55432e-321
0.383368
0.379016
0.377257
0.376042
2.55432e-321
0.463333
0.452766
0.45544
0.44941
2.55432e-321
0.497986
0.492049
0.490127
0.4875
2.55432e-321
0.52809
0.520856
0.517292
0.51735
2.55432e-321
0.556852
0.551169
0.548079
0.551968
2.55432e-321
0.597141
0.593819
0.592257
0.59022
2.55432e-321
0.617176
0.611238
0.608206
0.6061
2.55432e-321
0.636516
0.631944
0.62816
0.629676
2.55432e-321
0.646956
0.64485
0.644572
0.638113
2.55432e-321
0.679803
0.673866
0.670729
0.666285
2.55432e-321
0.702245
0.690764
0.693819
0.692951
2.55432e-321
0.721794
0.714676
0.711343
0.706123
2.55432e-321
0.733299
0.72772
0.727743
0.727616
2.55432e-321
0.749398
0.745162
0.741655
0.738449
2.55432e-321
0.728611
0.724502
0.722604
0.718125
2.55432e-321
0.760023
0.756076
0.751944
0.753646
2.55432e-321
0.764595
0.76088
0.757951
0.754803
2.55432e-321
0.78691
0.783981
0.781389
0.777917
2.55432e-321
0.787604
0.780856
0.778993
0.776736
2.55432e-321
0.801481
0.79728
0.795428
0.790706
2.55432e-321
0.804618
0.800683
0.800104
0.799028
2.55432e-321
0.812037
0.806863
0.804086
0.801539
2.55432e-321
0.801389
0.799676
0.796458
0.796736
2.55432e-321
0.791933
0.78728
0.784525
0.785162
2.55432e-321
0.783924
0.777569
0.775197
0.777292
2.55432e-321
0.773194
0.767743
0.770729
0.767419
2.55432e-321
0.776296
0.770648
0.769086
0.766933
2.55432e-321
0.812882
0.806215
0.802188
0.804398
2.55432e-321
0.812882
0.809271
0.804931
0.808704
2.55432e-321
0.80919
0.809028
0.808762
0.80603
2.55432e-321
0.800613
0.793669
0.795544
0.793993
2.55432e-321
0.797986
0.791412
0.789132
0.791736
2.55432e-321
0.804861
0.800104
0.799375
0.800174
2.55432e-321
0.798368
0.791944
0.791562
0.789375
2.55432e-321
0.775093
0.770949
0.771921
0.768067
2.55432e-321
0.737396
0.730556
0.729757
0.727153
2.55432e-321
0.708229
0.704618
0.701007
0.697118
2.55432e-321
0.696921
0.689178
0.688449
0.685671
2.55432e-321
0.692326
0.684375
0.680972
0.679375
2.55432e-321
0.697384
0.685463
0.686377
0.682778
2.55432e-321
0.709086
0.701215
0.700301
0.699097
2.55432e-321
0.679653
0.675764
0.673854
0.671146
2.55432e-321
0.698762
0.687789
0.687407
0.684873
2.55432e-321
0.702222
0.697812
0.697222
0.692813
2.55432e-321
0.708738
0.701794
0.70037
0.694884
2.55432e-321
0.708426
0.708947
0.705509
0.703252
2.55432e-321
0.745938
0.740694
0.736597
0.735764
2.55432e-321
0.751308
0.74419
0.745058
0.74169
2.55432e-321
0.743021
0.737396
0.734271
0.731701
2.55432e-321
0.734757
0.726435
0.726505
0.725208
2.55432e-321
0.753102
0.749873
0.746123
0.744109
2.55432e-321
0.713229
0.70816
0.708681
0.707465
2.55432e-321
0.708588
0.704873
0.69897
0.704664
2.55432e-321
0.71625
0.709097
0.706875
0.704306
2.55432e-321
0.743368
0.734965
0.73566
0.730625
2.55432e-321
0.775208
0.767153
0.764062
0.759444
2.55432e-321
0.811806
0.805312
0.799549
0.796076
2.55432e-321
0.807847
0.803021
0.797639
0.797118
2.55432e-321
0.807778
0.792708
0.800729
0.798819
2.55432e-321
0.791632
0.784873
0.78265
0.776088
2.55432e-321
0.773924
0.762813
0.767986
0.761204
2.55432e-321
0.763495
0.752697
0.75044
0.744363
2.55432e-321
0.743924
0.734653
0.734549
0.726701
2.55432e-321
0.731296
0.725405
0.721412
0.715613
2.55432e-321
0.716458
0.711771
0.710104
0.706111
2.55432e-321
0.7
0.691042
0.688785
0.680556
2.55432e-321
0.688854
0.682743
0.676528
0.670729
2.55432e-321
0.670486
0.662604
0.652882
0.655694
2.55432e-321
0.683356
0.673889
0.670752
0.665995
2.55432e-321
0.667593
0.654525
0.651725
0.646713
2.55432e-321
0.635243
0.622361
0.623229
0.61566
2.55432e-321
0.611875
0.601354
0.59559
0.595243
2.55432e-321
0.603819
0.59809
0.593472
0.588264
2.55432e-321
0.595972
0.590278
0.582674
0.590972
2.55432e-321
0.578796
0.564826
0.56559
0.56581
2.55432e-321
0.549016
0.53787
0.538356
0.537558
2.55432e-321
0.508368
0.494271
0.49941
0.493819
2.55432e-321
0.47515
0.469664
0.468762
0.461019
2.55432e-321
0.474757
0.466667
0.46684
0.458229
2.55432e-321
0.464595
0.45985
0.453773
0.452477
2.55432e-321
0.474803
0.467014
0.460278
0.46184
2.55432e-321
0.468356
0.4564
0.457731
0.451875
2.55432e-321
0.484525
0.474387
0.47515
0.468947
2.55432e-321
0.538495
0.532454
0.527211
0.524086
2.55432e-321
0.576736
0.56537
0.570301
0.564259
2.55432e-321
0.590394
0.589248
0.58522
0.582199
2.55432e-321
0.594549
0.593125
0.594375
0.589271
2.55432e-321
0.622257
0.61684
0.615139
0.611366
2.55432e-321
0.606042
0.600694
0.597153
0.599676
2.55432e-321
0.572917
0.564167
0.565035
0.561632
2.55432e-321
0.527789
0.523414
0.52515
0.518866
2.55432e-321
0.481447
0.475
0.470833
0.471771
2.55432e-321
0.455451
0.448623
0.449317
0.44838
2.55432e-321
0.423681
0.41669
0.417882
0.414363
2.55432e-321
0.391551
0.390081
0.386065
0.384433
2.55432e-321
0.376701
0.370185
0.371493
0.367292
2.55432e-321
0.344942
0.336817
0.337442
0.341366
2.55432e-321
0.308229
0.304444
0.300903
0.296771
2.55432e-321
0.263924
0.260521
0.261146
0.254757
2.55432e-321
0.225046
0.231435
0.228345
0.224178
2.55432e-321
0.202176
0.20044
0.192616
0.196481
2.55432e-321
0.182604
0.178194
0.180417
0.180208
2.55432e-321
0.181424
0.178021
0.175833
0.170498
2.55432e-321
0.16581
0.164144
0.159907
0.156713
2.55432e-321
0.169444
0.163634
0.170081
0.167477
2.55432e-321
0.15772
0.154722
0.151875
0.151632
2.55432e-321
0.147882
0.143264
0.147465
0.142986
2.55432e-321
0.193854
0.192674
0.190104
0.186424
2.55432e-321
0.269479
0.266285
0.269271
0.267037
2.55432e-321
0.355486
0.354132
0.353056
0.347083
2.55432e-321
0.441331
0.432338
0.436019
0.436157
2.55432e-321
0.487755
0.484977
0.484109
0.481505
2.55432e-321
0.487986
0.486771
0.486875
0.483264
2.55432e-321
0.464398
0.461562
0.459306
0.459167
2.55432e-321
0.407361
0.403958
0.401007
0.396562
2.55432e-321
0.344236
0.342743
0.339757
0.339896
2.55432e-321
0.305833
0.303542
0.300799
0.299861
2.55432e-321
0.248634
0.250093
0.24912
0.245926
2.55432e-321
0.216562
0.215278
0.211875
0.213472
2.55432e-321
0.171019
0.17015
0.167269
0.168414
2.55432e-321
0.137257
0.136319
0.134479
0.132257
2.55432e-321
0.0972569
0.0978472
0.0951736
0.0933333
2.55432e-321
0.0709606
0.0680556
0.0700347
0.0671875
2.55432e-321
0.0625347
0.0619097
0.0610764
0.0601389
2.55432e-321
0.062037
0.0615625
0.06125
0.0598958
2.55432e-321
0.0557986
0.05375
0.054375
0.0552431
2.55432e-321
0.0626389
0.0623611
0.0617593
0.0608333
2.55432e-321
0.0914583
0.0875231
0.0862731
0.0856481
2.55432e-321
0.132731
0.130903
0.1325
0.130347
2.55432e-321
0.172361
0.170069
0.171736
0.169444
2.55432e-321
0.210301
0.206701
0.206458
0.204236
2.55432e-321
0.266632
0.259792
0.258958
0.259514
2.55432e-321
0.309965
0.302326
0.30228
0.298785
2.55432e-321
0.318819
0.311736
0.315278
0.312431
2.55432e-321
0.328333
0.326898
0.325313
0.323252
2.55432e-321
0.324711
0.321898
0.321169
0.317176
2.55432e-321
0.318032
0.313785
0.312812
0.311088
2.55432e-321
0.296944
0.303333
0.299711
0.299201
2.55432e-321
0.29735
0.294479
0.29559
0.294745
2.55432e-321
0.295093
0.292153
0.291354
0.290382
2.55432e-321
0.26625
0.265278
0.262593
0.261863
2.55432e-321
0.225312
0.221632
0.224641
0.223924
2.55432e-321
0.175764
0.175521
0.17544
0.175822
2.55432e-321
0.13125
0.132986
0.132627
0.131285
2.55432e-321
0.0953819
0.0962153
0.0958565
0.095162
2.55432e-321
0.0601389
0.0607292
0.0607523
0.0594444
2.55432e-321
0.0384606
0.0386458
0.0388194
0.0390856
2.55432e-321
0.0237963
0.024213
0.0234144
0.0230903
2.55432e-321
0.0129051
0.012338
0.0128241
0.0127315
2.55432e-321
0.0205556
0.0201389
0.0189931
0.0181134
2.55432e-321
0.0140856
0.0150579
0.0138889
0.0136806
2.55432e-321
0.0121412
0.0114236
0.0118056
0.0116898
2.55432e-321
0.0111458
0.0109375
0.0112384
0.0108681
2.55432e-321
0.0100694
0.00951389
0.00836806
0.00861111
2.55432e-321
0.00930556
0.009375
0.0090625
0.00884259
2.55432e-321
0.0071875
0.00684028
0.00684028
0.00673611
2.55432e-321
0.00680556
0.00609954
0.00645833
0.00673611
2.55432e-321
0.00666667
0.00725694
0.00652778
0.00722222
2.55432e-321
0.006875
0.00642361
0.00658565
0.00663194
2.55432e-321
0.00840278
0.00864583
0.00815972
0.00760417
2.55432e-321
0.0256597
0.0246875
0.024375
0.0242593
2.55432e-321
0.0518403
0.0504167
0.05
0.0497917
2.55432e-321
0.0665625
0.0646528
0.0646065
0.0643056
2.55432e-321
0.0767014
0.0742361
0.0748611
0.0740278
2.55432e-321
0.0840741
0.0823843
0.0797454
0.0799537
2.55432e-321
0.0870139
0.0866667
0.0829167
0.0846528
2.55432e-321
0.100139
0.0994097
0.0990856
0.0990625
2.55432e-321
0.114132
0.112986
0.112569
0.113576
2.55432e-321
0.0974537
0.0947569
0.0930208
0.0938542
2.55432e-321
0.0793056
0.079294
0.0765625
0.0746181
2.55432e-321
0.0717245
0.0710764
0.0702083
0.0706019
2.55432e-321
0.0510764
0.0509722
0.0494676
0.0495833
2.55432e-321
0.0410995
0.0405324
0.0397917
0.0392361
2.55432e-321
0.0334722
0.0334722
0.0322801
0.0324653
2.55432e-321
0.0301968
0.0290278
0.0288194
0.0294907
2.55432e-321
0.0219792
0.0215972
0.0216551
0.0214931
2.55432e-321
0.0106597
0.0107176
0.010625
0.0106366
2.55432e-321
0.00902778
0.00862269
0.00862269
0.00841435
2.55432e-321
0.00967593
0.00878472
0.00881944
0.0087963
2.55432e-321
0.0149306
0.0137847
0.0136458
0.0137037
2.55432e-321
0.0188889
0.0187616
0.0182639
0.018669
2.55432e-321
0.0156944
0.0156944
0.0156597
0.0156829
2.55432e-321
0.0162153
0.0163079
0.0162153
0.0162616
2.55432e-321
0.0191898
0.0184838
0.018044
0.0178356
2.55432e-321
0.0594213
0.0580787
0.0579861
0.0578125
2.55432e-321
0.0723148
0.0698958
0.0694444
0.0696528
2.55432e-321
0.0723264
0.0708565
0.0705903
0.0692824
2.55432e-321
0.0726042
0.0712037
0.0707639
0.0709028
2.55432e-321
0.080544
0.0796875
0.0792477
0.0779514
2.55432e-321
0.0645833
0.0646065
0.0643403
0.0642361
2.55432e-321
0.0386111
0.038588
0.0387037
0.0385069
2.55432e-321
0.0100347
0.0101042
0.0100231
0.00979167
2.55432e-321
0.0028588
0.00256944
0.00266204
0.00256944
2.55432e-321
0.02375
0.0230556
0.023125
0.0230787
2.55432e-321
0.0396181
0.0394676
0.0392708
0.0392477
2.55432e-321
0.0444444
0.044294
0.0442708
0.0438194
2.55432e-321
0.0503819
0.0500579
0.0506019
0.0499653
2.55432e-321
0.0573611
0.057419
0.0573264
0.0574306
2.55432e-321
0.0591204
0.0590046
0.0588194
0.0589583
2.55432e-321
0.0448611
0.0448843
0.0445486
0.0445833
2.55432e-321
0.0248032
0.0250231
0.0248264
0.0248611
2.55432e-321
0.0090625
0.00885417
0.00873843
0.00868056
2.55432e-321
0.0101042
0.00997685
0.00986111
0.00984954
2.55432e-321
0.0149306
0.0143981
0.0144097
0.0143056
2.55432e-321
0.0169097
0.0169097
0.0166435
0.0166898
2.55432e-321
0.0194444
0.0193403
0.0191667
0.0190856
2.55432e-321
0.0229051
0.0221181
0.0227431
0.0227199
2.55432e-321
0.0254282
0.0253588
0.0253935
0.0253819
2.55432e-321
0.0264468
0.0260069
0.0260069
0.0260532
2.55432e-321
0.0543056
0.0528125
0.0528704
0.0518403
2.55432e-321
0.0612153
0.0597106
0.0583565
0.0583796
2.55432e-321
0.0674653
0.0650231
0.0649653
0.064375
2.55432e-321
0.0771528
0.0752199
0.0740278
0.0752778
2.55432e-321
0.0804167
0.0780208
0.0786111
0.078287
2.55432e-321
0.0872685
0.0844792
0.0861458
0.08375
2.55432e-321
0.09125
0.09125
0.0910764
0.0908565
2.55432e-321
0.0799074
0.079838
0.0798148
0.0791782
2.55432e-321
0.0560417
0.05625
0.0562384
0.0558333
2.55432e-321
0.0268866
0.0270486
0.0269444
0.0269444
2.55432e-321
0.00625
0.00621528
0.00626157
0.00625
2.55432e-321
0.00136574
0.00128472
0.00128472
0.00135417
2.55432e-321
0.00148148
0.00149306
0.00142361
0.00142361
2.55432e-321
0.00164352
0.00166667
0.00159722
0.00159722
2.55432e-321
0.00131944
0.00135417
0.00135417
0.00141204
2.55432e-321
0.00131944
0.00136574
0.00138889
0.00131944
2.55432e-321
0.00162037
0.00163194
0.0015625
0.0015625
2.55432e-321
0.00159722
0.00159722
0.00166667
0.00164352
2.55432e-321
0.00145833
0.00145833
0.00159722
0.00158565
2.55432e-321
0.00166667
0.00171296
0.00166667
0.00173611
2.55432e-321
0.00142361
0.00148148
0.00142361
0.00149306
2.55432e-321
0.00125
0.00131944
0.00125
0.0012963
2.55432e-321
0.00194444
0.00190972
0.00193287
0.00184028
2.55432e-321
0.0284375
0.0281597
0.028206
0.0282292
2.55432e-321
0.0423264
0.0421528
0.042037
0.0419792
2.55432e-321
0.0645833
0.0639583
0.063206
0.0628472
2.55432e-321
0.107778
0.104097
0.103912
0.103681
2.55432e-321
0.160278
0.157014
0.1564
0.155729
2.55432e-321
0.18809
0.18669
0.185
0.184167
2.55432e-321
0.198449
0.198137
0.193623
0.192766
2.55432e-321
0.190104
0.188704
0.183264
0.184132
2.55432e-321
0.178958
0.17816
0.177986
0.178484
2.55432e-321
0.184051
0.183218
0.182199
0.180093
2.55432e-321
0.163912
0.162558
0.162106
0.159201
2.55432e-321
0.157963
0.155162
0.155822
0.154711
2.55432e-321
0.135532
0.132581
0.13375
0.132743
2.55432e-321
0.104676
0.103333
0.102431
0.103125
2.55432e-321
0.0799421
0.0787731
0.0785532
0.0786921
2.55432e-321
0.059838
0.0593634
0.0587153
0.0587384
2.55432e-321
0.0617014
0.0598958
0.0602894
0.0596528
2.55432e-321
0.0627778
0.0620486
0.0616667
0.0624884
2.55432e-321
0.0602083
0.0603588
0.0600347
0.0600347
2.55432e-321
0.0636458
0.0637153
0.0633333
0.0628356
2.55432e-321
0.0729861
0.0747338
0.0736458
0.0721875
2.55432e-321
0.091875
0.0915162
0.0914583
0.0915278
2.55432e-321
0.106215
0.105868
0.105729
0.105532
2.55432e-321
0.108785
0.10816
0.108021
0.107315
2.55432e-321
0.118287
0.117141
0.117454
0.117454
2.55432e-321
0.124201
0.123299
0.123507
0.122222
2.55432e-321
0.129444
0.128542
0.128403
0.128438
2.55432e-321
0.134306
0.133924
0.133819
0.133576
2.55432e-321
0.136007
0.135313
0.135243
0.133819
2.55432e-321
0.139502
0.138044
0.1386
0.138148
2.55432e-321
0.144086
0.143565
0.143669
0.141898
2.55432e-321
0.147778
0.147708
0.146701
0.147431
2.55432e-321
0.150833
0.150417
0.149688
0.148646
2.55432e-321
0.151806
0.150903
0.15125
0.149653
2.55432e-321
0.151632
0.151042
0.150139
0.148507
2.55432e-321
0.149722
0.149271
0.149549
0.147813
2.55432e-321
0.148461
0.148461
0.148704
0.147801
2.55432e-321
0.149306
0.148854
0.148958
0.148021
2.55432e-321
0.149306
0.148229
0.14816
0.148993
2.55432e-321
0.147778
0.147917
0.146354
0.145486
2.55432e-321
0.144236
0.143229
0.141597
0.142049
2.55432e-321
0.141389
0.138924
0.141146
0.139549
2.55432e-321
0.142222
0.141181
0.141597
0.140451
2.55432e-321
0.136528
0.136493
0.135382
0.134236
2.55432e-321
0.132326
0.132326
0.130486
0.132083
2.55432e-321
0.146806
0.145486
0.144618
0.142986
2.55432e-321
0.138403
0.139063
0.137361
0.135556
2.55432e-321
0.126076
0.125764
0.123611
0.123646
2.55432e-321
0.120868
0.120625
0.120833
0.120104
2.55432e-321
0.119074
0.118831
0.119491
0.116227
2.55432e-321
0.112153
0.111111
0.110382
0.108993
2.55432e-321
0.117014
0.115417
0.114387
0.113646
2.55432e-321
0.122986
0.119688
0.121944
0.119132
2.55432e-321
0.113333
0.111424
0.112153
0.110451
2.55432e-321
0.111736
0.11059
0.109583
0.108889
2.55432e-321
0.107153
0.106528
0.105556
0.104722
2.55432e-321
0.105509
0.102801
0.104988
0.104502
2.55432e-321
0.105486
0.103889
0.10316
0.102639
2.55432e-321
0.10125
0.0990972
0.0986111
0.0969792
2.55432e-321
0.0977431
0.0973958
0.0970833
0.0964236
2.55432e-321
0.0963889
0.0963194
0.0961806
0.09375
2.55432e-321
0.0972222
0.0973264
0.0942361
0.0961111
2.55432e-321
0.100868
0.096875
0.0978819
0.0992361
2.55432e-321
0.111979
0.110451
0.110718
0.108299
2.55432e-321
0.139491
0.135891
0.137558
0.135162
2.55432e-321
0.158889
0.158403
0.157326
0.157431
2.55432e-321
0.187326
0.18375
0.184965
0.186539
2.55432e-321
0.238287
0.234363
0.23772
0.230961
2.55432e-321
0.263333
0.261146
0.262766
0.259375
2.55432e-321
0.288275
0.288438
0.287685
0.285081
2.55432e-321
0.311806
0.307222
0.307593
0.305937
2.55432e-321
0.331655
0.330231
0.328981
0.329178
2.55432e-321
0.399583
0.398576
0.394549
0.396424
2.55432e-321
0.413056
0.409306
0.407639
0.410313
2.55432e-321
0.451146
0.44625
0.447222
0.443681
2.55432e-321
0.466944
0.464097
0.465243
0.460313
2.55432e-321
0.503958
0.501146
0.498785
0.497153
2.55432e-321
0.571956
0.562187
0.560243
0.559028
2.55432e-321
0.598576
0.597431
0.59566
0.595486
2.55432e-321
0.62897
0.628762
0.626308
0.623356
2.55432e-321
0.644236
0.641563
0.637674
0.638588
2.55432e-321
0.655903
0.650856
0.653692
0.650498
2.55432e-321
0.664444
0.661991
0.65625
0.65434
2.55432e-321
0.647894
0.645995
0.646389
0.641157
2.55432e-321
0.647164
0.643507
0.637188
0.639745
2.55432e-321
0.640914
0.637766
0.634259
0.638877
2.55432e-321
0.644155
0.640718
0.640718
0.637789
2.55432e-321
0.657222
0.653333
0.652049
0.651308
2.55432e-321
0.654722
0.64853
0.64912
0.650417
2.55432e-321
0.655093
0.65316
0.650972
0.648125
2.55432e-321
0.651528
0.64912
0.646215
0.645046
2.55432e-321
0.645
0.642257
0.641412
0.637778
2.55432e-321
0.647778
0.64338
0.638981
0.64684
2.55432e-321
0.640683
0.638646
0.636042
0.630972
2.55432e-321
0.623958
0.620544
0.61956
0.613507
2.55432e-321
0.607766
0.605486
0.603194
0.598924
2.55432e-321
0.594236
0.59037
0.586366
0.58184
2.55432e-321
0.585208
0.575174
0.578877
0.573194
2.55432e-321
0.563681
0.555162
0.5564
0.550278
2.55432e-321
0.538553
0.53309
0.52956
0.524028
2.55432e-321
0.51434
0.51022
0.511944
0.518113
2.55432e-321
0.507454
0.502442
0.502627
0.496238
2.55432e-321
0.498785
0.50235
0.493056
0.499074
2.55432e-321
0.484687
0.477118
0.479549
0.474502
2.55432e-321
0.469954
0.467431
0.462095
0.455266
2.55432e-321
0.449352
0.443252
0.43728
0.431134
2.55432e-321
0.428646
0.425475
0.421493
0.416852
2.55432e-321
0.427095
0.422639
0.417755
0.424282
2.55432e-321
0.403229
0.399826
0.395532
0.391609
2.55432e-321
0.390174
0.384977
0.382269
0.378032
2.55432e-321
0.374907
0.36603
0.370625
0.360498
2.55432e-321
0.358831
0.345938
0.354734
0.355741
2.55432e-321
0.36566
0.360648
0.356343
0.350914
2.55432e-321
0.347523
0.342222
0.335868
0.331562
2.55432e-321
0.327176
0.325637
0.320914
0.318542
2.55432e-321
0.313831
0.30662
0.307083
0.302199
2.55432e-321
0.298704
0.293854
0.293345
0.289792
2.55432e-321
0.301528
0.294815
0.289931
0.283681
2.55432e-321
0.281157
0.275787
0.274618
0.267998
2.55432e-321
0.258137
0.251123
0.250174
0.250046
2.55432e-321
0.242789
0.239051
0.234549
0.23081
2.55432e-321
0.228715
0.224225
0.222222
0.218438
2.55432e-321
0.232743
0.224016
0.226539
0.21919
2.55432e-321
0.209352
0.204213
0.206887
0.199549
2.55432e-321
0.196331
0.19
0.191065
0.18559
2.55432e-321
0.177014
0.175
0.172187
0.171516
2.55432e-321
0.168322
0.165521
0.166019
0.160694
2.55432e-321
0.174167
0.169167
0.165093
0.165382
2.55432e-321
0.153495
0.151296
0.14934
0.146458
2.55432e-321
0.146458
0.143646
0.141111
0.138252
2.55432e-321
0.135058
0.132361
0.130775
0.126632
2.55432e-321
0.121875
0.11956
0.116782
0.114803
2.55432e-321
0.126528
0.124063
0.120197
0.119074
2.55432e-321
0.10647
0.104861
0.101852
0.0987963
2.55432e-321
0.0951157
0.0941898
0.0915625
0.0915278
2.55432e-321
0.0871528
0.0846528
0.08375
0.0814815
2.55432e-321
0.0806597
0.0786921
0.0780093
0.0791319
2.55432e-321
0.0924884
0.0863889
0.0850694
0.0864236
2.55432e-321
0.079919
0.0762153
0.0772222
0.0756713
2.55432e-321
0.0743056
0.0721181
0.0729398
0.0697917
2.55432e-321
0.066331
0.0648148
0.0630903
0.0617708
2.55432e-321
0.0630208
0.0615625
0.0609722
0.0602315
2.55432e-321
0.0698264
0.0641551
0.0659028
0.064456
2.55432e-321
0.0623958
0.0598264
0.061412
0.059375
2.55432e-321
0.0525
0.0514236
0.0503704
0.0516088
2.55432e-321
0.0508681
0.0499537
0.0494792
0.0473264
2.55432e-321
0.0484028
0.0473727
0.046794
0.0454861
2.55432e-321
0.0526968
0.05125
0.0501736
0.0479167
2.55432e-321
0.0374306
0.0360648
0.0363657
0.0363889
2.55432e-321
0.030625
0.0290509
0.0284028
0.0275694
2.55432e-321
0.0225926
0.0217477
0.0220833
0.0206597
2.55432e-321
0.0177778
0.0173495
0.0174306
0.0170486
2.55432e-321
0.0204977
0.0188889
0.0185069
0.0179398
2.55432e-321
0.0198611
0.0194444
0.0188079
0.0185417
2.55432e-321
0.0219676
0.0209028
0.0215741
0.0202431
2.55432e-321
0.0225
0.0222222
0.0225579
0.0218403
2.55432e-321
0.0226273
0.0224421
0.0215625
0.0217014
2.55432e-321
0.0246181
0.0225347
0.0228819
0.0219329
2.55432e-321
0.0201852
0.0193056
0.01875
0.0192245
2.55432e-321
0.0179514
0.0173958
0.0172454
0.0170486
2.55432e-321
0.0169097
0.0159491
0.0156134
0.0162847
2.55432e-321
0.0184028
0.0182639
0.018044
0.0180208
2.55432e-321
0.0229051
0.0216435
0.0213194
0.0203819
2.55432e-321
0.0195139
0.0190856
0.0189236
0.0187847
2.55432e-321
0.0218056
0.0209259
0.0209838
0.0205208
2.55432e-321
0.0210648
0.0208681
0.0208681
0.0208333
2.55432e-321
0.0195023
0.0191319
0.0190278
0.0193866
2.55432e-321
0.0204051
0.0195486
0.0196181
0.02
2.55432e-321
0.0158681
0.0158681
0.0156829
0.0153935
2.55432e-321
0.00763889
0.00738426
0.00722222
0.00722222
2.55432e-321
0.00753472
0.00752315
0.00715278
0.00743056
2.55432e-321
0.00652778
0.00638889
0.00634259
0.00638889
2.55432e-321
0.00748843
0.00732639
0.00725694
0.00677083
2.55432e-321
0.00631944
0.00607639
0.00572917
0.00572917
2.55432e-321
0.00450231
0.00434028
0.00434028
0.00420139
2.55432e-321
0.00434028
0.00434028
0.00430556
0.00420139
2.55432e-321
0.00288194
0.00297454
0.00284722
0.0028125
2.55432e-321
0.0028125
0.00291667
0.00319444
0.00315972
2.55432e-321
0.00208333
0.00197917
0.0021412
0.00204861
2.55432e-321
0.00177083
0.00177083
0.00166667
0.001875
2.55432e-321
0.00177083
0.00166667
0.0018287
0.00159722
2.55432e-321
0.0015625
0.00152778
0.00163194
0.00152778
2.55432e-321
0.00232639
0.00204861
0.00232639
0.00232639
2.55432e-321
0.00336806
0.00319444
0.00329861
0.00319444
2.55432e-321
0.00775463
0.00774306
0.00774306
0.00732639
2.55432e-321
0.00913194
0.00913194
0.00913194
0.00923611
2.55432e-321
0.00934028
0.00927083
0.00923611
0.00916667
2.55432e-321
0.00826389
0.00809028
0.00809028
0.00809028
2.55432e-321
0.00708333
0.00694444
0.00694444
0.00652778
2.55432e-321
0.00631944
0.00628472
0.00625
0.00604167
2.55432e-321
0.00753472
0.0075
0.0075
0.00739583
2.55432e-321
0.00923611
0.00899306
0.00899306
0.00895833
2.55432e-321
0.0096875
0.00972222
0.00965278
0.0096875
2.55432e-321
0.00944444
0.00944444
0.00934028
0.00902778
2.55432e-321
0.00409722
0.0040625
0.00399306
0.00399306
2.55432e-321
0.00260417
0.00236111
0.00243056
0.00236111
2.55432e-321
0.00444444
0.00444444
0.00444444
0.00427083
2.55432e-321
0.00701389
0.00684028
0.00701389
0.00673611
2.55432e-321
0.0138889
0.0132639
0.0135764
0.0134722
2.55432e-321
0.0146875
0.0137153
0.0143056
0.0142361
2.55432e-321
0.010081
0.00997685
0.00997685
0.00997685
2.55432e-321
0.0123264
0.0121875
0.0121528
0.0122222
2.55432e-321
0.0195139
0.0193056
0.0189583
0.0189236
2.55432e-321
0.0187847
0.0180556
0.0184722
0.0182986
2.55432e-321
0.0162153
0.0161111
0.0160764
0.0161111
2.55432e-321
0.0154167
0.0153819
0.0151389
0.0149653
2.55432e-321
0.0136806
0.0131597
0.0136458
0.0136458
2.55432e-321
0.0128472
0.0123611
0.0126736
0.0125694
2.55432e-321
0.0129745
0.0120139
0.0125579
0.0124884
2.55432e-321
0.0156944
0.015625
0.0155208
0.0149306
2.55432e-321
0.0155903
0.0144792
0.0154167
0.0146181
2.55432e-321
0.0159375
0.0158681
0.0147917
0.0149306
2.55432e-321
0.0106597
0.0106597
0.0106944
0.0105208
2.55432e-321
0.00940972
0.00923611
0.00920139
0.00909722
2.55432e-321
0.0139931
0.0125694
0.0128819
0.0128125
2.55432e-321
0.0205903
0.0180903
0.0178472
0.0188542
2.55432e-321
0.0233333
0.0240278
0.025
0.0241667
2.55432e-321
0.0280556
0.0260417
0.0260764
0.0257639
2.55432e-321
0.0377083
0.0364583
0.0363889
0.0350694
2.55432e-321
0.0383681
0.0369792
0.0358333
0.0354514
2.55432e-321
0.0382292
0.0371875
0.0370486
0.0370139
2.55432e-321
0.038125
0.0369444
0.0364236
0.0362847
2.55432e-321
0.0392014
0.0376389
0.0377083
0.0372222
2.55432e-321
0.0404861
0.0379167
0.0386111
0.0388889
2.55432e-321
0.0397222
0.0381944
0.0377778
0.0371528
2.55432e-321
0.0377778
0.0370486
0.0369097
0.0367708
2.55432e-321
0.0357292
0.0351389
0.0349653
0.0349653
2.55432e-321
0.0363194
0.0357639
0.0355208
0.0346528
2.55432e-321
0.0404861
0.0403125
0.0404861
0.0403819
2.55432e-321
0.04125
0.0402431
0.0410764
0.0397569
2.55432e-321
0.0392708
0.0384375
0.0382986
0.0382292
2.55432e-321
0.0410764
0.0403125
0.0401389
0.0396875
2.55432e-321
0.0374306
0.0368056
0.0369792
0.0362153
2.55432e-321
0.0420833
0.0410069
0.0405903
0.0409375
2.55432e-321
0.046875
0.0456944
0.0447917
0.0442014
2.55432e-321
0.0555556
0.0548611
0.0543403
0.0535764
2.55432e-321
0.0627778
0.0614236
0.0590278
0.0604514
2.55432e-321
0.0635069
0.0624306
0.0619097
0.0623958
2.55432e-321
0.0678819
0.0665278
0.06625
0.0663194
2.55432e-321
0.065
0.0632986
0.0639583
0.0636458
2.55432e-321
0.0639583
0.063125
0.0626389
0.0632986
2.55432e-321
0.0650694
0.0640972
0.0644097
0.0637153
2.55432e-321
0.0665972
0.0656597
0.0658681
0.0639931
2.55432e-321
0.0673264
0.0664931
0.0656597
0.0652431
2.55432e-321
0.0662153
0.0655903
0.0654861
0.0638542
2.55432e-321
0.0638889
0.0632639
0.0629167
0.0626736
2.55432e-321
0.0651736
0.0646875
0.0644792
0.0632292
2.55432e-321
0.0661111
0.0650694
0.0652431
0.065
2.55432e-321
0.0659375
0.0646181
0.0633681
0.0634375
2.55432e-321
0.0600347
0.0594097
0.0586458
0.0592708
2.55432e-321
0.0594444
0.0586458
0.05875
0.0575694
2.55432e-321
0.0582986
0.0570486
0.0578819
0.0568056
2.55432e-321
0.0550694
0.0545486
0.0537153
0.0539583
2.55432e-321
0.0616319
0.0608333
0.0601389
0.0596528
2.55432e-321
0.0652778
0.0637847
0.0638194
0.0636111
2.55432e-321
0.0636111
0.0588889
0.058125
0.0577431
2.55432e-321
0.0538194
0.05625
0.0529861
0.0526389
2.55432e-321
0.0529514
0.0487153
0.0478472
0.0476389
2.55432e-321
0.0470486
0.0461806
0.0484606
0.0461458
2.55432e-321
0.0454167
0.0404167
0.0410069
0.0409722
2.55432e-321
0.0420139
0.0413194
0.0403819
0.0441667
2.55432e-321
0.0377778
0.0404514
0.0373611
0.0369097
2.55432e-321
0.038125
0.0402778
0.0369792
0.0362847
2.55432e-321
0.0355208
0.0343056
0.0336111
0.0332292
2.55432e-321
0.0307292
0.0298611
0.0293056
0.0317593
2.55432e-321
0.0282639
0.0281944
0.0272917
0.0268403
2.55432e-321
0.0293056
0.0286111
0.0286111
0.0275
2.55432e-321
0.0275347
0.0269444
0.0270486
0.0269444
2.55432e-321
0.0256944
0.0248958
0.0245833
0.0243056
2.55432e-321
0.0229167
0.0224306
0.0225694
0.0221528
2.55432e-321
0.0240972
0.0234028
0.0234722
0.0226389
2.55432e-321
0.0254167
0.0246875
0.0243056
0.0240972
2.55432e-321
0.0186111
0.0178125
0.0177083
0.0174306
2.55432e-321
0.0177083
0.0173958
0.0171528
0.0171528
2.55432e-321
0.0156944
0.015706
0.0152778
0.0151157
2.55432e-321
0.0151042
0.0148264
0.0143403
0.014213
2.55432e-321
0.0136111
0.013588
0.0132986
0.0130903
2.55432e-321
0.0130556
0.0125694
0.0125347
0.0126505
2.55432e-321
0.0189005
0.0173264
0.0178125
0.0169792
2.55432e-321
0.0283681
0.0272569
0.0266667
0.027581
2.55432e-321
0.0250694
0.0253241
0.0244097
0.0248264
2.55432e-321
0.0187153
0.0183681
0.0184491
0.0182986
2.55432e-321
0.0204514
0.0204167
0.0203935
0.0203704
2.55432e-321
0.0159375
0.0157755
0.0151736
0.0153472
2.55432e-321
0.00782407
0.00746528
0.006875
0.0065625
2.55432e-321
0.00635417
0.00631944
0.00657407
0.00631944
2.55432e-321
0.00770833
0.00758102
0.00715278
0.00746528
2.55432e-321
0.00923611
0.00893519
0.00885417
0.00888889
2.55432e-321
0.0233681
0.0230903
0.023125
0.022338
2.55432e-321
0.0245486
0.0236458
0.0236227
0.0232986
2.55432e-321
0.0198264
0.0200116
0.0195486
0.0195139
2.55432e-321
0.0144444
0.0141435
0.014456
0.0141667
2.55432e-321
0.0103241
0.0100347
0.01
0.00993056
2.55432e-321
0.0102431
0.00996528
0.00934028
0.00966435
2.55432e-321
0.00809028
0.0084838
0.00822917
0.00722222
2.55432e-321
0.0145833
0.0145486
0.0143056
0.0145949
2.55432e-321
0.0177546
0.0166782
0.016875
0.0168056
2.55432e-321
0.0210417
0.0211921
0.0208681
0.0205556
2.55432e-321
0.0319444
0.0315972
0.0315394
0.0305903
2.55432e-321
0.0255208
0.0253588
0.0252431
0.0251736
2.55432e-321
0.0298727
0.0283333
0.0280903
0.028125
2.55432e-321
0.0321181
0.0319213
0.0328241
0.0316319
2.55432e-321
0.0572685
0.0541319
0.0527662
0.0519329
2.55432e-321
0.0979282
0.0930903
0.0932639
0.0918403
2.55432e-321
0.119549
0.119444
0.118889
0.117928
2.55432e-321
0.149005
0.143819
0.144306
0.143299
2.55432e-321
0.170868
0.166296
0.167569
0.165868
2.55432e-321
0.193808
0.188808
0.19044
0.190729
2.55432e-321
0.217581
0.216157
0.214259
0.213032
2.55432e-321
0.255995
0.259815
0.256759
0.255694
2.55432e-321
0.297963
0.294456
0.292338
0.293553
2.55432e-321
0.333472
0.332245
0.331713
0.327963
2.55432e-321
0.363646
0.361493
0.362824
0.362396
2.55432e-321
0.390521
0.387407
0.385521
0.383125
2.55432e-321
0.405694
0.403866
0.402049
0.398681
2.55432e-321
0.443426
0.438854
0.439028
0.437257
2.55432e-321
0.483391
0.472778
0.475127
0.473669
2.55432e-321
0.53456
0.527778
0.524988
0.522986
2.55432e-321
0.589676
0.580833
0.581597
0.576701
2.55432e-321
0.612558
0.605995
0.607488
0.603171
2.55432e-321
0.606516
0.600926
0.600752
0.602442
2.55432e-321
0.606088
0.596597
0.598275
0.599201
2.55432e-321
0.634965
0.621667
0.624178
0.624074
2.55432e-321
0.662419
0.656516
0.653495
0.649537
2.55432e-321
0.70309
0.701007
0.694444
0.699086
2.55432e-321
0.744363
0.741111
0.738796
0.734352
2.55432e-321
0.773542
0.767373
0.768414
0.767535
2.55432e-321
0.79787
0.793275
0.792975
0.787581
2.55432e-321
0.777674
0.774641
0.770799
0.768877
2.55432e-321
0.796389
0.79044
0.791169
0.785035
2.55432e-321
0.797951
0.80559
0.797801
0.797778
2.55432e-321
0.788854
0.785949
0.784699
0.787315
2.55432e-321
0.753611
0.752361
0.754572
0.75228
2.55432e-321
0.787164
0.781389
0.779421
0.777569
2.55432e-321
0.792523
0.78728
0.786331
0.784352
2.55432e-321
0.770405
0.763819
0.763947
0.761493
2.55432e-321
0.760544
0.756968
0.758866
0.756123
2.55432e-321
0.767639
0.760683
0.763356
0.759653
2.55432e-321
0.759687
0.752002
0.749468
0.749201
2.55432e-321
0.753715
0.745509
0.744653
0.742141
2.55432e-321
0.748194
0.74434
0.741586
0.736667
2.55432e-321
0.778889
0.777164
0.77485
0.77588
2.55432e-321
0.780243
0.774433
0.772998
0.769838
2.55432e-321
0.778299
0.776053
0.776354
0.773102
2.55432e-321
0.768322
0.759896
0.764954
0.76309
2.55432e-321
0.777431
0.77485
0.775104
0.771447
2.55432e-321
0.771655
0.766701
0.765451
0.762697
2.55432e-321
0.762315
0.757569
0.755799
0.754433
2.55432e-321
0.76559
0.760301
0.75559
0.753044
2.55432e-321
0.741736
0.734954
0.732141
0.732361
2.55432e-321
0.739965
0.733356
0.731134
0.727326
2.55432e-321
0.733333
0.729444
0.726655
0.721863
2.55432e-321
0.724618
0.716169
0.71875
0.711551
2.55432e-321
0.720162
0.71316
0.711065
0.706771
2.55432e-321
0.725683
0.719965
0.722292
0.716968
2.55432e-321
0.717477
0.710139
0.709306
0.705984
2.55432e-321
0.711435
0.708843
0.703565
0.704803
2.55432e-321
0.725822
0.719329
0.718715
0.719653
2.55432e-321
0.712558
0.704491
0.70419
0.705532
2.55432e-321
0.689549
0.684421
0.685544
0.680775
2.55432e-321
0.68375
0.678692
0.676782
0.675903
2.55432e-321
0.682014
0.67588
0.677917
0.672685
2.55432e-321
0.693762
0.691192
0.690891
0.688634
2.55432e-321
0.721968
0.716806
0.71191
0.713461
2.55432e-321
0.715961
0.713588
0.714074
0.71412
2.55432e-321
0.731157
0.726019
0.722662
0.721481
2.55432e-321
0.736146
0.732836
0.73316
0.728356
2.55432e-321
0.715833
0.713611
0.713218
0.712072
2.55432e-321
0.709352
0.706389
0.705937
0.70331
2.55432e-321
0.714525
0.715961
0.716123
0.709572
2.55432e-321
0.731273
0.726007
0.723333
0.722384
2.55432e-321
0.745868
0.741771
0.739815
0.736238
2.55432e-321
0.731991
0.723877
0.721505
0.719294
2.55432e-321
0.719618
0.713056
0.711539
0.708866
2.55432e-321
0.685937
0.678461
0.680532
0.674884
2.55432e-321
0.683356
0.675856
0.674225
0.675243
2.55432e-321
0.670613
0.665347
0.666308
0.661794
2.55432e-321
0.636759
0.63088
0.626725
0.628495
2.55432e-321
0.632488
0.623831
0.623727
0.622894
2.55432e-321
0.653808
0.645764
0.644884
0.641343
2.55432e-321
0.677697
0.67125
0.670856
0.666852
2.55432e-321
0.693681
0.684653
0.683854
0.680637
2.55432e-321
0.680891
0.6761
0.674965
0.671424
2.55432e-321
0.675475
0.670694
0.67022
0.667049
2.55432e-321
0.650694
0.643796
0.64
0.636389
2.55432e-321
0.609468
0.603461
0.598183
0.599977
2.55432e-321
0.580498
0.570347
0.563912
0.567662
2.55432e-321
0.595544
0.593553
0.588738
0.583067
2.55432e-321
0.615938
0.612326
0.606435
0.601736
2.55432e-321
0.633368
0.624155
0.626042
0.620625
2.55432e-321
0.62022
0.610914
0.606597
0.603519
2.55432e-321
0.609282
0.599792
0.596644
0.591065
2.55432e-321
0.588507
0.581933
0.582187
0.579306
2.55432e-321
0.579931
0.57191
0.564375
0.566238
2.55432e-321
0.562315
0.551331
0.545509
0.540995
2.55432e-321
0.557778
0.547535
0.547315
0.541181
2.55432e-321
0.549086
0.544086
0.545104
0.538056
2.55432e-321
0.524294
0.520324
0.521007
0.513299
2.55432e-321
0.484213
0.47309
0.469769
0.466991
2.55432e-321
0.466042
0.457697
0.460313
0.456979
2.55432e-321
0.468808
0.463403
0.459271
0.457882
2.55432e-321
0.4789
0.469062
0.470567
0.464664
2.55432e-321
0.453322
0.446736
0.438194
0.44228
2.55432e-321
0.469549
0.455162
0.459572
0.459942
2.55432e-321
0.482708
0.472569
0.474144
0.470012
2.55432e-321
0.455394
0.449618
0.44566
0.442315
2.55432e-321
0.426076
0.419259
0.422222
0.41537
2.55432e-321
0.408438
0.399086
0.398241
0.398542
2.55432e-321
0.381088
0.371238
0.369907
0.365822
2.55432e-321
0.354028
0.341516
0.344109
0.348692
2.55432e-321
0.339815
0.336076
0.333056
0.330058
2.55432e-321
0.345313
0.336042
0.331273
0.337199
2.55432e-321
0.378484
0.36985
0.370602
0.364016
2.55432e-321
0.392569
0.383275
0.38397
0.377662
2.55432e-321
0.367431
0.353542
0.356817
0.349687
2.55432e-321
0.375463
0.374363
0.37206
0.364572
2.55432e-321
0.39206
0.38044
0.378102
0.375498
2.55432e-321
0.390961
0.387743
0.384433
0.381042
2.55432e-321
0.406586
0.401609
0.40213
0.400359
2.55432e-321
0.403403
0.40287
0.396366
0.39985
2.55432e-321
0.396412
0.388738
0.388218
0.389757
2.55432e-321
0.384745
0.376157
0.376319
0.374942
2.55432e-321
0.360521
0.351806
0.354236
0.351435
2.55432e-321
0.336481
0.335174
0.33353
0.329317
2.55432e-321
0.33169
0.319444
0.325961
0.319919
2.55432e-321
0.329456
0.31809
0.319456
0.314606
2.55432e-321
0.357431
0.354873
0.344722
0.349271
2.55432e-321
0.348519
0.347419
0.343669
0.34375
2.55432e-321
0.380104
0.378924
0.37684
0.370602
2.55432e-321
0.369259
0.357558
0.359873
0.35191
2.55432e-321
0.332627
0.324109
0.323102
0.329352
2.55432e-321
0.305822
0.30537
0.30169
0.297894
2.55432e-321
0.312789
0.303692
0.301771
0.304769
2.55432e-321
0.321192
0.316516
0.31147
0.306389
2.55432e-321
0.303287
0.29559
0.301262
0.296238
2.55432e-321
0.277604
0.2775
0.270799
0.270231
2.55432e-321
0.255336
0.253437
0.247662
0.24162
2.55432e-321
0.23537
0.225683
0.228681
0.22272
2.55432e-321
0.223171
0.221319
0.211875
0.213368
2.55432e-321
0.203137
0.195637
0.19691
0.190556
2.55432e-321
0.181331
0.172546
0.179815
0.173623
2.55432e-321
0.157616
0.160046
0.155336
0.148472
2.55432e-321
0.13853
0.131887
0.13544
0.13088
2.55432e-321
0.120972
0.11728
0.114375
0.109653
2.55432e-321
0.101157
0.101042
0.0972454
0.0928009
2.55432e-321
0.086713
0.0861343
0.0832292
0.0795023
2.55432e-321
0.0767245
0.0748843
0.0722454
0.0688194
2.55432e-321
0.064838
0.0575347
0.061412
0.0632986
2.55432e-321
0.0521759
0.0534838
0.0535301
0.0495949
2.55432e-321
0.0446991
0.0453125
0.0425463
0.0419329
2.55432e-321
0.0388773
0.035463
0.0365046
0.0340741
2.55432e-321
0.0316898
0.0288773
0.0296991
0.0280556
2.55432e-321
0.025625
0.0253356
0.0222106
0.022662
2.55432e-321
0.0199884
0.0185069
0.0179051
0.0186921
2.55432e-321
0.018287
0.018912
0.0175231
0.0178125
2.55432e-321
0.0232986
0.0205787
0.0215856
0.019838
2.55432e-321
0.0204398
0.0189468
0.0182639
0.0181829
2.55432e-321
0.0128125
0.0112616
0.0121412
0.0129398
2.55432e-321
0.0304745
0.0296528
0.0295023
0.0292593
2.55432e-321
0.0388657
0.0383565
0.0372917
0.0373495
2.55432e-321
0.0690972
0.0671412
0.0672106
0.0658912
2.55432e-321
0.0965046
0.0929051
0.0931597
0.0923843
2.55432e-321
0.121238
0.119201
0.116898
0.115891
2.55432e-321
0.124595
0.120799
0.120509
0.117072
2.55432e-321
0.114502
0.113704
0.112176
0.112014
2.55432e-321
0.112245
0.10713
0.110521
0.10728
2.55432e-321
0.0944329
0.0918287
0.0938194
0.0941551
2.55432e-321
0.0592361
0.0593981
0.0581713
0.0583912
2.55432e-321
0.0539236
0.0523843
0.0513773
0.0514468
2.55432e-321
0.0560185
0.0539468
0.0535417
0.0535995
2.55432e-321
0.0633565
0.0597106
0.0596065
0.0588889
2.55432e-321
0.0724074
0.0686111
0.0683218
0.0675231
2.55432e-321
0.078912
0.0731944
0.0752662
0.0722454
2.55432e-321
0.0822685
0.0796065
0.0806481
0.0792708
2.55432e-321
0.0891551
0.0879745
0.0888194
0.0855787
2.55432e-321
0.0904167
0.0892477
0.089919
0.0893403
2.55432e-321
0.0756829
0.0760301
0.0758565
0.0751042
2.55432e-321
0.0378009
0.0375926
0.0371875
0.0359838
2.55432e-321
0.0134606
0.013669
0.0134606
0.0132639
2.55432e-321
0.00667824
0.00648148
0.00607639
0.00609954
2.55432e-321
0.005625
0.00478009
0.00478009
0.00498843
2.55432e-321
0.00759259
0.00642361
0.00646991
0.00668981
2.55432e-321
0.010787
0.0100694
0.0100579
0.010162
2.55432e-321
0.0136806
0.0140509
0.0136921
0.0136343
2.55432e-321
0.0468981
0.0459606
0.0443287
0.0443403
2.55432e-321
0.0963426
0.0939699
0.0937963
0.0935648
2.55432e-321
0.157662
0.153507
0.153704
0.153079
2.55432e-321
0.22669
0.221887
0.22206
0.222801
2.55432e-321
0.299537
0.295764
0.296759
0.295231
2.55432e-321
0.338519
0.336134
0.334919
0.332847
2.55432e-321
0.32309
0.320312
0.321713
0.320972
2.55432e-321
0.300243
0.299479
0.299016
0.29669
2.55432e-321
0.257975
0.25831
0.259491
0.258218
2.55432e-321
0.235417
0.235162
0.235104
0.234745
2.55432e-321
0.220127
0.220567
0.219363
0.219525
2.55432e-321
0.193993
0.194618
0.193252
0.194051
2.55432e-321
0.129028
0.129294
0.127778
0.126944
2.55432e-321
0.0730208
0.0728819
0.0732176
0.0713773
2.55432e-321
0.0223611
0.0215741
0.0220139
0.0215394
2.55432e-321
0
0
0.00037037
0
2.55432e-321
0.000868056
0.000763889
0.00113426
0.000763889
2.55432e-321
0.00450231
0.00392361
0.00392361
0.00388889
2.55432e-321
0
0.00037037
0
0
2.55432e-321
0
0.00037037
0
0
2.55432e-321
0
0.00037037
0
0
2.55432e-321
0
0.00037037
0
0
2.55432e-321
0
0
0.00037037
0
2.55432e-321
0
0
0
0.00037037
2.55432e-321
0
0.00037037
0
0
2.55432e-321
0
0
0.00037037
0
2.55432e-321
0
0
0.00037037
0
2.55432e-321
0.00037037
0
0
0
2.55432e-321
0
0
0.00037037
0
2.55432e-321
0
0
0
0.00037037
2.55432e-321
0
0
0
0.00037037
2.55432e-321
0.00037037
0
0
0
2.55432e-321
0
0
0
0.00037037
2.55432e-321
0
0
0
0.00037037
2.55432e-321
0.000208333
0
0
0.000578704
2.55432e-321
0.000613426
0.000243056
0.000208333
0.000208333
2.55432e-321
0
0
0.00037037
0
2.55432e-321
0
0
0.00037037
0
2.55432e-321
0
0
0
0.00037037
2.55432e-321
0
0.00037037
0
0
2.55432e-321
0.00037037
0
0
0
2.55432e-321
0
0.00037037
0
0
2.55432e-321
0.0129514
0.0123958
0.012662
0.0122917
2.55432e-321
0.0413542
0.04
0.0403704
0.0397569
2.55432e-321
0.0495833
0.0480903
0.0479051
0.0472917
2.55432e-321
0.0542708
0.0528704
0.0525694
0.0522917
2.55432e-321
0.0557986
0.0536458
0.0541319
0.0537037
2.55432e-321
0.0618056
0.0601042
0.061169
0.0608333
2.55432e-321
0.0763542
0.0738426
0.07375
0.0740972
2.55432e-321
0.114884
0.111979
0.111979
0.110694
2.55432e-321
0.148646
0.145313
0.144236
0.144051
2.55432e-321
0.173426
0.168785
0.167535
0.165972
2.55432e-321
0.183507
0.180197
0.181042
0.179444
2.55432e-321
0.19059
0.188785
0.187662
0.187188
2.55432e-321
0.188681
0.185891
0.18566
0.182153
2.55432e-321
0.181863
0.178819
0.179097
0.176597
2.55432e-321
0.180312
0.176736
0.174549
0.1761
2.55432e-321
0.189479
0.18787
0.188194
0.185903
2.55432e-321
0.193785
0.190799
0.192014
0.189884
2.55432e-321
0.200243
0.198426
0.194826
0.19809
2.55432e-321
0.201146
0.199398
0.199826
0.197986
2.55432e-321
0.214028
0.211215
0.210833
0.208981
2.55432e-321
0.241667
0.23816
0.237488
0.233576
2.55432e-321
0.252535
0.249722
0.248889
0.247488
2.55432e-321
0.255718
0.2525
0.250104
0.250278
2.55432e-321
0.250903
0.246667
0.247535
0.246065
2.55432e-321
0.254572
0.253125
0.252882
0.250347
2.55432e-321
0.249514
0.243148
0.245243
0.242431
2.55432e-321
0.274606
0.2675
0.265174
0.264826
2.55432e-321
0.295139
0.285833
0.290174
0.286412
2.55432e-321
0.28853
0.285799
0.287083
0.282083
2.55432e-321
0.277014
0.275694
0.272118
0.270683
2.55432e-321
0.267141
0.264201
0.263299
0.261042
2.55432e-321
0.262083
0.261146
0.258565
0.255174
2.55432e-321
0.278715
0.269444
0.275313
0.275231
2.55432e-321
0.292118
0.289062
0.291829
0.287639
2.55432e-321
0.290521
0.289826
0.288704
0.286389
2.55432e-321
0.32294
0.318229
0.319618
0.316667
2.55432e-321
0.348819
0.346736
0.346806
0.344259
2.55432e-321
0.395694
0.391655
0.389271
0.386285
2.55432e-321
0.409132
0.407975
0.403958
0.404792
2.55432e-321
0.407361
0.406319
0.40441
0.402558
2.55432e-321
0.403484
0.39831
0.398171
0.3975
2.55432e-321
0.404444
0.401389
0.399051
0.396562
2.55432e-321
0.405347
0.403148
0.401806
0.402292
2.55432e-321
0.386725
0.38441
0.385451
0.380208
2.55432e-321
0.384965
0.382465
0.380648
0.377812
2.55432e-321
0.405313
0.397303
0.400775
0.398588
2.55432e-321
0.42456
0.415521
0.419005
0.419942
2.55432e-321
0.464896
0.455914
0.460903
0.454792
2.55432e-321
0.469271
0.465625
0.465775
0.460289
2.55432e-321
0.47456
0.46831
0.463785
0.46831
2.55432e-321
0.482836
0.476146
0.477257
0.472049
2.55432e-321
0.474722
0.467465
0.472118
0.4686
2.55432e-321
0.501146
0.499514
0.498958
0.49985
2.55432e-321
0.485347
0.485382
0.488461
0.481563
2.55432e-321
0.498889
0.496076
0.491204
0.492361
2.55432e-321
0.511389
0.503403
0.50353
0.496632
2.55432e-321
0.517326
0.511667
0.512072
0.510035
2.55432e-321
0.542465
0.535556
0.53537
0.527535
2.55432e-321
0.529201
0.522766
0.520174
0.517396
2.55432e-321
0.518137
0.507188
0.509838
0.505741
2.55432e-321
0.50934
0.501944
0.500694
0.497697
2.55432e-321
0.498924
0.482049
0.486667
0.493877
2.55432e-321
0.518762
0.505579
0.499954
0.495729
2.55432e-321
0.502778
0.494757
0.496632
0.495336
2.55432e-321
0.498611
0.493565
0.492569
0.486007
2.55432e-321
0.496748
0.487685
0.485347
0.486748
2.55432e-321
0.506065
0.496944
0.498125
0.489931
2.55432e-321
0.541979
0.532049
0.523056
0.5261
2.55432e-321
0.506806
0.500787
0.495382
0.504097
2.55432e-321
0.488252
0.481007
0.481285
0.475938
2.55432e-321
0.475891
0.472882
0.467569
0.462431
2.55432e-321
0.457743
0.454757
0.449711
0.445174
2.55432e-321
0.474167
0.462951
0.46853
0.457361
2.55432e-321
0.452315
0.442535
0.437569
0.44184
2.55432e-321
0.437049
0.433229
0.426759
0.430208
2.55432e-321
0.417049
0.41691
0.410729
0.412697
2.55432e-321
0.409792
0.402431
0.401806
0.396134
2.55432e-321
0.462025
0.445891
0.448542
0.439421
2.55432e-321
0.432176
0.426238
0.425613
0.426852
2.55432e-321
0.411053
0.402523
0.406435
0.398472
2.55432e-321
0.394942
0.389433
0.385718
0.38485
2.55432e-321
0.380231
0.373958
0.378299
0.370035
2.55432e-321
0.396505
0.396146
0.391956
0.388241
2.55432e-321
0.375868
0.367442
0.37088
0.366644
2.55432e-321
0.348507
0.346215
0.345174
0.337141
2.55432e-321
0.336146
0.329479
0.33537
0.32294
2.55432e-321
0.319468
0.318252
0.31
0.305417
2.55432e-321
0.314549
0.304965
0.304711
0.299329
2.55432e-321
0.281829
0.283391
0.281551
0.275104
2.55432e-321
0.271042
0.265903
0.264954
0.263056
2.55432e-321
0.258866
0.254988
0.24875
0.251667
2.55432e-321
0.256238
0.252569
0.250694
0.246759
2.55432e-321
0.327326
0.322882
0.315127
0.303322
2.55432e-321
0.28294
0.28912
0.282222
0.277257
2.55432e-321
0.263437
0.261273
0.254294
0.25669
2.55432e-321
0.2461
0.241493
0.236736
0.237604
2.55432e-321
