0
0
0
0
0
0
0
0
4.25861e-318
0.139271
0.138056
0.136597
0.135868
0.136042
0.136019
0.135903
0.13559
4.25861e-318
0.17309
0.172257
0.173194
0.172222
0.169132
0.170278
0.168229
0.168819
4.25861e-318
0.177604
0.176146
0.176354
0.17566
0.175208
0.175347
0.175914
0.174931
4.25861e-318
0.176146
0.175937
0.176088
0.178032
0.175694
0.174456
0.173958
0.175185
4.25861e-318
0.173206
0.173519
0.172569
0.171597
0.172951
0.171181
0.170417
0.170729
4.27885e-318
0.191597
0.190312
0.189977
0.189965
0.190868
0.189375
0.188889
0.188958
5.14904e-318
0.184618
0.181076
0.182222
0.180938
0.181493
0.180382
0.181678
0.179792
5.14904e-318
0.180903
0.178692
0.180972
0.17963
0.181551
0.175775
0.176215
0.176123
5.14904e-318
0.228403
0.230729
0.229248
0.228507
0.22691
0.225729
0.226458
0.227894
5.14904e-318
0.290752
0.291042
0.288692
0.288819
0.290868
0.289491
0.285694
0.285567
5.14904e-318
0.302037
0.299363
0.299097
0.301563
0.29706
0.297002
0.294676
0.293669
5.14904e-318
0.247442
0.24456
0.245602
0.247454
0.242998
0.246609
0.242488
0.241991
5.14904e-318
0.249444
0.248889
0.246806
0.248032
0.248553
0.243333
0.242257
0.243218
5.14904e-318
0.258218
0.256632
0.259769
0.258669
0.256644
0.252755
0.253183
0.252407
5.14904e-318
0.260521
0.255613
0.258252
0.256725
0.25559
0.25713
0.253808
0.254063
5.14904e-318
0.245532
0.240683
0.244491
0.243194
0.240903
0.236563
0.239097
0.236319
5.14904e-318
0.226979
0.225625
0.224792
0.223495
0.223889
0.224236
0.222894
0.22522
5.14904e-318
0.218438
0.218773
0.216863
0.214884
0.214919
0.216632
0.212512
0.211863
5.14904e-318
0.204537
0.201447
0.199884
0.200856
0.203553
0.199236
0.201898
0.197488
5.14904e-318
0.193576
0.189699
0.190035
0.192986
0.19125
0.188194
0.189919
0.186736
5.14904e-318
0.186632
0.190347
0.187836
0.187431
0.185972
0.18522
0.185903
0.184062
5.14904e-318
0.181435
0.181308
0.179317
0.176771
0.179676
0.177824
0.180995
0.176991
5.14904e-318
0.174479
0.175035
0.173681
0.171759
0.171944
0.170104
0.172234
0.169757
5.14904e-318
0.174803
0.171597
0.173299
0.172118
0.170347
0.169051
0.167917
0.167951
5.14904e-318
0.166655
0.164757
0.16566
0.163819
0.162222
0.159456
0.160069
0.160451
5.14904e-318
0.153785
0.155729
0.155185
0.154097
0.152211
0.148368
0.152847
0.149583
5.14904e-318
0.146285
0.143507
0.142569
0.150417
0.145556
0.148681
0.147211
0.1414
5.14904e-318
0.138426
0.136343
0.134549
0.132384
0.136539
0.136273
0.132593
0.131204
5.14904e-318
0.133785
0.13287
0.129896
0.131146
0.128229
0.134618
0.127778
0.128102
5.14904e-318
0.123819
0.121979
0.122512
0.119861
0.117986
0.118194
0.116169
0.116493
5.14904e-318
0.142465
0.14184
0.138472
0.141377
0.141597
0.135567
0.134757
0.136701
5.14904e-318
0.136875
0.135069
0.130729
0.131597
0.131204
0.129201
0.127465
0.126331
5.14904e-318
0.111875
0.110162
0.108912
0.112037
0.11206
0.106516
0.10537
0.104954
5.14904e-318
0.109815
0.10787
0.11044
0.108773
0.1086
0.105185
0.102813
0.103877
5.14904e-318
0.109977
0.102604
0.102917
0.107708
0.103461
0.103646
0.103507
0.100312
5.14904e-318
0.0922917
0.0922454
0.0916898
0.0937037
0.093669
0.0907986
0.0883681
0.0883333
5.14904e-318
0.0875694
0.0856713
0.0839815
0.0855093
0.0831366
0.0834606
0.0815856
0.0809606
5.14904e-318
0.0914931
0.0896181
0.0883333
0.0850347
0.0863542
0.0853009
0.0822917
0.0837269
5.14904e-318
0.0771065
0.0735764
0.0756019
0.0724653
0.0731944
0.0713889
0.0711806
0.070787
5.14904e-318
0.071956
0.0682986
0.07
0.0711806
0.0689236
0.0679167
0.0667245
0.0664236
5.14904e-318
0.0757523
0.0709028
0.074294
0.07
0.0684375
0.0692708
0.0677431
0.0677546
5.14904e-318
0.0687153
0.0683102
0.065625
0.0672569
0.0683565
0.06625
0.0644444
0.0648958
5.14904e-318
0.0889583
0.0824306
0.0851042
0.085625
0.0857292
0.0846644
0.0825579
0.0829051
5.14904e-318
0.0925694
0.0922917
0.0911458
0.0911227
0.0891667
0.0884028
0.0889468
0.0882639
5.14904e-318
0.145347
0.145046
0.148472
0.14309
0.14412
0.143229
0.141759
0.142431
5.14904e-318
0.225417
0.221458
0.221007
0.220891
0.218333
0.218958
0.218588
0.217292
5.14904e-318
0.285289
0.284028
0.284965
0.28544
0.281354
0.280035
0.281968
0.281111
5.14904e-318
0.336875
0.334306
0.336667
0.333681
0.335243
0.33287
0.33147
0.330937
5.14904e-318
0.381713
0.378646
0.377488
0.375787
0.376644
0.376308
0.374815
0.374502
5.14904e-318
0.40184
0.400278
0.400833
0.398519
0.398472
0.397558
0.397951
0.396991
5.14904e-318
0.41684
0.414086
0.415278
0.412431
0.413831
0.411319
0.411701
0.411308
5.14904e-318
0.428345
0.428403
0.423391
0.426979
0.424896
0.423021
0.419583
0.419306
5.14904e-318
0.42066
0.416655
0.416424
0.418403
0.417002
0.417743
0.414699
0.414167
5.14904e-318
0.424873
0.419444
0.421632
0.419259
0.4175
0.415104
0.417257
0.414306
5.14904e-318
0.423079
0.421528
0.42
0.418715
0.415856
0.415799
0.413681
0.41588
5.14904e-318
0.445937
0.445718
0.444803
0.446748
0.439873
0.442141
0.441852
0.439282
5.14904e-318
0.472928
0.468125
0.466609
0.467512
0.464317
0.463889
0.463009
0.463866
5.14904e-318
0.476181
0.478484
0.476181
0.474954
0.473229
0.472847
0.471528
0.470324
5.14904e-318
0.478426
0.474213
0.476921
0.47662
0.471551
0.469468
0.469745
0.468218
5.14904e-318
0.492407
0.49022
0.48706
0.491273
0.488866
0.48515
0.485035
0.482859
5.14904e-318
0.478113
0.475324
0.47184
0.473414
0.472998
0.4689
0.466644
0.466771
5.14904e-318
0.470532
0.466435
0.466748
0.460694
0.461134
0.467199
0.462546
0.458588
5.14904e-318
0.471285
0.466609
0.463947
0.463704
0.458924
0.461019
0.457303
0.45566
5.14904e-318
0.465428
0.462569
0.460694
0.459838
0.456377
0.459803
0.465451
0.452951
5.14904e-318
0.466968
0.467882
0.462315
0.461181
0.463611
0.458299
0.451539
0.452326
5.14904e-318
0.494861
0.492303
0.489653
0.490648
0.489306
0.478854
0.480556
0.481597
5.14904e-318
0.502639
0.507917
0.506181
0.503229
0.496377
0.492639
0.488275
0.49728
5.14904e-318
0.538345
0.532986
0.525903
0.527581
0.520069
0.51625
0.524398
0.514028
5.14904e-318
0.520266
0.517813
0.514653
0.507731
0.503264
0.505556
0.510567
0.5
5.14904e-318
0.503137
0.4936
0.486076
0.498576
0.491319
0.490174
0.498472
0.482118
5.14904e-318
0.503854
0.493229
0.495139
0.487488
0.493785
0.479074
0.481134
0.475799
5.14904e-318
0.474838
0.477292
0.463542
0.470313
0.462072
0.456597
0.453611
0.469062
5.14904e-318
0.452836
0.458854
0.446597
0.448576
0.447118
0.437731
0.439178
0.432674
5.14904e-318
0.45816
0.448241
0.447361
0.441493
0.435069
0.439479
0.433403
0.428773
5.14904e-318
0.433356
0.423993
0.425104
0.413854
0.408229
0.414201
0.409155
0.402477
5.14904e-318
0.398831
0.392523
0.391042
0.387049
0.380833
0.379618
0.376111
0.372674
5.14904e-318
0.381192
0.383854
0.387465
0.372639
0.36537
0.363461
0.366424
0.36059
5.14904e-318
0.35816
0.34941
0.353507
0.332847
0.336505
0.326424
0.332083
0.343044
5.14904e-318
0.381863
0.369896
0.38456
0.377431
0.36
0.355278
0.354641
0.348854
5.14904e-318
0.329618
0.32316
0.322188
0.316111
0.307975
0.308935
0.311875
0.306354
5.14904e-318
0.290625
0.297095
0.288993
0.286933
0.285486
0.279097
0.279433
0.272049
5.14904e-318
0.298576
0.29125
0.277326
0.293958
0.281574
0.274826
0.277488
0.267361
5.14904e-318
0.25184
0.240347
0.248194
0.24919
0.23875
0.242674
0.252558
0.237338
5.14904e-318
0.229444
0.232199
0.227245
0.219688
0.216076
0.217604
0.226806
0.210417
5.14904e-318
0.246042
0.248009
0.247361
0.247188
0.226539
0.227639
0.23603
0.236493
5.14904e-318
0.208194
0.201215
0.204271
0.200208
0.192211
0.19559
0.189074
0.187535
5.14904e-318
0.183438
0.179375
0.169005
0.177396
0.17125
0.167604
0.175579
0.175197
5.14904e-318
0.176331
0.169167
0.169479
0.170486
0.166412
0.162917
0.161042
0.157361
5.14904e-318
0.151377
0.155208
0.149931
0.145301
0.148333
0.142882
0.140428
0.138646
5.14904e-318
0.141296
0.142187
0.139306
0.137986
0.134155
0.133993
0.13125
0.129167
5.14904e-318
0.155347
0.15875
0.169201
0.155683
0.161632
0.147187
0.150845
0.145544
5.14904e-318
0.137396
0.132118
0.128785
0.132222
0.128021
0.123576
0.126852
0.123287
5.14904e-318
0.140023
0.142905
0.131979
0.125694
0.135764
0.12191
0.124063
0.128588
5.14904e-318
0.104306
0.103194
0.102199
0.106285
0.0984722
0.0971181
0.0985417
0.0949537
5.14904e-318
0.0889583
0.0848611
0.086169
0.0835764
0.0806713
0.0807986
0.0804051
0.0771181
5.14904e-318
0.0895833
0.0845139
0.0828009
0.0861458
0.083125
0.0799074
0.0790972
0.0792361
5.14904e-318
0.0725926
0.0728704
0.0776042
0.0720255
0.0749653
0.0677431
0.0660417
0.0655903
5.14904e-318
0.055625
0.0540625
0.0547222
0.0513194
0.053206
0.0522917
0.0501505
0.047419
5.55378e-318
0.0474306
0.0469676
0.0454514
0.0476505
0.0441319
0.0475463
0.0431829
0.0425347
5.57401e-318
0.049456
0.0462153
0.0458218
0.0482176
0.0445139
0.0429167
0.0410764
0.0409375
5.57401e-318
0.03375
0.0338889
0.0313079
0.0353935
0.0344329
0.0297569
0.0288773
0.0286458
5.57401e-318
0.028912
0.0237037
0.0237847
0.0215972
0.0227778
0.0217014
0.02125
0.0240046
5.57401e-318
0.0280903
0.0317477
0.0279514
0.0289815
0.0252083
0.0257986
0.0248264
0.0238079
5.57401e-318
0.0274306
0.0262384
0.0258681
0.0253472
0.0288657
0.0250694
0.0281366
0.0255208
5.57401e-318
0.0248264
0.0241782
0.0286227
0.0244444
0.0277894
0.0237037
0.0237731
0.0226389
5.59425e-318
0.0234028
0.0236111
0.0268519
0.0227894
0.0231829
0.0249884
0.0224306
0.0228472
5.59425e-318
0.0233333
0.0226736
0.0228472
0.0223611
0.0214931
0.0211921
0.02125
0.0213426
5.59425e-318
0.0301736
0.0298611
0.0285069
0.0271181
0.0286343
0.0284722
0.0253125
0.025544
3.84755e-318
0.0209722
0.024375
0.0206597
0.0210069
0.0205093
0.0234259
0.020162
0.0199653
3.84755e-318
0.02125
0.0197917
0.02125
0.0232639
0.0190972
0.0188889
0.0184375
0.0218287
3.84312e-318
0.0230556
0.0237153
0.0240162
0.020625
0.0215972
0.0205093
0.0200926
0.0202778
3.84312e-318
0.0207986
0.0211458
0.0204167
0.0234259
0.0207986
0.0202431
0.0203125
0.0228125
3.84312e-318
0.0174306
0.0168056
0.0204398
0.0175579
0.0204861
0.0173264
0.0167593
0.0166319
3.84312e-318
0.0151042
0.0150347
0.0140625
0.0141319
0.0174306
0.0143056
0.0146412
0.0138542
3.84312e-318
0.0154745
0.0179861
0.015625
0.0155556
0.0150694
0.0136111
0.0172338
0.0137731
3.84312e-318
0.0109028
0.0145949
0.0102778
0.0105903
0.0114236
0.0127083
0.0102431
0.0100694
3.84312e-318
0.0109259
0.0136111
0.00961806
0.0120255
0.00918981
0.00881944
0.00935185
0.00892361
3.84312e-318
0.00736111
0.0071875
0.00722222
0.00715278
0.00715278
0.0071875
0.00711806
0.00711806
3.84312e-318
0.00701389
0.00708333
0.00940972
0.00677083
0.00677083
0.00741898
0.00703704
0.00657407
3.84312e-318
0.00868056
0.008125
0.0104514
0.00819444
0.00802083
0.00922454
0.00795139
0.00795139
3.84312e-318
0.0123611
0.0116319
0.0115278
0.0111111
0.0115972
0.0114815
0.0113657
0.0111111
3.84312e-318
0.0125347
0.0125694
0.0121181
0.0121875
0.0117708
0.0122917
0.0122685
0.0117014
3.84312e-318
0.0131019
0.0128125
0.0131829
0.0127083
0.0124653
0.0122569
0.0121528
0.0120486
3.84312e-318
0.0137153
0.0134375
0.0130556
0.0135764
0.0129861
0.0127778
0.0129514
0.0127431
3.84312e-318
0.0181481
0.016875
0.017581
0.0176389
0.0165625
0.0167014
0.0172569
0.0180208
3.84312e-318
0.0161458
0.0155208
0.0153125
0.0153819
0.0152778
0.0169444
0.0152778
0.0152083
3.84312e-318
0.0161458
0.0167361
0.0154514
0.0151736
0.0158333
0.0160648
0.0151042
0.0150463
3.84312e-318
0.0160417
0.0162153
0.0152778
0.0155903
0.0151736
0.0152778
0.015625
0.0151736
3.84312e-318
0.0145139
0.0142014
0.0144676
0.0137847
0.0140972
0.0140278
0.0136227
0.0138542
3.84312e-318
0.0101736
0.00975694
0.0096875
0.00972222
0.00982639
0.00979167
0.00947917
0.0096875
3.84312e-318
0.00890046
0.00881944
0.00894676
0.00826389
0.00815972
0.00822917
0.00815972
0.00795139
3.84312e-318
0.00802083
0.00819444
0.00791667
0.0103819
0.00777778
0.00770833
0.0078125
0.00763889
3.84312e-318
0.00545139
0.00523148
0.00506944
0.00528935
0.0066088
0.00513889
0.00517361
0.00496528
3.84312e-318
0.00607639
0.00621528
0.00607639
0.00586806
0.005625
0.00576389
0.005625
0.005625
3.84312e-318
0.00670139
0.0065625
0.00665509
0.00657407
0.00645833
0.00645833
0.00645833
0.00645833
3.84312e-318
0.0125
0.0122569
0.0127778
0.0121875
0.0123958
0.0117361
0.0120833
0.0121528
3.84312e-318
0.0167361
0.0167477
0.0161806
0.0165625
0.0167014
0.0167361
0.0165509
0.0161111
3.84312e-318
0.0156597
0.0158681
0.0155903
0.0140972
0.0142014
0.0149653
0.0152083
0.0140972
3.84312e-318
0.0143634
0.0143403
0.0135764
0.0144444
0.0139699
0.0136111
0.0139583
0.0141319
3.84312e-318
0.0152431
0.0145486
0.0145486
0.0149306
0.0145486
0.0151736
0.0144792
0.0144444
3.84312e-318
0.0168287
0.0165625
0.016713
0.0162847
0.0161458
0.0161111
0.015625
0.0157292
3.84312e-318
0.0163194
0.0155903
0.0155208
0.0155556
0.0153819
0.0153819
0.0153125
0.0154167
3.84312e-318
0.0185764
0.0188889
0.0184838
0.0188194
0.0188889
0.0175347
0.0176736
0.0174537
3.84312e-318
0.0146528
0.0146528
0.0146528
0.0144444
0.0139931
0.0145833
0.0142014
0.0139583
3.84312e-318
0.0102431
0.0102778
0.0101389
0.00974537
0.00954861
0.0097338
0.0096875
0.00944444
3.84312e-318
0.00784722
0.00788194
0.00784722
0.00760417
0.00760417
0.00774306
0.00760417
0.0075
3.84312e-318
0.00443287
0.004375
0.00449074
0.0044213
0.004375
0.004375
0.004375
0.004375
3.84312e-318
0.00708333
0.00704861
0.00708333
0.00645833
0.00694444
0.00677083
0.00611111
0.00635417
3.84312e-318
0.0213194
0.0215046
0.0205903
0.0199306
0.0198264
0.019375
0.0210648
0.0192708
3.84312e-318
0.0345718
0.0344676
0.0334375
0.0345718
0.0335995
0.0333565
0.0331944
0.0335995
3.84312e-318
0.0397454
0.0397685
0.0398495
0.0398264
0.0397106
0.0391898
0.0392245
0.0386343
3.84312e-318
0.0432639
0.0429861
0.043125
0.0430208
0.0427431
0.0429514
0.0419444
0.0416667
3.84312e-318
0.0404398
0.0393056
0.0389236
0.0398611
0.0390741
0.0390278
0.0401736
0.0393056
3.84312e-318
0.035625
0.0357639
0.0347569
0.0353819
0.0358333
0.0344792
0.0355208
0.0344444
3.84312e-318
0.0326042
0.0326736
0.0318056
0.0317593
0.0320486
0.0320602
0.0315972
0.0313194
3.84312e-318
0.0371528
0.0366667
0.0349653
0.0360417
0.035625
0.0349306
0.0348264
0.0354514
3.84312e-318
0.053125
0.0526389
0.053125
0.0511458
0.0497454
0.0490972
0.0491319
0.0491088
3.84312e-318
0.0892593
0.0876968
0.084213
0.084456
0.0826157
0.083831
0.0831713
0.084537
3.84312e-318
0.160243
0.153715
0.153924
0.153333
0.151655
0.152639
0.150764
0.15081
3.84312e-318
0.247037
0.245324
0.242037
0.243958
0.238148
0.238252
0.240856
0.234676
3.84312e-318
0.326134
0.322697
0.319375
0.321181
0.316794
0.319248
0.318704
0.318113
3.84312e-318
0.380637
0.371678
0.373519
0.369769
0.367095
0.371921
0.369144
0.369317
3.84312e-318
0.490104
0.48316
0.477072
0.471771
0.488137
0.471007
0.467743
0.463993
3.84312e-318
0.542488
0.53287
0.531331
0.527546
0.529711
0.525255
0.52206
0.5214
3.84312e-318
0.606528
0.602986
0.595984
0.592569
0.589433
0.59169
0.592986
0.594005
3.84312e-318
0.639271
0.634167
0.627812
0.62941
0.632569
0.626215
0.624097
0.622014
3.84312e-318
0.665625
0.670417
0.666424
0.660868
0.660035
0.656238
0.66059
0.654595
3.84312e-318
0.718958
0.716887
0.719421
0.714595
0.705324
0.708692
0.701157
0.699039
3.84312e-318
0.749167
0.745984
0.748634
0.740127
0.744236
0.742477
0.732789
0.733067
3.84312e-318
0.752118
0.747708
0.750764
0.752188
0.737431
0.740625
0.737708
0.734271
3.84312e-318
0.777257
0.779896
0.768657
0.776528
0.771563
0.764051
0.762338
0.768079
3.84312e-318
0.809988
0.80294
0.805613
0.797697
0.799954
0.794225
0.794398
0.792037
3.84312e-318
0.810104
0.814653
0.809688
0.806806
0.811042
0.805139
0.801343
0.79963
3.84312e-318
0.826215
0.825208
0.822465
0.816042
0.819028
0.810729
0.820104
0.812569
3.84312e-318
0.814063
0.812396
0.814398
0.807813
0.803889
0.799236
0.802604
0.799491
3.84312e-318
0.789236
0.796007
0.787951
0.789792
0.786667
0.781181
0.785208
0.780278
3.84312e-318
0.805683
0.806701
0.800729
0.793854
0.799248
0.797326
0.79059
0.790035
3.84312e-318
0.835069
0.83184
0.828611
0.836215
0.827118
0.823785
0.820312
0.8175
3.84312e-318
0.825185
0.815069
0.815544
0.814306
0.814618
0.807708
0.8075
0.804097
3.84312e-318
0.824248
0.827824
0.825498
0.816887
0.816678
0.814421
0.8139
0.807998
3.84312e-318
0.806076
0.797882
0.797593
0.799838
0.790833
0.793819
0.791181
0.788889
3.84312e-318
0.74515
0.740324
0.735567
0.734178
0.730255
0.732338
0.726088
0.724456
3.84312e-318
0.712685
0.714028
0.705058
0.703461
0.703021
0.699826
0.694363
0.700243
3.84312e-318
0.718437
0.711806
0.704618
0.706377
0.705347
0.701111
0.703021
0.694664
3.84312e-318
0.706076
0.696748
0.701562
0.692639
0.693356
0.688125
0.692326
0.687639
3.84312e-318
0.733924
0.723681
0.718958
0.722523
0.717431
0.720104
0.714097
0.710694
3.84312e-318
0.736424
0.725984
0.722639
0.726111
0.717118
0.716042
0.710683
0.707731
3.84312e-318
0.768333
0.769329
0.767049
0.747396
0.761875
0.751319
0.744352
0.743727
3.84312e-318
0.764826
0.753449
0.756111
0.761285
0.754954
0.751111
0.747083
0.747083
3.84312e-318
0.765556
0.767488
0.767338
0.757917
0.760694
0.756563
0.750775
0.747616
3.84312e-318
0.716458
0.708171
0.708183
0.710347
0.709896
0.703264
0.704514
0.701181
3.84312e-318
0.743727
0.736227
0.75213
0.737512
0.730706
0.741181
0.728275
0.731435
3.84312e-318
0.805359
0.79434
0.809144
0.79765
0.788588
0.791435
0.790405
0.785972
3.84312e-318
0.84559
0.837153
0.840694
0.840556
0.833843
0.836667
0.82941
0.836215
3.84312e-318
0.836562
0.825069
0.826007
0.818773
0.818183
0.818669
0.819155
0.811296
3.84312e-318
0.8275
0.811632
0.813576
0.816111
0.80794
0.804792
0.79934
0.798576
3.84312e-318
0.798819
0.782373
0.783866
0.781794
0.779769
0.793391
0.77544
0.770127
3.84312e-318
0.777431
0.768218
0.777245
0.765069
0.760336
0.752292
0.751042
0.752708
3.84312e-318
0.759896
0.751238
0.747361
0.75103
0.736238
0.735532
0.730984
0.734294
3.84312e-318
0.757141
0.756215
0.749861
0.741563
0.737361
0.732488
0.735208
0.729375
3.84312e-318
0.730544
0.718553
0.716528
0.711887
0.693252
0.700683
0.700683
0.7086
3.84312e-318
0.689606
0.674456
0.676181
0.66706
0.675567
0.668438
0.666157
0.658032
3.84312e-318
0.68647
0.672778
0.672292
0.665162
0.656007
0.651076
0.656979
0.644653
3.84312e-318
0.63287
0.619537
0.615683
0.617801
0.607963
0.602963
0.59787
0.590752
3.84312e-318
0.556065
0.550463
0.55228
0.541713
0.56765
0.550741
0.532465
0.526308
3.84312e-318
0.570729
0.56412
0.551632
0.573125
0.57353
0.546759
0.543299
0.537569
3.84312e-318
0.564005
0.560498
0.549109
0.554525
0.546771
0.543727
0.532072
0.529745
3.84312e-318
0.570278
0.551123
0.5611
0.555845
0.545775
0.549977
0.545324
0.539873
3.84312e-318
0.648831
0.635613
0.628843
0.624062
0.636898
0.617488
0.625347
0.624537
3.84312e-318
0.65037
0.656215
0.646632
0.6386
0.64397
0.627211
0.635162
0.631516
3.84312e-318
0.651146
0.640382
0.635868
0.6375
0.629039
0.633924
0.641458
0.626632
3.84312e-318
0.576829
0.56963
0.567106
0.564676
0.564294
0.557176
0.557488
0.552766
3.84312e-318
0.504826
0.495567
0.498993
0.49375
0.484514
0.481852
0.488542
0.479931
3.84312e-318
0.462743
0.464514
0.451215
0.454201
0.445961
0.452141
0.437951
0.434792
3.84312e-318
0.407778
0.406655
0.398264
0.391493
0.393947
0.386944
0.389028
0.38544
3.84312e-318
0.345752
0.346505
0.349699
0.331539
0.330081
0.341956
0.337454
0.324306
3.84312e-318
0.282569
0.277778
0.28022
0.262986
0.271875
0.262535
0.254861
0.259433
3.84312e-318
0.228437
0.212488
0.218935
0.210081
0.221424
0.208796
0.202269
0.199155
3.84312e-318
0.204109
0.20353
0.204861
0.192095
0.200868
0.193218
0.199051
0.18706
3.84312e-318
0.202847
0.190602
0.186539
0.194456
0.192859
0.186539
0.183889
0.178553
3.84312e-318
0.168981
0.162141
0.162708
0.153125
0.155301
0.156968
0.165509
0.150891
3.84312e-318
0.236146
0.233762
0.222558
0.223912
0.225648
0.236146
0.219444
0.229537
3.84312e-318
0.389664
0.382859
0.373935
0.379363
0.368414
0.378368
0.371771
0.364109
3.84312e-318
0.510162
0.50162
0.50228
0.494468
0.49735
0.495127
0.493333
0.488623
3.84312e-318
0.480405
0.484711
0.474792
0.475833
0.471528
0.469016
0.466736
0.469294
3.84312e-318
0.370208
0.366701
0.362431
0.361389
0.365521
0.358576
0.359792
0.356146
3.84312e-318
0.291632
0.28816
0.288681
0.28662
0.282083
0.289062
0.280359
0.27934
3.84312e-318
0.212014
0.208715
0.204132
0.211354
0.203958
0.20191
0.206667
0.203148
3.84312e-318
0.1375
0.136875
0.134699
0.131146
0.135868
0.129514
0.129329
0.13125
3.84312e-318
0.0751389
0.0675347
0.0711806
0.0745486
0.0663426
0.0724306
0.0773611
0.0719444
3.84312e-318
0.0668403
0.06625
0.0626389
0.0642361
0.0610185
0.0617824
0.0590972
0.05875
3.84312e-318
0.0550694
0.0531944
0.0497222
0.0526736
0.0479167
0.0480208
0.0506944
0.0457523
3.84312e-318
0.0956481
0.0924074
0.0950926
0.0925
0.0888889
0.0890509
0.0885417
0.0871528
3.84312e-318
0.172396
0.171007
0.171389
0.16875
0.162315
0.165486
0.164236
0.161389
3.84312e-318
0.275069
0.271991
0.264468
0.258576
0.260521
0.25316
0.253194
0.258681
3.84312e-318
0.324282
0.317743
0.318935
0.31272
0.312292
0.306806
0.307326
0.304468
3.84312e-318
0.33066
0.343646
0.331759
0.327581
0.322153
0.327465
0.322407
0.324028
3.84312e-318
0.339514
0.342292
0.335417
0.332361
0.340093
0.329375
0.328472
0.325127
3.84312e-318
0.30544
0.301539
0.299236
0.297882
0.301528
0.295833
0.29559
0.295451
3.84312e-318
0.282743
0.283738
0.277396
0.275729
0.277986
0.282465
0.275833
0.275833
3.84312e-318
0.198021
0.200579
0.198437
0.196215
0.19934
0.199722
0.196204
0.195521
3.84312e-318
0.120069
0.1175
0.119514
0.117535
0.115833
0.120336
0.117604
0.114514
3.84312e-318
0.0508449
0.0497222
0.0474653
0.0481944
0.0485995
0.0494444
0.0476042
0.0484028
3.84312e-318
0.0225694
0.0210417
0.0223148
0.0214931
0.0211111
0.0210069
0.0213194
0.0201389
3.84312e-318
0.0167708
0.0147917
0.0134375
0.0162847
0.0167824
0.0143634
0.0138542
0.0142014
3.84312e-318
0.0116667
0.0102431
0.0107639
0.0100347
0.0111458
0.00989583
0.0102662
0.00954861
3.84312e-318
0.00916667
0.00833333
0.00790509
0.00888889
0.00802083
0.00751157
0.00715278
0.00774306
3.84312e-318
0.00739583
0.00722222
0.00736111
0.00690972
0.00555556
0.00502315
0.0059375
0.00520833
3.84312e-318
0.00634259
0.00611111
0.005625
0.00607639
0.00541667
0.00611111
0.0050463
0.00524306
3.84312e-318
0.00549769
0.00487269
0.00577546
0.00449074
0.00496528
0.00452546
0.00403935
0.00421296
3.84312e-318
0.0142014
0.0137384
0.0125694
0.0126389
0.0134722
0.0124653
0.0125463
0.0133333
3.84312e-318
0.0615278
0.0591898
0.0584028
0.0579861
0.0576736
0.0579861
0.0575694
0.0576389
3.84312e-318
0.085
0.077963
0.0778819
0.0786806
0.076875
0.0759028
0.0762731
0.0775
3.84312e-318
0.0939931
0.0915972
0.0928009
0.0876736
0.0850347
0.0892014
0.0865625
0.0863889
3.84312e-318
0.114398
0.113368
0.114549
0.116192
0.108194
0.114549
0.111424
0.104896
3.84312e-318
0.0863194
0.0858681
0.0827778
0.0830903
0.0801273
0.0801736
0.0821181
0.0813194
3.84312e-318
0.0621528
0.0596065
0.0578125
0.0600347
0.0574653
0.0583333
0.0606366
0.0578819
3.84312e-318
0.0415625
0.0413194
0.04125
0.0412384
0.0388889
0.0388542
0.0385417
0.0386111
3.84312e-318
0.0294676
0.0281134
0.0296065
0.029375
0.0297917
0.0276389
0.0276273
0.0273843
3.84312e-318
0.0117014
0.0111458
0.0116551
0.0115972
0.0115972
0.0111111
0.0111806
0.0111806
3.84312e-318
0.0101042
0.00915509
0.0090625
0.00892361
0.00864583
0.00871528
0.00862269
0.00864583
3.84312e-318
0.0180556
0.0169792
0.0169097
0.0169792
0.0168287
0.0166667
0.0166667
0.0167014
3.84312e-318
0.0165509
0.0152778
0.0148958
0.0158681
0.0145833
0.0148958
0.014838
0.0148611
3.84312e-318
0.0213773
0.0177778
0.02125
0.0203819
0.0181944
0.0175
0.0175
0.0182986
3.84312e-318
0.0725347
0.0740278
0.0710764
0.0684375
0.0683796
0.0677315
0.0680208
0.0673611
3.84312e-318
0.0711806
0.0685301
0.0685764
0.0673264
0.0675694
0.0680208
0.0670139
0.0666667
3.84312e-318
0.0772917
0.0772569
0.0749421
0.0774653
0.0752199
0.0758449
0.0772106
0.074838
3.84312e-318
0.0317361
0.0317708
0.0316667
0.031875
0.0317014
0.0317708
0.031412
0.0317708
3.84312e-318
0.0028125
0.00255787
0.0025463
0.0025
0.0025
0.0025
0.0025
0.0025
3.84312e-318
0.0395486
0.0391667
0.0390278
0.0392245
0.0389931
0.0388889
0.0389583
0.0389931
3.84312e-318
0.0503125
0.0495949
0.0497222
0.0498264
0.0495833
0.0494444
0.0494676
0.0493056
3.84312e-318
0.0595486
0.0594097
0.0587153
0.0585764
0.0585069
0.0585069
0.0581597
0.0575926
3.84312e-318
0.0406944
0.0407292
0.0405556
0.0406366
0.0405556
0.0405093
0.0400347
0.0398958
3.84312e-318
0.00947917
0.00934028
0.00893519
0.00927083
0.00930556
0.0090625
0.00913194
0.00903935
3.84312e-318
0.0144097
0.0141319
0.0141667
0.0139931
0.0140162
0.0139583
0.0139352
0.0138889
3.84312e-318
0.0189583
0.0192361
0.0187153
0.0184375
0.0187847
0.0183912
0.0186458
0.0182986
3.84312e-318
0.0235069
0.0238542
0.0231366
0.0231829
0.0230556
0.02375
0.023125
0.0231944
3.84312e-318
0.0320486
0.0312847
0.0312153
0.0308681
0.0310417
0.0309028
0.0307176
0.030625
3.84312e-318
0.0628472
0.0606944
0.0605208
0.059919
0.0607292
0.0596528
0.0594792
0.0596296
3.84312e-318
0.0769097
0.0769097
0.0756944
0.0694444
0.0753472
0.0693056
0.0685648
0.0679861
3.84312e-318
0.0886806
0.0834722
0.0883333
0.086169
0.0874653
0.0831944
0.0822917
0.0822685
3.84312e-318
0.0904514
0.0921412
0.0924653
0.0925694
0.0903472
0.0905556
0.0922569
0.0927083
3.84312e-318
0.0510648
0.0510417
0.0502431
0.0510764
0.0494097
0.050625
0.0511343
0.049456
3.84312e-318
0.00674769
0.00678241
0.00659722
0.0062037
0.00636574
0.00615741
0.00628472
0.00605324
3.84312e-318
0.00159722
0.00163194
0.00137731
0.0016088
0.00137731
0.00131944
0.00131944
0.00131944
3.84312e-318
0.00131944
0.00125
0.00114583
0.00116898
0.00111111
0.00111111
0.00114583
0.00111111
3.84312e-318
0.00142361
0.00142361
0.00138889
0.00138889
0.00144676
0.00138889
0.00136574
0.00144676
3.84312e-318
0.00128472
0.00128472
0.00128472
0.00128472
0.00128472
0.00145833
0.00134259
0.00138889
3.84312e-318
0.00178241
0.00177083
0.00179398
0.00159722
0.00166667
0.00159722
0.00159722
0.00165509
3.84312e-318
0.00104167
0.00104167
0.00109954
0.00104167
0.00118056
0.00111111
0.00104167
0.00114583
3.84312e-318
0.0182639
0.0179977
0.0179861
0.018044
0.0179745
0.0178472
0.0178819
0.0178125
3.84312e-318
0.0453125
0.0452431
0.044375
0.0443403
0.0439931
0.0445602
0.0439931
0.0443287
3.84312e-318
0.125035
0.121412
0.120428
0.119514
0.118958
0.120382
0.119896
0.119294
3.84312e-318
0.201319
0.193704
0.200313
0.192778
0.199792
0.190694
0.191181
0.189931
3.84312e-318
0.199907
0.199687
0.193252
0.197292
0.200243
0.191319
0.191586
0.198021
3.84312e-318
0.171748
0.190486
0.193148
0.173252
0.140544
0.173183
0.137176
0.131759
3.84312e-318
0.154062
0.152222
0.152002
0.151181
0.148368
0.147593
0.146829
0.146701
3.84312e-318
0.134063
0.133819
0.13397
0.134236
0.133194
0.132188
0.132049
0.131759
3.84312e-318
0.0848148
0.0826157
0.0835069
0.0829051
0.0828356
0.0826968
0.0823032
0.0811343
3.84312e-318
0.0637037
0.0624306
0.0631944
0.0619097
0.0621528
0.0624306
0.0618403
0.0616667
3.84312e-318
0.0642593
0.0627778
0.0619792
0.0623495
0.0623264
0.0619444
0.0615625
0.0611227
3.84312e-318
0.0686111
0.0688079
0.0689236
0.0685764
0.0670139
0.0669792
0.0672569
0.0665278
3.84312e-318
0.0984375
0.098125
0.097037
0.0987847
0.0966319
0.0968866
0.0962847
0.0957986
3.84312e-318
0.11434
0.113611
0.113333
0.113333
0.111562
0.113356
0.111875
0.11191
3.84312e-318
0.128056
0.1275
0.127882
0.125868
0.125174
0.126968
0.124965
0.126215
3.84312e-318
0.135868
0.136076
0.134722
0.135856
0.135729
0.135104
0.133924
0.133542
3.84312e-318
0.141563
0.139514
0.140937
0.141551
0.140486
0.139306
0.14066
0.139687
3.84312e-318
0.151597
0.15103
0.150174
0.151771
0.14919
0.14912
0.149306
0.150278
3.84312e-318
0.153704
0.151204
0.151759
0.153565
0.153669
0.150613
0.150093
0.150255
3.84312e-318
0.154375
0.153819
0.154271
0.153021
0.15184
0.152292
0.151667
0.150521
3.84312e-318
0.153194
0.15125
0.152188
0.150116
0.149306
0.150556
0.148785
0.149398
3.84312e-318
0.149479
0.150069
0.150694
0.148681
0.149167
0.149688
0.146898
0.147257
3.84312e-318
0.14941
0.148993
0.148681
0.147361
0.146968
0.145104
0.146042
0.145
3.84312e-318
0.143264
0.141389
0.142326
0.142778
0.139306
0.139572
0.140417
0.13809
3.84312e-318
0.139167
0.136667
0.134375
0.138368
0.136354
0.137917
0.133264
0.132627
3.84312e-318
0.144271
0.142465
0.139792
0.140139
0.137245
0.138472
0.141285
0.138472
3.84312e-318
0.137083
0.136007
0.130833
0.131597
0.129931
0.132986
0.130579
0.128646
3.84312e-318
0.123056
0.122882
0.121389
0.122755
0.120023
0.116944
0.118229
0.116979
3.84312e-318
0.115185
0.112766
0.11537
0.114676
0.115197
0.11125
0.110139
0.111134
3.84312e-318
0.126736
0.121701
0.118924
0.120278
0.124097
0.115729
0.116551
0.116354
3.84312e-318
0.115139
0.11316
0.111562
0.113819
0.111875
0.110336
0.112743
0.110104
3.84312e-318
0.10809
0.108912
0.10559
0.108333
0.106667
0.104051
0.104236
0.10434
3.84312e-318
0.110764
0.109792
0.10941
0.108704
0.107917
0.105486
0.107222
0.10478
3.84312e-318
0.104618
0.104514
0.101343
0.103889
0.0996875
0.10184
0.0995139
0.0985648
3.84312e-318
0.103831
0.103206
0.103125
0.0984491
0.0991782
0.0984838
0.0989005
0.0987269
3.84312e-318
0.111771
0.107118
0.109479
0.106458
0.105197
0.103785
0.103958
0.103576
3.84312e-318
0.153831
0.150347
0.149132
0.150324
0.149421
0.150949
0.148148
0.147361
3.84312e-318
0.21566
0.213611
0.215127
0.214549
0.209549
0.20625
0.20787
0.205625
3.84312e-318
0.265174
0.270069
0.266424
0.263495
0.264271
0.261667
0.261875
0.261181
3.84312e-318
0.306667
0.313252
0.309549
0.303681
0.304606
0.303958
0.304514
0.305486
3.84312e-318
0.431632
0.423542
0.429572
0.415174
0.431319
0.414271
0.418368
0.408299
3.84312e-318
0.445694
0.450313
0.442535
0.441204
0.438854
0.433958
0.437604
0.435208
3.84312e-318
0.517674
0.503993
0.513391
0.506285
0.505069
0.502604
0.497882
0.512708
3.84312e-318
0.591806
0.594178
0.593472
0.587674
0.583194
0.580521
0.577292
0.578773
3.84312e-318
0.63912
0.642106
0.639421
0.639919
0.632419
0.63478
0.628113
0.626644
3.84312e-318
0.664549
0.664722
0.669792
0.666933
0.658403
0.657593
0.660764
0.655
3.84312e-318
0.67566
0.674954
0.662049
0.663889
0.663056
0.666181
0.668368
0.667882
3.84312e-318
0.659537
0.665521
0.659792
0.664931
0.659757
0.660417
0.647627
0.647049
3.84312e-318
0.658715
0.660093
0.650972
0.656215
0.649965
0.653843
0.644028
0.644479
3.84312e-318
0.661007
0.66934
0.660417
0.664398
0.663252
0.661597
0.655
0.653368
3.84312e-318
0.659734
0.662859
0.652535
0.655081
0.651748
0.645382
0.651053
0.642685
3.84312e-318
0.660023
0.654201
0.659549
0.648125
0.64816
0.647674
0.639861
0.65294
3.84312e-318
0.640347
0.641875
0.630544
0.635347
0.625903
0.625521
0.621979
0.618576
3.84312e-318
0.609062
0.603495
0.592326
0.598437
0.60206
0.587361
0.581366
0.584028
3.84312e-318
0.579907
0.573391
0.578079
0.563368
0.565255
0.561308
0.556319
0.553623
3.84312e-318
0.545937
0.535799
0.53066
0.530208
0.523218
0.518426
0.512917
0.524931
3.84312e-318
0.509468
0.50309
0.498299
0.493576
0.50059
0.488333
0.483403
0.482917
3.84312e-318
0.485405
0.475475
0.482488
0.488356
0.472477
0.481238
0.46772
0.464988
3.84312e-318
0.459167
0.45037
0.447674
0.442581
0.458912
0.458437
0.432211
0.433391
3.84312e-318
0.418032
0.420671
0.425845
0.410463
0.409201
0.404803
0.39941
0.398553
3.84312e-318
0.407037
0.397697
0.388183
0.396169
0.382037
0.37794
0.386157
0.374502
3.84312e-318
0.368021
0.364583
0.349722
0.361863
0.352789
0.350278
0.370139
0.341146
3.84312e-318
0.358958
0.361053
0.355312
0.342951
0.348067
0.349109
0.335278
0.329236
3.84312e-318
0.322361
0.328854
0.329236
0.323669
0.297396
0.310139
0.304549
0.297662
3.84312e-318
0.295116
0.29088
0.283762
0.280428
0.280625
0.272616
0.269838
0.265671
3.84312e-318
0.282002
0.268634
0.26941
0.265139
0.270521
0.254688
0.248576
0.257778
3.84312e-318
0.24015
0.237222
0.227338
0.231713
0.222674
0.22338
0.217789
0.214387
3.84312e-318
0.206968
0.207813
0.201563
0.193681
0.187951
0.184954
0.196806
0.187465
3.84312e-318
0.200486
0.198472
0.186354
0.191146
0.189502
0.180451
0.177604
0.175347
3.84312e-318
0.170382
0.168877
0.164479
0.164815
0.156597
0.159028
0.153542
0.154132
3.84312e-318
0.148576
0.141736
0.146701
0.140231
0.139653
0.131736
0.131875
0.133924
3.84312e-318
0.141042
0.137187
0.13309
0.130162
0.130451
0.128368
0.125208
0.123495
3.84312e-318
0.121285
0.119306
0.117188
0.116806
0.113981
0.113507
0.113102
0.110937
3.84312e-318
0.104306
0.103252
0.101389
0.103981
0.100937
0.0931944
0.0957292
0.0923958
3.84312e-318
0.0952778
0.0909375
0.0883681
0.0841319
0.0854745
0.0807639
0.0810069
0.0800694
3.84312e-318
0.0744444
0.07625
0.0725
0.071794
0.0676736
0.0679398
0.0680903
0.0671528
3.84312e-318
0.0800116
0.0759838
0.0740278
0.0725347
0.0709259
0.06875
0.0737616
0.0675
3.84312e-318
0.065787
0.0622569
0.0595833
0.05875
0.0609722
0.063669
0.0576389
0.0567014
3.84312e-318
0.0521528
0.0538889
0.053125
0.0510069
0.0508681
0.0490972
0.047662
0.0485069
3.84312e-318
0.0559722
0.0548264
0.053125
0.0516319
0.051794
0.0488889
0.0493056
0.0479051
3.84312e-318
0.0455208
0.0427778
0.0421875
0.0427778
0.0429861
0.0399306
0.0387384
0.0391319
3.84312e-318
0.0425
0.0406597
0.0416667
0.0387731
0.0388194
0.036875
0.0380556
0.0359259
3.84312e-318
0.04125
0.0413542
0.0406944
0.0359028
0.0384954
0.0353125
0.035
0.0362847
3.84312e-318
0.0239236
0.0251736
0.0234259
0.0233681
0.0230903
0.0228125
0.0225694
0.0219329
3.84312e-318
0.0121875
0.0131944
0.0120833
0.0115972
0.0111806
0.0111343
0.0125347
0.0104167
3.84312e-318
0.0153819
0.0136806
0.0150231
0.0130208
0.0140856
0.0128472
0.0122222
0.0122917
3.84312e-318
0.0204167
0.0195486
0.0190972
0.0181829
0.0176042
0.0190278
0.0166667
0.0172569
3.84312e-318
0.0254167
0.0248148
0.0257639
0.0239931
0.0241898
0.0255556
0.0217361
0.0216319
3.84312e-318
0.0176389
0.0177083
0.0168056
0.0169329
0.0165972
0.0172917
0.0164583
0.0170833
3.84312e-318
0.0154861
0.0152083
0.0154514
0.0153125
0.0152315
0.0153356
0.0151736
0.0150694
3.84312e-318
0.0231597
0.0231944
0.0230208
0.0210417
0.0209375
0.0226042
0.0206134
0.0207986
3.84312e-318
0.0188542
0.0183333
0.0176042
0.0183218
0.0174653
0.0176389
0.0184028
0.0170718
3.84312e-318
0.0186111
0.0184375
0.0179514
0.0182292
0.018125
0.0179745
0.0178472
0.0179167
3.84312e-318
0.0175347
0.0169444
0.0165162
0.0161458
0.0159028
0.0160301
0.0164583
0.0157986
3.84312e-318
0.00797454
0.00829861
0.00802083
0.00798611
0.00791667
0.00774306
0.00736111
0.00729167
3.84312e-318
0.00618056
0.00576389
0.00607639
0.00613426
0.0058912
0.00572917
0.00559028
0.00552083
3.84312e-318
0.00540509
0.00506944
0.00503472
0.00538194
0.00489583
0.00447917
0.00496528
0.00447917
3.84312e-318
0.00413194
0.00416667
0.00416667
0.00395833
0.00399306
0.00416667
0.00384259
0.00384259
3.84312e-318
0.00263889
0.00263889
0.00263889
0.00302083
0.00262731
0.00263889
0.00211806
0.00177083
3.84312e-318
0.00270833
0.00215278
0.00241898
0.00215278
0.00224537
0.00197917
0.00201389
0.00221065
3.84312e-318
0.00118056
0.00118056
0.00149306
0.0012037
0.00114583
0.00114583
0.0012037
0.00107639
3.84312e-318
0.00239583
0.00190972
0.00168981
0.00152778
0.00194444
0.00152778
0.00158565
0.00152778
3.84312e-318
0.00357639
0.00413194
0.0040162
0.00350694
0.00354167
0.00350694
0.00388889
0.00350694
3.84312e-318
0.00902778
0.00943287
0.00902778
0.00922454
0.00881944
0.00881944
0.00878472
0.00875
3.84312e-318
0.00857639
0.00822917
0.00787037
0.00777778
0.00819444
0.00793981
0.0078125
0.00763889
3.84312e-318
0.00637731
0.00625
0.00623843
0.00618056
0.00604167
0.00583333
0.00583333
0.00586806
3.84312e-318
0.00790509
0.00760417
0.00760417
0.00739583
0.00743056
0.00770833
0.0074537
0.00732639
3.84312e-318
0.00953704
0.00934028
0.00950231
0.00913194
0.00913194
0.00913194
0.00934028
0.00902778
3.84312e-318
0.00385417
0.00373843
0.00375
0.00357639
0.00368056
0.00363426
0.00375
0.0034375
3.84312e-318
0.00392361
0.00395833
0.00375
0.00399306
0.00408565
0.00375
0.00380787
0.00375
3.84312e-318
0.00984954
0.00998843
0.00976852
0.00984954
0.00956019
0.00946759
0.00957176
0.00939815
3.84312e-318
0.0112384
0.0112153
0.0111458
0.01125
0.0112153
0.01125
0.0113079
0.0106597
3.84312e-318
0.0143056
0.0143287
0.0139236
0.0140162
0.0138542
0.0138542
0.0138542
0.0136806
3.84312e-318
0.0177083
0.0184375
0.0185069
0.0177431
0.0173611
0.0178472
0.0183565
0.017419
3.84312e-318
0.0150694
0.0160648
0.016088
0.016169
0.0162384
0.0150347
0.0150231
0.0148611
3.84312e-318
0.0140509
0.0135995
0.0136343
0.0135995
0.0138773
0.013588
0.0134259
0.0138657
3.84312e-318
0.0136458
0.0130903
0.0132639
0.0116204
0.0125347
0.0130903
0.0127778
0.0118981
3.84312e-318
0.0139931
0.0139583
0.0133333
0.0139583
0.0130556
0.0131944
0.0131829
0.0131481
3.84312e-318
0.0110069
0.010544
0.0103819
0.0102662
0.0102083
0.0100347
0.00979167
0.0101389
3.84312e-318
0.0141667
0.0141319
0.0138194
0.0138773
0.0138542
0.0130903
0.0129861
0.0131829
3.84312e-318
0.0266898
0.0257639
0.0262153
0.0261343
0.0130903
0.0258681
0.00586806
0.00586806
3.84312e-318
0.0313889
0.0307639
0.0276042
0.0276273
0.0270486
0.026875
0.0268634
0.0265278
3.84312e-318
0.0408333
0.03875
0.038287
0.0389583
0.0378472
0.0380903
0.0376389
0.0373958
3.84312e-318
0.0419097
0.0438194
0.0405903
0.0404514
0.0401273
0.0398495
0.0394792
0.0389236
3.84312e-318
0.0436806
0.0424653
0.0432986
0.0409028
0.0427778
0.0406481
0.040625
0.0397106
3.84312e-318
0.0451042
0.0438542
0.0430903
0.0425231
0.0417593
0.0415625
0.0410069
0.0404861
3.84312e-318
0.0408333
0.0395139
0.0402431
0.0388194
0.0396528
0.0385764
0.0384028
0.0381134
3.84312e-318
0.0472106
0.0469792
0.0468981
0.0470833
0.0463542
0.0454282
0.0455208
0.0444444
3.84312e-318
0.0426042
0.0425694
0.0429167
0.0417708
0.039919
0.0408796
0.0394097
0.0395833
3.84312e-318
0.0392708
0.0401042
0.0397106
0.0386574
0.0386458
0.037662
0.0381944
0.0386458
3.84312e-318
0.0440972
0.0468403
0.0434606
0.0446528
0.0431597
0.0430556
0.0421875
0.0416319
3.84312e-318
0.0603009
0.0610069
0.0594792
0.0572222
0.0577546
0.0569444
0.0566898
0.0564931
3.84312e-318
0.0666319
0.0668403
0.0694097
0.0662731
0.0660417
0.0651042
0.0647569
0.0644792
3.84312e-318
0.0667014
0.068669
0.0664699
0.0657292
0.0657986
0.0651389
0.0646759
0.0646875
3.84312e-318
0.06625
0.0669676
0.0660417
0.0658681
0.0654861
0.0654514
0.0660764
0.0651042
3.84312e-318
0.0685995
0.0686806
0.0673958
0.0679861
0.0666782
0.0669097
0.0663889
0.0659375
3.84312e-318
0.0660069
0.0678819
0.0664468
0.0655208
0.0652778
0.0645139
0.0641319
0.0642014
3.84312e-318
0.0687847
0.0679167
0.0681134
0.0670486
0.0664236
0.0669097
0.0656944
0.0653588
3.84312e-318
0.068287
0.0670486
0.0653125
0.0657639
0.0644444
0.0669792
0.0644792
0.0636458
3.84312e-318
0.0616435
0.0609259
0.0596875
0.0588194
0.0562847
0.0569097
0.0575579
0.0560417
3.84312e-318
0.0563194
0.0546065
0.055
0.0534722
0.0535764
0.0523611
0.0512847
0.0521528
3.84312e-318
0.0615278
0.0594676
0.0593056
0.0585069
0.0575
0.0567014
0.0559375
0.0562269
3.84312e-318
0.0555556
0.0524306
0.0538889
0.0540278
0.0530208
0.0531134
0.0515625
0.0509722
3.84312e-318
0.044294
0.0428241
0.0432292
0.0425579
0.0420486
0.0407986
0.0415278
0.0409722
3.84312e-318
0.0391319
0.0373958
0.0375694
0.0363542
0.035
0.0349306
0.0354398
0.0346528
3.84312e-318
0.0325231
0.0315972
0.0312153
0.0299884
0.030463
0.0291667
0.0283681
0.0295833
3.84312e-318
0.0308333
0.0315972
0.0318056
0.0305903
0.0296181
0.0303819
0.0301968
0.029375
3.84312e-318
0.0243056
0.0242014
0.0247454
0.0235417
0.0231829
0.0224306
0.0235764
0.0223032
3.84312e-318
0.0250347
0.0256134
0.0249653
0.024375
0.0248264
0.0242361
0.0242014
0.0238889
3.84312e-318
0.0209606
0.0204051
0.0201736
0.0203819
0.0202199
0.0196528
0.019375
0.0192014
3.84312e-318
0.0203356
0.0197222
0.0195139
0.0192361
0.0193056
0.0185069
0.0184028
0.0177431
3.84312e-318
0.0228125
0.0226273
0.0221875
0.0219213
0.0204514
0.0217593
0.02
0.0204514
3.84312e-318
0.0162153
0.0155556
0.0156134
0.0158333
0.015706
0.0138542
0.0136111
0.0139583
3.84312e-318
0.0128472
0.0125231
0.0127431
0.0124074
0.0127315
0.0122338
0.0119444
0.0121181
3.84312e-318
0.0113773
0.0111806
0.0112847
0.010625
0.0106597
0.0107639
0.00982639
0.009375
3.84312e-318
0.0204514
0.0206829
0.0206019
0.0202662
0.0202431
0.0195833
0.0196528
0.0196181
3.84312e-318
0.0193403
0.0192477
0.0191667
0.0189931
0.0191667
0.0187153
0.01875
0.018912
3.84312e-318
0.0167593
0.0164931
0.0167708
0.0161458
0.0164352
0.0162384
0.0164005
0.0158681
3.84312e-318
0.00729167
0.00795139
0.00761574
0.00766204
0.00684028
0.00652778
0.00645833
0.00631944
3.84312e-318
0.00753472
0.00737269
0.00736111
0.00710648
0.006875
0.00703704
0.00702546
0.00673611
3.84312e-318
0.0106944
0.0107639
0.0107407
0.00920139
0.0102083
0.00925926
0.00885417
0.00892361
3.84312e-318
0.0221412
0.0221528
0.0212847
0.0210185
0.0207292
0.0199653
0.0201852
0.0196412
3.84312e-318
0.0126042
0.0126042
0.0125926
0.0127083
0.0126157
0.0127083
0.0121875
0.0123958
3.84312e-318
0.00920139
0.00993056
0.00883102
0.00872685
0.00880787
0.00805556
0.00802083
0.0080787
3.84312e-318
0.0128819
0.0121181
0.0120255
0.0118981
0.0122569
0.0113542
0.0112153
0.01125
3.84312e-318
0.0187153
0.0187963
0.0194792
0.0179977
0.0179051
0.0175926
0.0170139
0.0175694
3.84312e-318
0.0296875
0.0298032
0.0282292
0.0294444
0.0292014
0.029294
0.0292361
0.0274653
3.84312e-318
0.0322222
0.0313079
0.0302199
0.0299653
0.0303241
0.0292708
0.0287384
0.0282639
3.84312e-318
0.0597917
0.0544792
0.0565509
0.0535185
0.0532986
0.0529051
0.0544329
0.0521528
3.84312e-318
0.119444
0.112639
0.114931
0.112789
0.110266
0.110694
0.11
0.107755
3.84312e-318
0.161458
0.161933
0.157604
0.156493
0.157847
0.15956
0.156354
0.153056
3.84312e-318
0.202257
0.202523
0.200521
0.199213
0.196794
0.200313
0.196366
0.195556
3.84312e-318
0.269005
0.266875
0.263333
0.26544
0.266007
0.262708
0.261042
0.258056
3.84312e-318
0.340313
0.332824
0.333194
0.3336
0.329155
0.329225
0.328924
0.328125
3.84312e-318
0.385069
0.388287
0.390069
0.385382
0.386227
0.379236
0.375208
0.377361
3.84312e-318
0.431655
0.432477
0.433299
0.433565
0.426157
0.422986
0.421921
0.420301
3.84312e-318
0.511956
0.504653
0.499688
0.495625
0.495139
0.509375
0.492558
0.49566
3.84312e-318
0.602639
0.602176
0.600787
0.602187
0.601296
0.586007
0.583588
0.587049
3.84312e-318
0.619363
0.608032
0.604236
0.616042
0.611863
0.598229
0.599792
0.604062
3.84312e-318
0.625926
0.639005
0.622153
0.629792
0.626366
0.615637
0.621759
0.617199
3.84312e-318
0.69772
0.682338
0.680532
0.675509
0.680289
0.671887
0.672153
0.669456
3.84312e-318
0.77191
0.766389
0.759433
0.751528
0.762095
0.756782
0.7486
0.748044
3.84312e-318
0.812535
0.805278
0.803241
0.796412
0.797049
0.794063
0.7925
0.796111
3.84312e-318
0.816123
0.809387
0.806065
0.804421
0.799491
0.805868
0.8011
0.796944
3.84312e-318
0.803021
0.803171
0.811944
0.799549
0.798438
0.796319
0.792836
0.795243
3.84312e-318
0.78441
0.7814
0.779363
0.777083
0.779167
0.773461
0.770463
0.770521
3.84312e-318
0.801597
0.799167
0.802882
0.792407
0.79125
0.795312
0.787813
0.78985
3.84312e-318
0.784965
0.777523
0.775486
0.768692
0.766412
0.771366
0.771875
0.774931
3.84312e-318
0.776042
0.768681
0.765752
0.764132
0.763646
0.76125
0.761262
0.756528
3.84312e-318
0.765301
0.766181
0.767639
0.758866
0.749676
0.753692
0.758993
0.748854
3.84312e-318
0.811713
0.812234
0.815718
0.808958
0.803102
0.802454
0.797616
0.797269
3.84312e-318
0.797373
0.784711
0.790613
0.790903
0.782743
0.784664
0.781007
0.780486
3.84312e-318
0.797905
0.788669
0.792303
0.79191
0.789271
0.78735
0.785891
0.785752
3.84312e-318
0.782813
0.780023
0.774387
0.773495
0.774097
0.774514
0.76956
0.768252
3.84312e-318
0.778796
0.779433
0.768785
0.765417
0.759722
0.765694
0.767188
0.762951
3.84312e-318
0.749664
0.737338
0.741146
0.73662
0.735382
0.733993
0.730856
0.730972
3.84312e-318
0.74162
0.739549
0.736516
0.749479
0.734317
0.73015
0.734722
0.725949
3.84312e-318
0.759225
0.759433
0.744745
0.756019
0.743437
0.743484
0.748437
0.739931
3.84312e-318
0.751632
0.739618
0.736528
0.744583
0.73463
0.731389
0.727083
0.730856
3.84312e-318
0.743287
0.731644
0.724491
0.727569
0.722812
0.733426
0.73206
0.721227
3.84312e-318
0.704167
0.70728
0.696007
0.702431
0.696435
0.688889
0.696181
0.689861
3.84312e-318
0.684583
0.697187
0.692153
0.696782
0.689896
0.683449
0.68765
0.681447
3.84312e-318
0.744421
0.733877
0.724398
0.720231
0.718148
0.730324
0.727245
0.724271
3.84312e-318
0.754525
0.747847
0.747662
0.747222
0.741944
0.739444
0.739907
0.736725
3.84312e-318
0.750035
0.741042
0.738958
0.735417
0.733472
0.733993
0.731655
0.728657
3.84312e-318
0.732778
0.73419
0.736343
0.734178
0.726806
0.724838
0.727245
0.723715
3.84312e-318
0.755498
0.762396
0.761644
0.752164
0.764005
0.751435
0.74265
0.740718
3.84312e-318
0.752303
0.757222
0.751319
0.740405
0.7425
0.742245
0.736493
0.734317
3.84312e-318
0.712477
0.707581
0.702303
0.697025
0.694907
0.697164
0.695266
0.688125
3.84312e-318
0.693634
0.704421
0.683889
0.695382
0.681389
0.68772
0.68103
0.686771
3.84312e-318
0.648912
0.639468
0.643241
0.636308
0.635127
0.629815
0.627431
0.637176
3.84312e-318
0.701042
0.689282
0.692882
0.68338
0.686875
0.676979
0.677743
0.676181
3.84312e-318
0.715544
0.710926
0.703287
0.709294
0.708877
0.703426
0.695035
0.691863
3.84312e-318
0.698438
0.688125
0.691319
0.685058
0.686065
0.675428
0.672465
0.678762
3.84312e-318
0.63441
0.627928
0.636933
0.622106
0.62206
0.616227
0.61559
0.615313
3.84312e-318
0.61235
0.622998
0.601806
0.602187
0.608542
0.606088
0.596273
0.591725
3.84312e-318
0.651042
0.63566
0.631736
0.631563
0.63191
0.621875
0.62515
0.624201
3.84312e-318
0.64581
0.637546
0.631134
0.632118
0.626806
0.626887
0.620058
0.624155
3.84312e-318
0.621007
0.614028
0.609769
0.608368
0.598368
0.605208
0.594896
0.591875
3.84312e-318
0.593669
0.580347
0.577477
0.563449
0.575903
0.5739
0.559699
0.564954
3.84312e-318
0.566146
0.563067
0.547338
0.559942
0.558831
0.552199
0.542558
0.536574
3.84312e-318
0.52787
0.522176
0.515382
0.518611
0.506516
0.508322
0.512361
0.501088
3.84312e-318
0.488044
0.474155
0.466921
0.480197
0.464225
0.466273
0.460012
0.456169
3.84312e-318
0.490637
0.495521
0.479734
0.478507
0.485926
0.472211
0.469201
0.467361
3.84312e-318
0.483021
0.475382
0.46816
0.457014
0.479306
0.46206
0.465359
0.453495
3.84312e-318
0.478287
0.481609
0.47831
0.464398
0.466458
0.461609
0.463681
0.45875
3.84312e-318
0.430069
0.427859
0.415509
0.426806
0.424282
0.407014
0.413137
0.404479
3.84312e-318
0.386644
0.374248
0.373368
0.368287
0.371458
0.379514
0.364711
0.362454
3.84312e-318
0.35162
0.338403
0.332118
0.330625
0.326817
0.322951
0.340243
0.326111
3.84312e-318
0.380949
0.387836
0.384988
0.387431
0.373484
0.369259
0.361262
0.361262
3.84312e-318
0.400984
0.400185
0.3914
0.381887
0.384005
0.377639
0.37772
0.372361
3.84312e-318
0.391076
0.387037
0.389896
0.376111
0.373287
0.369398
0.363588
0.363299
3.84312e-318
0.408264
0.403472
0.399398
0.397859
0.391597
0.396586
0.387222
0.390926
3.84312e-318
0.417465
0.407917
0.414132
0.403785
0.413773
0.416574
0.396516
0.40228
3.84312e-318
0.403241
0.388345
0.390475
0.393229
0.385012
0.381574
0.385185
0.386019
3.84312e-318
0.348657
0.337685
0.344317
0.34
0.335069
0.336123
0.332292
0.337187
3.84312e-318
0.324572
0.328831
0.317766
0.312465
0.311968
0.310532
0.315058
0.308935
3.84312e-318
0.40809
0.391111
0.391979
0.402627
0.40809
0.375579
0.372731
0.368414
3.84312e-318
0.435613
0.439595
0.434583
0.432257
0.42375
0.415174
0.400833
0.408542
3.84312e-318
0.394676
0.394294
0.388657
0.387245
0.371123
0.373507
0.372674
0.371192
3.84312e-318
0.354144
0.348414
0.343611
0.345255
0.338125
0.326875
0.326898
0.321956
3.84312e-318
0.369699
0.361528
0.357292
0.365336
0.341123
0.337766
0.356586
0.351285
3.84312e-318
0.313704
0.307836
0.303495
0.282431
0.294826
0.313715
0.295579
0.288067
3.84312e-318
0.270648
0.266157
0.252905
0.253009
0.240266
0.259641
0.244931
0.234676
3.84312e-318
0.231736
0.229271
0.220637
0.214653
0.207361
0.202593
0.220185
0.198252
3.84312e-318
0.17544
0.182002
0.187292
0.171921
0.168299
0.165023
0.158634
0.15265
3.84312e-318
0.140683
0.137801
0.125914
0.133079
0.124155
0.116701
0.12831
0.115775
3.84312e-318
0.107442
0.100278
0.0987384
0.0960648
0.0895139
0.0809028
0.0894907
0.0846644
3.84312e-318
0.0774884
0.0783218
0.0724653
0.0660185
0.0623727
0.0631019
0.0691667
0.0624537
3.84312e-318
0.0541898
0.04375
0.0548148
0.04625
0.0420139
0.0478935
0.0459838
0.038044
3.84312e-318
0.0360417
0.03375
0.028206
0.0310301
0.0325579
0.0321759
0.0273843
0.0254051
3.84312e-318
0.0227199
0.022581
0.0243634
0.0227083
0.0188542
0.0183912
0.0191782
0.0164815
3.84312e-318
0.0131019
0.0135417
0.0106481
0.0132176
0.0109375
0.0101389
0.00847222
0.0096875
3.84312e-318
0.0167245
0.0150463
0.0161343
0.0148611
0.0138079
0.0146875
0.0131944
0.0130324
3.84312e-318
0.00927083
0.0104398
0.00965278
0.00975694
0.00915509
0.00947917
0.00831019
0.00854167
3.84312e-318
0.0343866
0.0335069
0.0335301
0.0334838
0.0333681
0.0334259
0.0332639
0.0331134
3.84312e-318
0.0834722
0.080162
0.0795833
0.0798843
0.0794792
0.0791667
0.0777199
0.0775
3.84312e-318
0.125961
0.117708
0.121632
0.115602
0.121771
0.115093
0.114398
0.115428
3.84312e-318
0.124769
0.12309
0.123125
0.121759
0.114549
0.116586
0.113924
0.113785
3.84312e-318
0.0957986
0.096794
0.0942593
0.094375
0.0964815
0.0929514
0.0918171
0.094838
3.84312e-318
0.0506829
0.0502083
0.0499074
0.0493403
0.0493403
0.0494097
0.0492245
0.0489931
3.84312e-318
0.0604167
0.0575694
0.0605093
0.0561921
0.0558565
0.0576736
0.0563542
0.0555324
3.84312e-318
0.078912
0.0791088
0.0763194
0.0787153
0.0723611
0.0738542
0.0696875
0.0702662
3.84312e-318
0.086794
0.0808218
0.0778588
0.0821296
0.0821875
0.0811111
0.0764468
0.0760764
3.84312e-318
0.0904051
0.0908912
0.0851736
0.0904861
0.0877083
0.0839468
0.0842361
0.0834375
3.84312e-318
0.0556134
0.0551042
0.055
0.0549653
0.0546412
0.0548032
0.054213
0.0549884
3.84312e-318
0.0139931
0.01375
0.0137037
0.0132986
0.0139005
0.0132639
0.0131944
0.0132292
3.84312e-318
0.00515046
0.00523148
0.00574074
0.00443287
0.00461806
0.00430556
0.00443287
0.00427083
3.84312e-318
0.0108333
0.0104861
0.0106481
0.0106019
0.0104167
0.0104167
0.00922454
0.00913194
3.84312e-318
0.0375
0.0364699
0.0363773
0.0360417
0.0364699
0.0359259
0.0356134
0.035
3.84312e-318
0.134606
0.13456
0.130544
0.130104
0.130243
0.129653
0.12941
0.12875
3.84312e-318
0.261389
0.255937
0.261875
0.251898
0.252627
0.250949
0.249734
0.251111
3.84312e-318
0.354722
0.352072
0.34522
0.35147
0.345845
0.346157
0.343241
0.344884
3.84312e-318
0.307512
0.304549
0.308218
0.303819
0.299745
0.298333
0.300116
0.299618
3.84312e-318
0.246863
0.246285
0.243507
0.244132
0.24191
0.242674
0.241354
0.240532
3.84312e-318
0.210012
0.208889
0.209722
0.209144
0.207731
0.205775
0.206678
0.206204
3.84312e-318
0.109502
0.108715
0.108877
0.106065
0.107627
0.106204
0.10794
0.107303
3.84312e-318
0.0140625
0.0138542
0.0143866
0.0140856
0.014294
0.0143171
0.0141898
0.0138542
3.84312e-318
0.000925926
0.00101852
0.00125
0.000868056
0.000868056
0.000983796
0.000868056
0.000868056
3.84312e-318
0
0
0.000162037
0.00025463
0.000162037
0
0.000335648
0.000115741
3.84312e-318
0
5.78704e-05
0.000138889
0
0
0.000115741
0.000381944
0
3.84312e-318
0
0
0.000162037
0
0.000115741
0.000162037
0.00025463
0.000335648
3.84312e-318
0.000115741
0.000138889
0
0.000381944
5.78704e-05
0
0
0
3.84312e-318
0
0.000162037
0
0.000162037
0.00025463
0
0.000115741
0.000335648
3.84312e-318
0
0.000381944
0.000115741
0
5.78704e-05
0.000138889
0
0
3.84312e-318
0.000335648
0.000115741
0
0.000162037
0.000162037
0
0
0.00025463
3.84312e-318
0.000115741
0
0
0
0.000138889
0.000381944
0
5.78704e-05
3.84312e-318
0.000335648
0
0.000115741
0.000162037
0.000162037
0
0
0.00025463
3.84312e-318
0.000659722
0.000277778
0.000416667
0.000393519
0.000277778
0.000277778
0.000335648
0.000277778
3.84312e-318
0.000115741
0.000335648
0
0
0
0.000162037
0.000162037
0.00025463
3.84312e-318
0.000115741
0.000381944
0
0
0.000138889
0
5.78704e-05
0
3.84312e-318
0.000162037
0
0.00025463
0
0
0.000115741
0.000335648
0.000162037
3.84312e-318
0
5.78704e-05
0.000150463
0
0.000115741
0.000381944
0
0
3.84312e-318
0.0418287
0.0392361
0.041956
0.0409375
0.0394213
0.0392593
0.038912
0.0387153
3.84312e-318
0.0542361
0.0576389
0.0546528
0.053831
0.0532986
0.0529398
0.0530556
0.0528472
3.84312e-318
0.0633912
0.0598727
0.0611806
0.0597454
0.0591667
0.0587616
0.0584028
0.0582523
3.84312e-318
0.0949653
0.0925694
0.0908681
0.0913542
0.0920255
0.0910995
0.0902778
0.0902431
3.84312e-318
0.164479
0.163495
0.165914
0.159583
0.1561
0.163449
0.162812
0.156065
3.84312e-318
0.195799
0.203588
0.197465
0.19191
0.196285
0.189549
0.193194
0.189884
3.84312e-318
0.206366
0.201759
0.199792
0.201493
0.198113
0.197454
0.197222
0.196123
3.84312e-318
0.192442
0.191597
0.192708
0.187049
0.18434
0.186458
0.183704
0.185243
3.84312e-318
0.209745
0.206308
0.201424
0.207604
0.201609
0.198391
0.199178
0.198021
3.84312e-318
0.209977
0.211447
0.2125
0.211701
0.211319
0.128495
0.135243
0.127708
3.84312e-318
0.21191
0.209826
0.205613
0.202303
0.204016
0.200023
0.199317
0.205937
3.84312e-318
0.246586
0.247604
0.238958
0.245729
0.241505
0.238403
0.236111
0.234687
3.84312e-318
0.253403
0.244965
0.24912
0.240671
0.244005
0.244745
0.24
0.2386
3.84312e-318
0.252188
0.245764
0.24272
0.244398
0.236111
0.239896
0.24162
0.237604
3.84312e-318
0.275035
0.264572
0.275162
0.273762
0.220625
0.244201
0.182303
0.165023
3.84312e-318
0.290127
0.289306
0.29022
0.27625
0.279653
0.272778
0.278333
0.272535
3.84312e-318
0.262523
0.25728
0.252037
0.253194
0.251007
0.247269
0.250532
0.248785
3.84312e-318
0.261609
0.255069
0.259271
0.256354
0.257766
0.251979
0.250694
0.246875
3.84312e-318
0.289329
0.287072
0.286528
0.285382
0.287037
0.276123
0.278171
0.278854
3.84312e-318
0.32059
0.321377
0.310104
0.315093
0.318299
0.310833
0.312199
0.308194
3.84312e-318
0.39603
0.388935
0.384155
0.383646
0.385868
0.38191
0.380509
0.380359
3.84312e-318
0.408646
0.407303
0.409769
0.397685
0.404213
0.398275
0.393611
0.396181
3.84312e-318
0.405301
0.397234
0.401238
0.399641
0.394942
0.396123
0.393264
0.392118
3.84312e-318
0.407731
0.399306
0.39838
0.39544
0.399653
0.399896
0.393113
0.392593
3.84312e-318
0.394132
0.394861
0.384248
0.389931
0.387512
0.378588
0.379988
0.383634
3.84312e-318
0.42853
0.42934
0.425961
0.417627
0.426447
0.427095
0.423113
0.419572
3.84312e-318
0.478877
0.484525
0.471852
0.4661
0.468993
0.467743
0.474352
0.463275
3.84312e-318
0.503819
0.490208
0.492708
0.495972
0.495544
0.483924
0.48412
0.484248
3.84312e-318
0.485475
0.488669
0.484873
0.48022
0.472743
0.475764
0.469329
0.472986
3.84312e-318
0.498171
0.511308
0.508322
0.503113
0.505093
0.489931
0.486771
0.484502
3.84312e-318
0.536111
0.528924
0.521563
0.517025
0.524641
0.519097
0.51265
0.510509
3.84312e-318
0.534687
0.53441
0.531782
0.536586
0.521667
0.526458
0.521146
0.516042
3.84312e-318
0.55316
0.56566
0.558495
0.555972
0.542859
0.544155
0.546366
0.535475
3.84312e-318
0.544259
0.53559
0.532106
0.530035
0.515532
0.524757
0.518715
0.514259
3.84312e-318
0.531563
0.528715
0.549502
0.539051
0.53331
0.516921
0.521944
0.512627
3.84312e-318
0.518958
0.522118
0.510625
0.505938
0.494028
0.498542
0.493565
0.507512
3.84312e-318
0.5289
0.517708
0.507905
0.514005
0.497836
0.515799
0.503993
0.497419
3.84312e-318
0.543194
0.550347
0.540208
0.535694
0.515984
0.529988
0.520208
0.508715
3.84312e-318
0.498623
0.495995
0.494618
0.488495
0.482442
0.469444
0.476944
0.473461
3.84312e-318
0.466285
0.453715
0.463333
0.448588
0.449468
0.459618
0.441563
0.439826
3.84312e-318
0.473912
0.459005
0.450822
0.454016
0.461852
0.448819
0.436782
0.442639
3.84312e-318
0.426597
0.419514
0.420729
0.429722
0.418264
0.41015
0.408252
0.40184
3.84312e-318
0.406076
0.399826
0.398935
0.393877
0.397512
0.388322
0.389398
0.383229
3.84312e-318
0.448206
0.444375
0.426806
0.420139
0.432257
0.416134
0.411794
0.427789
3.84312e-318
0.402222
0.387778
0.390856
0.396551
0.385972
0.37919
0.377199
0.375243
3.84312e-318
0.401123
0.395509
0.39794
0.392384
0.37912
0.38397
0.371308
0.366736
3.84312e-318
0.35434
0.349375
0.33919
0.344826
0.335417
0.33162
0.324468
0.325046
3.84312e-318
0.319688
0.30897
0.307245
0.295069
0.317326
0.305995
0.289931
0.297222
3.84312e-318
0.285556
0.297361
0.2775
0.266667
0.287662
0.280752
0.270718
0.281817
3.84312e-318
0.263426
0.256319
0.259329
0.254745
0.251146
0.247986
0.243021
0.242083
3.84312e-318
0.245243
0.237512
0.231933
0.230868
0.235799
0.230208
0.223981
0.224502
3.84312e-318
0.289294
0.290382
0.295104
0.291042
0.288391
0.263299
0.276562
0.278229
3.84312e-318
0.24272
0.229225
0.239884
0.236285
0.241042
0.232639
0.223553
0.219062
3.84312e-318
