0.0468403
0.0467014
1.82804e-322
0.0750231
0.0709375
1.82804e-322
0.102986
0.105579
1.82804e-322
0.127662
0.124271
1.82804e-322
0.132778
0.134942
1.82804e-322
0.141563
0.139306
1.82804e-322
0.157465
0.158275
1.82804e-322
0.158206
0.155972
1.82804e-322
0.16081
0.158403
1.82804e-322
0.166007
0.167581
1.82804e-322
0.170637
0.168368
1.82804e-322
0.168576
0.169977
1.82804e-322
0.171331
0.169028
1.82804e-322
0.169583
0.170914
1.82804e-322
0.169248
0.167778
1.82804e-322
0.165637
0.164965
1.82804e-322
0.164271
0.164595
1.82804e-322
0.167338
0.166597
1.82804e-322
0.175671
0.174861
1.82804e-322
0.183032
0.182153
1.82804e-322
0.186076
0.186296
1.82804e-322
0.18515
0.18441
1.82804e-322
0.181146
0.181505
1.82804e-322
0.179965
0.179178
1.82804e-322
0.174491
0.174537
1.82804e-322
0.172373
0.172627
1.82804e-322
0.177222
0.176273
1.82804e-322
0.182778
0.18169
1.82804e-322
0.200394
0.198877
1.82804e-322
0.229167
0.229144
1.82804e-322
0.255428
0.252986
1.82804e-322
0.284317
0.283542
1.82804e-322
0.293634
0.292674
1.82804e-322
0.301829
0.300394
1.82804e-322
0.30772
0.307384
1.82804e-322
0.301505
0.299444
1.82804e-322
0.294525
0.292882
1.82804e-322
0.28735
0.284838
1.82804e-322
0.280972
0.281053
1.82804e-322
0.268449
0.266933
1.82804e-322
0.267211
0.265081
1.82804e-322
0.265475
0.264144
1.82804e-322
0.268356
0.266539
1.82804e-322
0.271262
0.270116
1.82804e-322
0.273299
0.272153
1.82804e-322
0.273669
0.273576
1.82804e-322
0.275926
0.275637
1.82804e-322
0.273252
0.271713
1.82804e-322
0.269109
0.268669
1.82804e-322
0.264699
0.264294
1.82804e-322
0.260035
0.259387
1.82804e-322
0.255891
0.254491
1.82804e-322
0.250787
0.248449
1.82804e-322
0.24544
0.243935
1.82804e-322
0.240648
0.239109
1.82804e-322
0.236829
0.234873
1.82804e-322
0.236574
0.234734
1.82804e-322
0.231389
0.23088
1.82804e-322
0.226771
0.226192
1.82804e-322
0.223646
0.223484
1.82804e-322
0.220625
0.220637
1.82804e-322
0.217685
0.215833
1.82804e-322
0.212303
0.210764
1.82804e-322
0.21015
0.208611
1.82804e-322
0.212292
0.210949
1.82804e-322
0.208715
0.207755
1.82804e-322
0.206227
0.205208
1.82804e-322
0.204398
0.204306
1.82804e-322
0.202338
0.200833
1.82804e-322
0.200532
0.199549
1.82804e-322
0.199803
0.198368
1.82804e-322
0.197303
0.19566
1.82804e-322
0.193299
0.192442
1.82804e-322
0.195243
0.195116
1.82804e-322
0.190914
0.189757
1.82804e-322
0.189028
0.189005
1.82804e-322
0.186701
0.185914
1.82804e-322
0.18588
0.184826
1.82804e-322
0.182917
0.182616
1.82804e-322
0.178669
0.178264
1.82804e-322
0.178264
0.176863
1.82804e-322
0.177234
0.17625
1.82804e-322
0.173472
0.173171
1.82804e-322
0.172535
0.171586
1.82804e-322
0.169618
0.16853
1.82804e-322
0.166678
0.165556
1.82804e-322
0.164757
0.164491
1.82804e-322
0.162361
0.162095
1.82804e-322
0.161771
0.160671
1.82804e-322
0.164931
0.164039
1.82804e-322
0.160336
0.158507
1.82804e-322
0.158299
0.158299
1.82804e-322
0.160799
0.160799
1.82804e-322
0.167431
0.167431
1.82804e-322
0.172604
0.172604
1.82804e-322
0.179063
0.179063
1.82804e-322
0.178646
0.178646
1.82804e-322
0.177153
0.177153
1.82804e-322
0.172465
0.172338
1.82804e-322
0.16963
0.16963
1.82804e-322
0.164699
0.164699
1.82804e-322
0.161609
0.161609
1.82804e-322
0.16213
0.16213
1.82804e-322
0.163137
0.163137
1.82804e-322
0.162674
0.162674
1.82804e-322
0.160729
0.160729
1.82804e-322
0.155382
0.155382
1.82804e-322
0.153993
0.153993
1.82804e-322
0.154444
0.154444
1.82804e-322
0.155104
0.155104
1.82804e-322
0.155
0.155
1.82804e-322
0.155718
0.155718
1.82804e-322
0.156377
0.156377
1.82804e-322
0.157975
0.157975
1.82804e-322
0.158009
0.158009
1.82804e-322
0.160382
0.160382
1.82804e-322
0.158623
0.158623
1.82804e-322
0.156586
0.156586
1.82804e-322
0.1575
0.1575
1.82804e-322
0.157917
0.157917
1.82804e-322
0.158762
0.158762
1.82804e-322
0.159028
0.159028
1.82804e-322
0.158808
0.158808
1.82804e-322
0.162488
0.162488
1.82804e-322
0.162627
0.162627
1.82804e-322
0.16287
0.16287
1.82804e-322
0.161933
0.161933
1.82804e-322
0.162211
0.162211
1.82804e-322
0.16566
0.16566
1.82804e-322
0.167083
0.167083
1.82804e-322
0.170521
0.170521
1.82804e-322
0.170671
0.170671
1.82804e-322
0.173067
0.173067
1.82804e-322
0.174653
0.174653
1.82804e-322
0.178565
0.178565
1.82804e-322
0.187419
0.187419
1.82804e-322
0.202569
0.202569
1.82804e-322
0.217199
0.217199
1.82804e-322
0.230937
0.230937
1.82804e-322
0.235891
0.235891
1.82804e-322
0.248044
0.248044
1.82804e-322
0.267118
0.265532
1.82804e-322
0.289977
0.287847
1.82804e-322
0.308171
0.305208
1.82804e-322
0.327708
0.325718
1.82804e-322
0.342187
0.340683
1.82804e-322
0.354653
0.352963
1.82804e-322
0.365312
0.363935
1.82804e-322
0.392118
0.388704
1.82804e-322
0.397488
0.396424
1.82804e-322
0.403796
0.402083
1.82804e-322
0.409097
0.408275
1.82804e-322
0.417512
0.415069
1.82804e-322
0.423137
0.421458
1.82804e-322
0.429167
0.42838
1.82804e-322
0.433484
0.43125
1.82804e-322
0.448021
0.447442
1.82804e-322
0.444942
0.443229
1.82804e-322
0.440799
0.440602
1.82804e-322
0.442512
0.440278
1.82804e-322
0.440255
0.439028
1.82804e-322
0.44022
0.439097
1.82804e-322
0.43875
0.437824
1.82804e-322
0.437164
0.435937
1.82804e-322
0.443021
0.441991
1.82804e-322
0.44015
0.438889
1.82804e-322
0.437917
0.437407
1.82804e-322
0.446169
0.44463
1.82804e-322
0.454317
0.452639
1.82804e-322
0.461817
0.460278
1.82804e-322
0.46816
0.467928
1.82804e-322
0.473993
0.473171
1.82804e-322
0.478125
0.477512
1.82804e-322
0.501586
0.499653
1.82804e-322
0.501042
0.500706
1.82804e-322
0.502095
0.500694
1.82804e-322
0.502153
0.501227
1.82804e-322
0.504595
0.502014
1.82804e-322
0.505845
0.504514
1.82804e-322
0.505417
0.50412
1.82804e-322
0.508819
0.507477
1.82804e-322
0.525544
0.522627
1.82804e-322
0.520197
0.51787
1.82804e-322
0.518866
0.51684
1.82804e-322
0.514097
0.512477
1.82804e-322
0.509201
0.507083
1.82804e-322
0.505694
0.504225
1.82804e-322
0.502188
0.5
1.82804e-322
0.500799
0.499792
1.82804e-322
0.505972
0.503611
1.82804e-322
0.502257
0.500868
1.82804e-322
0.506458
0.504271
1.82804e-322
0.508646
0.507535
1.82804e-322
0.510312
0.508125
1.82804e-322
0.514745
0.510475
1.82804e-322
0.513218
0.509433
1.82804e-322
0.512454
0.510822
1.82804e-322
0.517419
0.516169
1.82804e-322
0.538461
0.535544
1.82804e-322
0.538738
0.53669
1.82804e-322
0.540995
0.537766
1.82804e-322
0.538287
0.535023
1.82804e-322
0.548958
0.545243
1.82804e-322
0.552222
0.551042
1.82804e-322
0.558924
0.557292
1.82804e-322
0.55816
0.556701
1.82804e-322
0.595243
0.588889
1.82804e-322
0.586875
0.584132
1.82804e-322
0.585625
0.581285
1.82804e-322
0.582847
0.580764
1.82804e-322
0.580382
0.57816
1.82804e-322
0.574792
0.569965
1.82804e-322
0.56875
0.566806
1.82804e-322
0.564028
0.562292
1.82804e-322
0.581806
0.575208
1.82804e-322
0.566076
0.565139
1.82804e-322
0.562639
0.559653
1.82804e-322
0.558183
0.552951
1.82804e-322
0.552361
0.551111
1.82804e-322
0.552118
0.545729
1.82804e-322
0.545556
0.545556
1.82804e-322
0.545556
0.545556
1.82804e-322
0.547083
0.547083
1.82804e-322
0.548056
0.544931
1.82804e-322
0.541736
0.541736
1.82804e-322
0.542535
0.542535
1.82804e-322
0.544132
0.544132
1.82804e-322
0.544965
0.544965
1.82804e-322
0.545312
0.545312
1.82804e-322
0.545312
0.545312
1.82804e-322
0.546285
0.546285
1.82804e-322
0.54691
0.54691
1.82804e-322
0.547188
0.547188
1.82804e-322
0.547083
0.547083
1.82804e-322
0.547847
0.547847
1.82804e-322
0.548507
0.548507
1.82804e-322
0.549514
0.549514
1.82804e-322
0.551181
0.551181
1.82804e-322
0.551389
0.551389
1.82804e-322
0.546875
0.546875
1.82804e-322
0.547326
0.547326
1.82804e-322
0.547917
0.547917
1.82804e-322
0.545625
0.545625
1.82804e-322
0.548194
0.548194
1.82804e-322
0.546736
0.546736
1.82804e-322
0.545139
0.545139
1.82804e-322
0.544618
0.544618
1.82804e-322
0.544965
0.544965
1.82804e-322
0.539815
0.539815
1.82804e-322
0.540405
0.540405
1.82804e-322
0.540093
0.540093
1.82804e-322
0.539988
0.539988
1.82804e-322
0.5411
0.541065
1.82804e-322
0.539167
0.539155
1.82804e-322
0.538565
0.538565
1.82804e-322
0.538669
0.538669
1.82804e-322
0.533634
0.533634
1.82804e-322
0.534502
0.534502
1.82804e-322
0.535405
0.535405
1.82804e-322
0.535926
0.535926
1.82804e-322
0.538565
0.538565
1.82804e-322
0.538426
0.538426
1.82804e-322
0.537384
0.537384
1.82804e-322
0.541933
0.541933
1.82804e-322
0.539398
0.539398
1.82804e-322
0.544051
0.544051
1.82804e-322
0.548148
0.548148
1.82804e-322
0.55287
0.55287
1.82804e-322
0.555961
0.555961
1.82804e-322
0.560162
0.560162
1.82804e-322
0.565336
0.565336
1.82804e-322
0.571146
0.570995
1.82804e-322
0.574468
0.574479
1.82804e-322
0.583368
0.583125
1.82804e-322
0.584919
0.584688
1.82804e-322
0.58706
0.586887
1.82804e-322
0.590718
0.58875
1.82804e-322
0.590266
0.588299
1.82804e-322
0.587222
0.587234
1.82804e-322
0.587245
0.587245
1.82804e-322
0.587187
0.590579
1.82804e-322
0.582963
0.582951
1.82804e-322
0.583866
0.583866
1.82804e-322
0.583981
0.583981
1.82804e-322
0.58485
0.58485
1.82804e-322
0.584919
0.584919
1.82804e-322
0.584954
0.584954
1.82804e-322
0.585197
0.585197
1.82804e-322
0.584664
0.584641
1.82804e-322
0.580081
0.580081
1.82804e-322
0.583623
0.583623
1.82804e-322
0.582928
0.582928
1.82804e-322
0.583935
0.583935
1.82804e-322
0.578056
0.578056
1.82804e-322
0.579433
0.579433
1.82804e-322
0.579884
0.579884
1.82804e-322
0.579942
0.579931
1.82804e-322
0.581007
0.581007
1.82804e-322
0.582674
0.582674
1.82804e-322
0.583507
0.583507
1.82804e-322
0.584236
0.584236
1.82804e-322
0.577697
0.577697
1.82804e-322
0.581586
0.581586
1.82804e-322
0.581053
0.581053
1.82804e-322
0.580336
0.580324
1.82804e-322
0.57838
0.57838
1.82804e-322
0.57684
0.57684
1.82804e-322
0.576968
0.576968
1.82804e-322
0.57669
0.57669
1.82804e-322
0.578333
0.578333
1.82804e-322
0.579792
0.579792
1.82804e-322
0.581215
0.581215
1.82804e-322
0.58309
0.58309
1.82804e-322
0.586748
0.586748
1.82804e-322
0.585243
0.585243
1.82804e-322
0.585289
0.585289
1.82804e-322
0.585428
0.585428
1.82804e-322
0.585116
0.585116
1.82804e-322
0.582384
0.582384
1.82804e-322
0.582095
0.582095
1.82804e-322
0.583877
0.583877
1.82804e-322
0.582176
0.582176
1.82804e-322
0.5836
0.5836
1.82804e-322
0.58419
0.58419
1.82804e-322
0.585683
0.585683
1.82804e-322
0.586505
0.586505
1.82804e-322
0.579792
0.579792
1.82804e-322
0.581806
0.581806
1.82804e-322
0.581424
0.581424
1.82804e-322
0.581146
0.581146
1.82804e-322
0.581736
0.581736
1.82804e-322
0.582049
0.582049
1.82804e-322
0.582049
0.582049
1.82804e-322
0.5836
0.5836
1.82804e-322
0.58022
0.58022
1.82804e-322
0.581204
0.581204
1.82804e-322
0.576447
0.576447
1.82804e-322
0.577523
0.577523
1.82804e-322
0.578947
0.578947
1.82804e-322
0.578854
0.578854
1.82804e-322
0.577778
0.577778
1.82804e-322
0.578264
0.578264
1.82804e-322
0.577847
0.577847
1.82804e-322
0.577847
0.577847
1.82804e-322
0.577361
0.577361
1.82804e-322
0.572859
0.572859
1.82804e-322
0.572859
0.572859
1.82804e-322
0.573692
0.573692
1.82804e-322
0.574167
0.574167
1.82804e-322
0.575208
0.575208
1.82804e-322
0.575486
0.575486
1.82804e-322
0.575903
0.575903
1.82804e-322
0.575671
0.575671
1.82804e-322
0.573692
0.573692
1.82804e-322
0.57463
0.57463
1.82804e-322
0.573333
0.573333
1.82804e-322
0.572812
0.572812
1.82804e-322
0.573634
0.573634
1.82804e-322
0.5736
0.5736
1.82804e-322
0.572766
0.572766
1.82804e-322
0.573044
0.573044
1.82804e-322
0.569769
0.569769
1.82804e-322
0.57088
0.57088
1.82804e-322
0.572303
0.572303
1.82804e-322
0.574664
0.574664
1.82804e-322
0.57463
0.57463
1.82804e-322
0.573866
0.573866
1.82804e-322
0.574525
0.574525
1.82804e-322
0.574942
0.574942
1.82804e-322
0.575602
0.575602
1.82804e-322
0.569491
0.569491
1.82804e-322
0.570324
0.570324
1.82804e-322
0.569005
0.569005
1.82804e-322
0.56897
0.56897
1.82804e-322
0.570081
0.570081
1.82804e-322
0.571713
0.571713
1.82804e-322
0.572662
0.57265
1.82804e-322
0.572824
0.572824
1.82804e-322
0.575475
0.575475
1.82804e-322
0.573981
0.573981
1.82804e-322
0.575475
0.575475
1.82804e-322
0.576065
0.576065
1.82804e-322
0.575648
0.575648
1.82804e-322
0.57485
0.57485
1.82804e-322
0.573287
0.573287
1.82804e-322
0.573843
0.573843
1.82804e-322
0.571157
0.571157
1.82804e-322
0.569769
0.569769
1.82804e-322
0.5689
0.568889
1.82804e-322
0.568611
0.5686
1.82804e-322
0.569225
0.569201
1.82804e-322
0.570683
0.570683
1.82804e-322
0.568912
0.568912
1.82804e-322
0.571238
0.571204
1.82804e-322
0.571215
0.571215
1.82804e-322
0.57434
0.574329
1.82804e-322
0.574248
0.574259
1.82804e-322
0.574363
0.574398
1.82804e-322
0.575787
0.575787
1.82804e-322
0.57537
0.57537
1.82804e-322
0.576412
0.576412
1.82804e-322
0.577211
0.577211
1.82804e-322
0.576725
0.576725
1.82804e-322
0.572801
0.572801
1.82804e-322
0.573426
0.573426
1.82804e-322
0.573519
0.573519
1.82804e-322
0.573553
0.573553
1.82804e-322
0.573831
0.573831
1.82804e-322
0.574907
0.574907
1.82804e-322
0.575602
0.575602
1.82804e-322
0.57588
0.57588
1.82804e-322
0.574074
0.574074
1.82804e-322
0.575984
0.575984
1.82804e-322
0.577106
0.577106
1.82804e-322
0.577558
0.577558
1.82804e-322
0.577697
0.577697
1.82804e-322
0.576377
0.576377
1.82804e-322
0.575093
0.575093
1.82804e-322
0.575961
0.575961
1.82804e-322
0.576065
0.576065
1.82804e-322
0.575984
0.575984
1.82804e-322
0.575463
0.575463
1.82804e-322
0.576331
0.576331
1.82804e-322
0.577824
0.577824
1.82804e-322
0.579965
0.579954
1.82804e-322
0.58213
0.582141
1.82804e-322
0.58191
0.581898
1.82804e-322
0.581562
0.581551
1.82804e-322
0.580891
0.58088
1.82804e-322
0.582859
0.58287
1.82804e-322
0.583935
0.583935
1.82804e-322
0.5839
0.5839
1.82804e-322
0.585602
0.585602
1.82804e-322
0.58515
0.58515
1.82804e-322
0.584387
0.584387
1.82804e-322
0.582766
0.582755
1.82804e-322
0.5736
0.5736
1.82804e-322
0.573785
0.573785
1.82804e-322
0.573056
0.573056
1.82804e-322
0.572396
0.572396
1.82804e-322
0.5736
0.5736
1.82804e-322
0.574294
0.574294
1.82804e-322
0.572847
0.572847
1.82804e-322
0.574132
0.574132
1.82804e-322
0.573368
0.573368
1.82804e-322
0.574688
0.574688
1.82804e-322
0.577118
0.577118
1.82804e-322
0.578333
0.578333
1.82804e-322
0.58059
0.58059
1.82804e-322
0.581725
0.581725
1.82804e-322
0.58412
0.58412
1.82804e-322
0.586123
0.586123
1.82804e-322
0.587755
0.587755
1.82804e-322
0.583287
0.583287
1.82804e-322
0.584086
0.584086
1.82804e-322
0.582731
0.582731
1.82804e-322
0.582558
0.582558
1.82804e-322
0.583241
0.583241
1.82804e-322
0.583646
0.583646
1.82804e-322
0.582812
0.582812
1.82804e-322
0.579826
0.579826
1.82804e-322
0.570104
0.570104
1.82804e-322
0.570289
0.570289
1.82804e-322
0.567627
0.567627
1.82804e-322
0.56662
0.56662
1.82804e-322
0.564803
0.564803
1.82804e-322
0.564549
0.564549
1.82804e-322
0.564861
0.564861
1.82804e-322
0.564884
0.564884
1.82804e-322
0.565359
0.565359
1.82804e-322
0.565903
0.565903
1.82804e-322
0.568831
0.568831
1.82804e-322
0.569132
0.569132
1.82804e-322
0.570729
0.570729
1.82804e-322
0.575787
0.575787
1.82804e-322
0.580775
0.580775
1.82804e-322
0.587639
0.587639
1.82804e-322
0.595058
0.595058
1.82804e-322
0.603553
0.603553
1.82804e-322
0.6086
0.6086
1.82804e-322
0.614086
0.614086
1.82804e-322
0.617199
0.617199
1.82804e-322
0.625914
0.625914
1.82804e-322
0.632998
0.632998
1.82804e-322
0.639919
0.639919
1.82804e-322
0.645174
0.645174
1.82804e-322
0.636563
0.636563
1.82804e-322
0.641354
0.641354
1.82804e-322
0.641678
0.641678
1.82804e-322
0.63544
0.63544
1.82804e-322
0.633437
0.633437
1.82804e-322
0.632373
0.632373
1.82804e-322
0.624398
0.624352
1.82804e-322
0.617477
0.617477
1.82804e-322
0.62037
0.62037
1.82804e-322
0.619537
0.620278
1.82804e-322
0.616782
0.614213
1.82804e-322
0.616563
0.616563
1.82804e-322
0.615289
0.615289
1.82804e-322
0.611748
0.611748
1.82804e-322
0.630069
0.622882
1.82804e-322
0.641736
0.63463
1.82804e-322
0.641782
0.635914
1.82804e-322
0.657801
0.650046
1.82804e-322
0.674259
0.666366
1.82804e-322
0.682303
0.673403
1.82804e-322
0.695046
0.689919
1.82804e-322
0.709248
0.703472
1.82804e-322
0.711829
0.706644
1.82804e-322
0.721713
0.71691
1.82804e-322
0.734259
0.731748
1.82804e-322
0.743403
0.737639
1.82804e-322
0.72537
0.71897
1.82804e-322
0.728079
0.721829
1.82804e-322
0.749468
0.745498
1.82804e-322
0.749687
0.745012
1.82804e-322
0.760428
0.754259
1.82804e-322
0.768785
0.764109
1.82804e-322
0.780336
0.778611
1.82804e-322
0.779294
0.775856
1.82804e-322
0.783299
0.778785
1.82804e-322
0.785729
0.782813
1.82804e-322
0.785891
0.782581
1.82804e-322
0.805035
0.80191
1.82804e-322
0.796586
0.79206
1.82804e-322
0.789479
0.784757
1.82804e-322
0.787801
0.784687
1.82804e-322
0.779294
0.775023
1.82804e-322
0.776447
0.773785
1.82804e-322
0.770104
0.765486
1.82804e-322
0.76125
0.756308
1.82804e-322
0.757396
0.752674
1.82804e-322
0.748322
0.74397
1.82804e-322
0.771736
0.764375
1.82804e-322
0.798808
0.794653
1.82804e-322
0.808461
0.803912
1.82804e-322
0.803912
0.797951
1.82804e-322
0.802928
0.795428
1.82804e-322
0.79515
0.790231
1.82804e-322
0.788704
0.781319
1.82804e-322
0.788449
0.783113
1.82804e-322
0.782292
0.77809
1.82804e-322
0.789086
0.781042
1.82804e-322
0.790637
0.785868
1.82804e-322
0.785093
0.781944
1.82804e-322
0.778669
0.773924
1.82804e-322
0.76235
0.756458
1.82804e-322
0.73919
0.735231
1.82804e-322
0.71647
0.7114
1.82804e-322
0.697361
0.694097
1.82804e-322
0.699016
0.694826
1.82804e-322
0.690208
0.681574
1.82804e-322
0.682141
0.678426
1.82804e-322
0.70103
0.691412
1.82804e-322
0.691354
0.686586
1.82804e-322
0.699653
0.693611
1.82804e-322
0.699167
0.694016
1.82804e-322
0.682535
0.674861
1.82804e-322
0.669745
0.663646
1.82804e-322
0.684167
0.677118
1.82804e-322
0.703345
0.696319
1.82804e-322
0.692187
0.686215
1.82804e-322
0.699792
0.690509
1.82804e-322
0.697326
0.6925
1.82804e-322
0.703507
0.696377
1.82804e-322
0.733738
0.725544
1.82804e-322
0.742153
0.735544
1.82804e-322
0.743993
0.738993
1.82804e-322
0.732627
0.727326
1.82804e-322
0.728634
0.722303
1.82804e-322
0.725926
0.720498
1.82804e-322
0.720174
0.715891
1.82804e-322
0.735417
0.730255
1.82804e-322
0.714178
0.711285
1.82804e-322
0.694641
0.690428
1.82804e-322
0.688194
0.683345
1.82804e-322
0.693044
0.686632
1.82804e-322
0.698785
0.690301
1.82804e-322
0.703576
0.694907
1.82804e-322
0.696863
0.688646
1.82804e-322
0.705451
0.696424
1.82804e-322
0.713299
0.702315
1.82804e-322
0.731354
0.72044
1.82804e-322
0.723553
0.71419
1.82804e-322
0.713681
0.705486
1.82804e-322
0.705208
0.696343
1.82804e-322
0.692708
0.684028
1.82804e-322
0.679271
0.672373
1.82804e-322
0.655231
0.649016
1.82804e-322
0.644225
0.636319
1.82804e-322
0.640428
0.630637
1.82804e-322
0.630891
0.622338
1.82804e-322
0.624769
0.615741
1.82804e-322
0.617477
0.610093
1.82804e-322
0.608866
0.601262
1.82804e-322
0.594988
0.587465
1.82804e-322
0.585729
0.577049
1.82804e-322
0.564329
0.557986
1.82804e-322
0.550671
0.544248
1.82804e-322
0.55088
0.541516
1.82804e-322
0.546308
0.53662
1.82804e-322
0.541539
0.535718
1.82804e-322
0.561667
0.552639
1.82804e-322
0.551042
0.543796
1.82804e-322
0.546771
0.538958
1.82804e-322
0.521424
0.514919
1.82804e-322
0.510509
0.502454
1.82804e-322
0.495139
0.489063
1.82804e-322
0.486609
0.479491
1.82804e-322
0.47809
0.483542
1.82804e-322
0.473692
0.467685
1.82804e-322
0.48015
0.473657
1.82804e-322
0.468079
0.460961
1.82804e-322
0.437118
0.43316
1.82804e-322
0.431181
0.424653
1.82804e-322
0.400961
0.395093
1.82804e-322
0.388148
0.382141
1.82804e-322
0.361586
0.35787
1.82804e-322
0.350243
0.346979
1.82804e-322
0.352338
0.349525
1.82804e-322
0.353785
0.346979
1.82804e-322
0.355301
0.349722
1.82804e-322
0.358021
0.353611
1.82804e-322
0.372674
0.366493
1.82804e-322
0.373345
0.368519
1.82804e-322
0.390486
0.386377
1.82804e-322
0.408264
0.40294
1.82804e-322
0.439919
0.435961
1.82804e-322
0.47522
0.469491
1.82804e-322
0.497755
0.494525
1.82804e-322
0.520613
0.515023
1.82804e-322
0.534583
0.530833
1.82804e-322
0.537801
0.534282
1.82804e-322
0.544144
0.539213
1.82804e-322
0.585544
0.58206
1.82804e-322
0.588715
0.583194
1.82804e-322
0.567303
0.560012
1.82804e-322
0.553241
0.548032
1.82804e-322
0.528287
0.523738
1.82804e-322
0.508854
0.501111
1.82804e-322
0.49309
0.487847
1.82804e-322
0.447118
0.443646
1.82804e-322
0.429375
0.4261
1.82804e-322
0.411308
0.404502
1.82804e-322
0.382616
0.379491
1.82804e-322
0.361308
0.35662
1.82804e-322
0.343843
0.342176
1.82804e-322
0.340289
0.336111
1.82804e-322
0.327315
0.323981
1.82804e-322
0.302569
0.299375
1.82804e-322
0.279699
0.277269
1.82804e-322
0.248322
0.247211
1.82804e-322
0.225775
0.2239
1.82804e-322
0.205359
0.202755
1.82804e-322
0.181366
0.179248
1.82804e-322
0.163611
0.162083
1.82804e-322
0.150637
0.148866
1.82804e-322
0.143519
0.141991
1.82804e-322
0.139109
0.136887
1.82804e-322
0.13566
0.133785
1.82804e-322
0.132025
0.130174
1.82804e-322
0.136817
0.133657
1.82804e-322
0.126736
0.125069
1.82804e-322
0.123762
0.122338
1.82804e-322
0.122407
0.121366
1.82804e-322
0.119722
0.117813
1.82804e-322
0.118472
0.117153
1.82804e-322
0.153264
0.151968
1.82804e-322
0.19838
0.195775
1.82804e-322
0.25
0.248229
1.82804e-322
0.308021
0.306701
1.82804e-322
0.358993
0.356563
1.82804e-322
0.412187
0.410139
1.82804e-322
0.451528
0.447188
1.82804e-322
0.481875
0.475972
1.82804e-322
0.486285
0.481875
1.82804e-322
0.475868
0.473021
1.82804e-322
0.46566
0.46066
1.82804e-322
0.442951
0.439653
1.82804e-322
0.404444
0.400347
1.82804e-322
0.358588
0.355428
1.82804e-322
0.344201
0.342778
1.82804e-322
0.314016
0.311968
1.82804e-322
0.276065
0.274641
1.82804e-322
0.242674
0.24125
1.82804e-322
0.228032
0.22713
1.82804e-322
0.201181
0.199236
1.82804e-322
0.173993
0.170313
1.82804e-322
0.149306
0.148576
1.82804e-322
0.127535
0.125521
1.82804e-322
0.106065
0.105451
1.82804e-322
0.0858565
0.0850579
1.82804e-322
0.0727083
0.0715972
1.82804e-322
0.0673611
0.0660069
1.82804e-322
0.0638889
0.0626042
1.82804e-322
0.0667361
0.0643056
1.82804e-322
0.0592014
0.0582292
1.82804e-322
0.0554861
0.0554861
1.82804e-322
0.0558449
0.0547338
1.82804e-322
0.0607986
0.0592014
1.82804e-322
0.0743403
0.0722222
1.82804e-322
0.0973611
0.0954167
1.82804e-322
0.119028
0.115799
1.82804e-322
0.149039
0.145046
1.82804e-322
0.16816
0.165764
1.82804e-322
0.19066
0.188264
1.82804e-322
0.215035
0.2175
1.82804e-322
0.248657
0.244479
1.82804e-322
0.280185
0.27316
1.82804e-322
0.306806
0.303403
1.82804e-322
0.307847
0.305174
1.82804e-322
0.327917
0.32434
1.82804e-322
0.335185
0.332234
1.82804e-322
0.331273
0.329086
1.82804e-322
0.328437
0.326111
1.82804e-322
0.322465
0.319815
1.82804e-322
0.320336
0.316979
1.82804e-322
0.284826
0.288634
1.82804e-322
0.285799
0.28294
1.82804e-322
0.286759
0.284062
1.82804e-322
0.284178
0.281701
1.82804e-322
0.277708
0.276088
1.82804e-322
0.266458
0.265961
1.82804e-322
0.244907
0.242836
1.82804e-322
0.219838
0.217211
1.82804e-322
0.190671
0.190336
1.82804e-322
0.164086
0.163623
1.82804e-322
0.142535
0.141956
1.82804e-322
0.119595
0.118993
1.82804e-322
0.0959259
0.0948958
1.82804e-322
0.0735069
0.0732523
1.82804e-322
0.0528009
0.0521875
1.82804e-322
0.041956
0.0428009
1.82804e-322
0.0328009
0.0327315
1.82804e-322
0.0250231
0.0246759
1.82804e-322
0.0186806
0.0186343
1.82804e-322
0.0220023
0.0217361
1.82804e-322
0.0179514
0.0173495
1.82804e-322
0.0159606
0.0151389
1.82804e-322
0.0139468
0.0144444
1.82804e-322
0.0131597
0.0132523
1.82804e-322
0.0126968
0.0115625
1.82804e-322
0.010787
0.0105208
1.82804e-322
0.0103472
0.0100579
1.82804e-322
0.00940972
0.00894676
1.82804e-322
0.0105093
0.00975694
1.82804e-322
0.00873843
0.00819444
1.82804e-322
0.00746528
0.00755787
1.82804e-322
0.00665509
0.00635417
1.82804e-322
0.00731481
0.00711806
1.82804e-322
0.00769676
0.00791667
1.82804e-322
0.00766204
0.006875
1.82804e-322
0.00733796
0.00736111
1.82804e-322
0.00829861
0.00798611
1.82804e-322
0.00774306
0.00783565
1.82804e-322
0.0156481
0.0141319
1.82804e-322
0.0317014
0.0308218
1.82804e-322
0.0472801
0.0462153
1.82804e-322
0.0606481
0.0589236
1.82804e-322
0.0655556
0.0645255
1.82804e-322
0.0727431
0.0708565
1.82804e-322
0.077037
0.0748958
1.82804e-322
0.0769792
0.0735648
1.82804e-322
0.0855903
0.0831134
1.82804e-322
0.0848611
0.0813426
1.82804e-322
0.0913079
0.088125
1.82804e-322
0.0957176
0.0941319
1.82804e-322
0.106725
0.105174
1.82804e-322
0.106134
0.104653
1.82804e-322
0.0951736
0.0937037
1.82804e-322
0.0812616
0.079456
1.82804e-322
0.0791782
0.0772569
1.82804e-322
0.0752662
0.0727778
1.82804e-322
0.0625
0.060463
1.82804e-322
0.0529398
0.0509722
1.82804e-322
0.0430556
0.0418981
1.82804e-322
0.0400347
0.0393287
1.82804e-322
0.0349537
0.0346991
1.82804e-322
0.0298148
0.0294444
1.82804e-322
0.0288542
0.0289815
1.82804e-322
0.0244792
0.0247454
1.82804e-322
0.0192014
0.0194329
1.82804e-322
0.0114815
0.0113542
1.82804e-322
0.010787
0.0103472
1.82804e-322
0.00907407
0.00861111
1.82804e-322
0.00939815
0.00888889
1.82804e-322
0.0096875
0.00908565
1.82804e-322
0.0130903
0.0127662
1.82804e-322
0.0165972
0.0159606
1.82804e-322
0.0183912
0.0174306
1.82804e-322
0.0162731
0.0157292
1.82804e-322
0.0162037
0.0159028
1.82804e-322
0.018669
0.0182986
1.82804e-322
0.0143981
0.0142361
1.82804e-322
0.018669
0.0180208
1.82804e-322
0.0439236
0.0423843
1.82804e-322
0.0609375
0.0595718
1.82804e-322
0.0693403
0.0662731
1.82804e-322
0.0680903
0.0657176
1.82804e-322
0.0673611
0.0662384
1.82804e-322
0.0647454
0.0635417
1.82804e-322
0.073044
0.0701042
1.82804e-322
0.0790856
0.0781597
1.82804e-322
0.0781481
0.0780556
1.82804e-322
0.0639468
0.0636806
1.82804e-322
0.049375
0.0493634
1.82804e-322
0.0310995
0.0309375
1.82804e-322
0.0148495
0.0146875
1.82804e-322
0.00358796
0.00375
1.82804e-322
0.00277778
0.00269676
1.82804e-322
0.00988426
0.00947917
1.82804e-322
0.0321065
0.0315278
1.82804e-322
0.0382639
0.0378009
1.82804e-322
0.0405787
0.0401042
1.82804e-322
0.0436111
0.0436343
1.82804e-322
0.0486111
0.0482176
1.82804e-322
0.0507986
0.0505787
1.82804e-322
0.0558565
0.055625
1.82804e-322
0.0571759
0.0568403
1.82804e-322
0.0581829
0.0582407
1.82804e-322
0.0554861
0.055162
1.82804e-322
0.0400579
0.0398264
1.82804e-322
0.0291204
0.0288889
1.82804e-322
0.0176852
0.0178472
1.82804e-322
0.00840278
0.00856481
1.82804e-322
0.00710648
0.00677083
1.82804e-322
0.0109954
0.0108218
1.82804e-322
0.0137384
0.0133681
1.82804e-322
0.0146528
0.0141551
1.82804e-322
0.0165625
0.0165162
1.82804e-322
0.0165162
0.01625
1.82804e-322
0.0199884
0.0196181
1.82804e-322
0.0215509
0.0213889
1.82804e-322
0.024537
0.02375
1.82804e-322
0.0250231
0.024838
1.82804e-322
0.021794
0.0216667
1.82804e-322
0.0308681
0.0301968
1.82804e-322
0.0457986
0.0439815
1.82804e-322
0.0526968
0.0510417
1.82804e-322
0.0594097
0.0581134
1.82804e-322
0.0593403
0.057037
1.82804e-322
0.0615856
0.0564583
1.82804e-322
0.0676273
0.0630556
1.82804e-322
0.0688889
0.065544
1.82804e-322
0.0751273
0.0721065
1.82804e-322
0.0789468
0.0766898
1.82804e-322
0.0825579
0.0795023
1.82804e-322
0.0846759
0.0831829
1.82804e-322
0.0853356
0.0851968
1.82804e-322
0.0777431
0.0769444
1.82804e-322
0.0655324
0.0655324
1.82804e-322
0.049919
0.0497454
1.82804e-322
0.0344329
0.0343634
1.82804e-322
0.0182986
0.0182639
1.82804e-322
0.00548611
0.00534722
1.82804e-322
0.00217593
0.00210648
1.82804e-322
0.00142361
0.00142361
1.82804e-322
0.00152778
0.00152778
1.82804e-322
0.00166667
0.00166667
1.82804e-322
0.0015625
0.0015625
1.82804e-322
0.00149306
0.00149306
1.82804e-322
0.00145833
0.00145833
1.82804e-322
0.00145833
0.00145833
1.82804e-322
0.00166667
0.00166667
1.82804e-322
0.00170139
0.00175926
1.82804e-322
0.00165509
0.00172454
1.82804e-322
0.00162037
0.0015625
1.82804e-322
0.00159722
0.00159722
1.82804e-322
0.00179398
0.00172454
1.82804e-322
0.00190972
0.00190972
1.82804e-322
0.00173611
0.00175926
1.82804e-322
0.0018287
0.00177083
1.82804e-322
0.00170139
0.00170139
1.82804e-322
0.00179398
0.00179398
1.82804e-322
0.00184028
0.00184028
1.82804e-322
0.0178009
0.0174884
1.82804e-322
0.0331481
0.0328356
1.82804e-322
0.0381134
0.0378704
1.82804e-322
0.0426968
0.0421065
1.82804e-322
0.0610301
0.0597801
1.82804e-322
0.0880093
0.0864815
1.82804e-322
0.11662
0.113843
1.82804e-322
0.14044
0.137836
1.82804e-322
0.166273
0.162488
1.82804e-322
0.172593
0.1686
1.82804e-322
0.176898
0.170648
1.82804e-322
0.191343
0.186134
1.82804e-322
0.179468
0.174884
1.82804e-322
0.172627
0.169606
1.82804e-322
0.167836
0.166412
1.82804e-322
0.167384
0.164294
1.82804e-322
0.167569
0.16441
1.82804e-322
0.164282
0.162755
1.82804e-322
0.150544
0.148669
1.82804e-322
0.149005
0.14647
1.82804e-322
0.137095
0.136505
1.82804e-322
0.123148
0.121898
1.82804e-322
0.105752
0.10419
1.82804e-322
0.0894329
0.088287
1.82804e-322
0.0743981
0.0737037
1.82804e-322
0.0619097
0.0611458
1.82804e-322
0.0573495
0.0562384
1.82804e-322
0.0589468
0.0575926
1.82804e-322
0.0573843
0.0566551
1.82804e-322
0.0585301
0.057662
1.82804e-322
0.059294
0.057419
1.82804e-322
0.0600231
0.059294
1.82804e-322
0.0606829
0.0605093
1.82804e-322
0.0629745
0.0628009
1.82804e-322
0.0709954
0.0700926
1.82804e-322
0.0819676
0.0803704
1.82804e-322
0.0931713
0.0929282
1.82804e-322
0.100995
0.10037
1.82804e-322
0.104572
0.104259
1.82804e-322
0.107558
0.105856
1.82804e-322
0.110266
0.109294
1.82804e-322
0.117176
0.115093
1.82804e-322
0.119815
0.118542
1.82804e-322
0.124248
0.123218
1.82804e-322
0.125995
0.124965
1.82804e-322
0.127662
0.126493
1.82804e-322
0.127905
0.126458
1.82804e-322
0.129711
0.128472
1.82804e-322
0.133426
0.131875
1.82804e-322
0.134572
0.133125
1.82804e-322
0.136944
0.136204
1.82804e-322
0.142465
0.141829
1.82804e-322
0.143356
0.141944
1.82804e-322
0.143461
0.143067
1.82804e-322
0.143981
0.142951
1.82804e-322
0.144687
0.144016
1.82804e-322
0.143993
0.143183
1.82804e-322
0.14287
0.141771
1.82804e-322
0.143634
0.142396
1.82804e-322
0.141574
0.141169
1.82804e-322
0.141968
0.140903
1.82804e-322
0.139537
0.138229
1.82804e-322
0.139144
0.138947
1.82804e-322
0.139919
0.139444
1.82804e-322
0.139225
0.138715
1.82804e-322
0.139745
0.139028
1.82804e-322
0.138507
0.138356
1.82804e-322
0.136354
0.136273
1.82804e-322
0.13544
0.134653
1.82804e-322
0.134988
0.133889
1.82804e-322
0.136794
0.134896
1.82804e-322
0.131632
0.1311
1.82804e-322
0.129988
0.128785
1.82804e-322
0.126169
0.125417
1.82804e-322
0.126146
0.124502
1.82804e-322
0.134294
0.134167
1.82804e-322
0.140972
0.140231
1.82804e-322
0.133669
0.132257
1.82804e-322
0.128565
0.127153
1.82804e-322
0.118229
0.117384
1.82804e-322
0.116042
0.11544
1.82804e-322
0.116597
0.115671
1.82804e-322
0.116701
0.114988
1.82804e-322
0.111701
0.110891
1.82804e-322
0.109537
0.109028
1.82804e-322
0.115139
0.11478
1.82804e-322
0.121968
0.119201
1.82804e-322
0.118611
0.117801
1.82804e-322
0.118819
0.118009
1.82804e-322
0.114167
0.113322
1.82804e-322
0.11412
0.112917
1.82804e-322
0.110382
0.109919
1.82804e-322
0.110926
0.108924
1.82804e-322
0.109016
0.108021
1.82804e-322
0.108715
0.107442
1.82804e-322
0.111933
0.109757
1.82804e-322
0.107674
0.106551
1.82804e-322
0.103773
0.102326
1.82804e-322
0.102141
0.10125
1.82804e-322
0.101794
0.100347
1.82804e-322
0.0988079
0.0975694
1.82804e-322
0.101794
0.100509
1.82804e-322
0.101632
0.101562
1.82804e-322
0.104676
0.103576
1.82804e-322
0.101146
0.101169
1.82804e-322
0.108229
0.107072
1.82804e-322
0.120266
0.118229
1.82804e-322
0.136065
0.136065
1.82804e-322
0.153009
0.151215
1.82804e-322
0.164306
0.163634
1.82804e-322
0.181863
0.179618
1.82804e-322
0.213669
0.210625
1.82804e-322
0.225521
0.224711
1.82804e-322
0.240417
0.238877
1.82804e-322
0.259954
0.256944
1.82804e-322
0.277141
0.275278
1.82804e-322
0.29162
0.29
1.82804e-322
0.301563
0.29978
1.82804e-322
0.316794
0.314063
1.82804e-322
0.328912
0.327153
1.82804e-322
0.393437
0.389039
1.82804e-322
0.396273
0.394896
1.82804e-322
0.407697
0.404687
1.82804e-322
0.418981
0.416806
1.82804e-322
0.445451
0.443148
1.82804e-322
0.461354
0.458079
1.82804e-322
0.475648
0.473056
1.82804e-322
0.501354
0.498183
1.82804e-322
0.547419
0.542025
1.82804e-322
0.57
0.567975
1.82804e-322
0.592928
0.591528
1.82804e-322
0.608495
0.604618
1.82804e-322
0.622836
0.619306
1.82804e-322
0.632442
0.629931
1.82804e-322
0.641875
0.639954
1.82804e-322
0.652431
0.648148
1.82804e-322
0.670949
0.665972
1.82804e-322
0.674595
0.672292
1.82804e-322
0.652199
0.649444
1.82804e-322
0.648553
0.64566
1.82804e-322
0.644896
0.642755
1.82804e-322
0.646505
0.64441
1.82804e-322
0.644618
0.641366
1.82804e-322
0.639954
0.635671
1.82804e-322
0.642639
0.639329
1.82804e-322
0.650868
0.64787
1.82804e-322
0.651944
0.649363
1.82804e-322
0.65787
0.653125
1.82804e-322
0.658414
0.654954
1.82804e-322
0.659329
0.655972
1.82804e-322
0.654653
0.651377
1.82804e-322
0.649086
0.645868
1.82804e-322
0.65169
0.647882
1.82804e-322
0.658646
0.652141
1.82804e-322
0.651296
0.648287
1.82804e-322
0.649664
0.646771
1.82804e-322
0.644491
0.640486
1.82804e-322
0.633738
0.630255
1.82804e-322
0.627975
0.621759
1.82804e-322
0.614155
0.609167
1.82804e-322
0.604074
0.600544
1.82804e-322
0.599259
0.595174
1.82804e-322
0.588796
0.582083
1.82804e-322
0.571794
0.566771
1.82804e-322
0.565023
0.560208
1.82804e-322
0.554468
0.548611
1.82804e-322
0.541458
0.535856
1.82804e-322
0.531146
0.526725
1.82804e-322
0.525058
0.521007
1.82804e-322
0.518472
0.512211
1.82804e-322
0.515162
0.508762
1.82804e-322
0.503044
0.497083
1.82804e-322
0.491493
0.487477
1.82804e-322
0.484769
0.479514
1.82804e-322
0.476887
0.476887
1.82804e-322
0.480185
0.480185
1.82804e-322
0.482755
0.482755
1.82804e-322
0.487222
0.487222
1.82804e-322
0.490266
0.490266
1.82804e-322
0.490926
0.490926
1.82804e-322
0.490475
0.490451
1.82804e-322
0.489329
0.489306
1.82804e-322
0.49081
0.490775
1.82804e-322
0.489931
0.489896
1.82804e-322
0.49044
0.490463
1.82804e-322
0.488044
0.488067
1.82804e-322
0.490625
0.490625
1.82804e-322
0.49544
0.49544
1.82804e-322
0.498403
0.498403
1.82804e-322
0.502211
0.502211
1.82804e-322
0.504606
0.504606
1.82804e-322
0.505104
0.505104
1.82804e-322
0.505139
0.505139
1.82804e-322
0.505613
0.505613
1.82804e-322
0.506331
0.506331
1.82804e-322
0.508009
0.508009
1.82804e-322
0.509028
0.509028
1.82804e-322
0.509236
0.509236
1.82804e-322
0.510035
0.510035
1.82804e-322
0.510417
0.510417
1.82804e-322
0.510961
0.510868
1.82804e-322
0.511447
0.511435
1.82804e-322
0.510093
0.510174
1.82804e-322
0.508588
0.508565
1.82804e-322
0.508854
0.508773
1.82804e-322
0.508762
0.508611
1.82804e-322
0.50912
0.508819
1.82804e-322
0.509549
0.509549
1.82804e-322
0.508785
0.508785
1.82804e-322
0.508056
0.508056
1.82804e-322
0.50765
0.50765
1.82804e-322
0.510741
0.510741
1.82804e-322
0.511296
0.511296
1.82804e-322
0.511076
0.511076
1.82804e-322
0.511435
0.511424
1.82804e-322
0.511551
0.511539
1.82804e-322
0.512755
0.512755
1.82804e-322
0.512604
0.512616
1.82804e-322
0.512176
0.512176
1.82804e-322
0.512593
0.512593
1.82804e-322
0.512431
0.512431
1.82804e-322
0.511551
0.511551
1.82804e-322
0.513252
0.513252
1.82804e-322
0.511331
0.511331
1.82804e-322
0.511875
0.511875
1.82804e-322
0.512037
0.512037
1.82804e-322
0.510486
0.510486
1.82804e-322
0.510949
0.510949
1.82804e-322
0.513229
0.513229
1.82804e-322
0.510764
0.510764
1.82804e-322
0.509062
0.509062
1.82804e-322
0.507188
0.507188
1.82804e-322
0.505243
0.505243
1.82804e-322
0.505856
0.505856
1.82804e-322
0.505984
0.505984
1.82804e-322
0.505694
0.505694
1.82804e-322
0.501539
0.501528
1.82804e-322
0.501285
0.501296
1.82804e-322
0.503021
0.503021
1.82804e-322
0.50184
0.50184
1.82804e-322
0.500486
0.500486
1.82804e-322
0.499745
0.499722
1.82804e-322
0.498333
0.498333
1.82804e-322
0.499826
0.499826
1.82804e-322
0.50059
0.50059
1.82804e-322
0.50125
0.50125
1.82804e-322
0.499444
0.499444
1.82804e-322
0.498125
0.49809
1.82804e-322
0.495937
0.495972
1.82804e-322
0.496354
0.496354
1.82804e-322
0.495729
0.495729
1.82804e-322
0.495694
0.495694
1.82804e-322
0.495903
0.495903
1.82804e-322
0.495937
0.495937
1.82804e-322
0.49816
0.49816
1.82804e-322
0.49934
0.49934
1.82804e-322
0.499479
0.499479
1.82804e-322
0.499826
0.499826
1.82804e-322
0.501285
0.501308
1.82804e-322
0.504201
0.504201
1.82804e-322
0.506667
0.506667
1.82804e-322
0.506806
0.506806
1.82804e-322
0.505903
0.505903
1.82804e-322
0.504687
0.504687
1.82804e-322
0.505069
0.505069
1.82804e-322
0.504861
0.504861
1.82804e-322
0.504549
0.504549
1.82804e-322
0.504861
0.504861
1.82804e-322
0.505069
0.505069
1.82804e-322
0.506701
0.506701
1.82804e-322
0.51191
0.51191
1.82804e-322
0.512153
0.512153
1.82804e-322
0.512604
0.512604
1.82804e-322
0.513333
0.513333
1.82804e-322
0.513785
0.513785
1.82804e-322
0.51434
0.51434
1.82804e-322
0.514861
0.514861
1.82804e-322
0.515278
0.515278
1.82804e-322
0.516493
0.516493
1.82804e-322
0.517083
0.517083
1.82804e-322
0.515035
0.515035
1.82804e-322
0.512569
0.512569
1.82804e-322
0.509479
0.509479
1.82804e-322
0.507639
0.507639
1.82804e-322
0.507604
0.507604
1.82804e-322
0.507812
0.507812
1.82804e-322
0.509687
0.509687
1.82804e-322
0.509016
0.509016
1.82804e-322
0.509132
0.509132
1.82804e-322
0.509028
0.509028
1.82804e-322
0.509097
0.509097
1.82804e-322
0.509792
0.509792
1.82804e-322
0.509896
0.509919
1.82804e-322
0.509479
0.509479
1.82804e-322
0.509132
0.509132
1.82804e-322
0.510312
0.510312
1.82804e-322
0.509479
0.509479
1.82804e-322
0.508819
0.508819
1.82804e-322
0.508437
0.508437
1.82804e-322
0.508472
0.508472
1.82804e-322
0.508368
0.508368
1.82804e-322
0.507951
0.507951
1.82804e-322
0.508507
0.508507
1.82804e-322
0.505868
0.505868
1.82804e-322
0.505174
0.505174
1.82804e-322
0.506806
0.506806
1.82804e-322
0.508056
0.508056
1.82804e-322
0.509826
0.509826
1.82804e-322
0.511389
0.511389
1.82804e-322
0.512049
0.512049
1.82804e-322
0.512326
0.512326
1.82804e-322
0.511701
0.511701
1.82804e-322
0.51184
0.51184
1.82804e-322
0.509618
0.509618
1.82804e-322
0.512975
0.512975
1.82804e-322
0.513507
0.513507
1.82804e-322
0.512882
0.512882
1.82804e-322
0.514201
0.514201
1.82804e-322
0.51434
0.51434
1.82804e-322
0.516424
0.516424
1.82804e-322
0.517604
0.517604
1.82804e-322
0.516354
0.516354
1.82804e-322
0.515799
0.515799
1.82804e-322
0.513229
0.513229
1.82804e-322
0.510521
0.510521
1.82804e-322
0.509479
0.509479
1.82804e-322
0.511007
0.511007
1.82804e-322
0.513322
0.513322
1.82804e-322
0.514201
0.514201
1.82804e-322
0.515868
0.515868
1.82804e-322
0.517396
0.517396
1.82804e-322
0.521192
0.521192
1.82804e-322
0.520972
0.520972
1.82804e-322
0.518657
0.518657
1.82804e-322
0.517685
0.517685
1.82804e-322
0.517535
0.517535
1.82804e-322
0.519722
0.519722
1.82804e-322
0.521111
0.521111
1.82804e-322
0.520289
0.520289
1.82804e-322
0.518762
0.518738
1.82804e-322
0.518171
0.518194
1.82804e-322
0.5175
0.517523
1.82804e-322
0.516609
0.516586
1.82804e-322
0.513796
0.513819
1.82804e-322
0.512222
0.512245
1.82804e-322
0.511204
0.511181
1.82804e-322
0.510613
0.510613
1.82804e-322
0.509826
0.509826
1.82804e-322
0.507604
0.507604
1.82804e-322
0.505903
0.505903
1.82804e-322
0.50662
0.50662
1.82804e-322
0.507188
0.507188
1.82804e-322
0.506875
0.506806
1.82804e-322
0.508507
0.508507
1.82804e-322
0.508125
0.508125
1.82804e-322
0.507593
0.507593
1.82804e-322
0.508588
0.508576
1.82804e-322
0.508542
0.508542
1.82804e-322
0.508507
0.508519
1.82804e-322
0.510382
0.510394
1.82804e-322
0.510243
0.510255
1.82804e-322
0.511354
0.511366
1.82804e-322
0.510949
0.510938
1.82804e-322
0.510069
0.510081
1.82804e-322
0.506528
0.506539
1.82804e-322
0.506667
0.506678
1.82804e-322
0.505417
0.505417
1.82804e-322
0.505278
0.505278
1.82804e-322
0.503819
0.503819
1.82804e-322
0.502847
0.502847
1.82804e-322
0.501493
0.501493
1.82804e-322
0.500833
0.500833
1.82804e-322
0.499375
0.499375
1.82804e-322
0.49816
0.49816
1.82804e-322
0.497083
0.497083
1.82804e-322
0.495937
0.495937
1.82804e-322
0.495833
0.495833
1.82804e-322
0.494896
0.494896
1.82804e-322
0.493924
0.493924
1.82804e-322
0.492535
0.492535
1.82804e-322
0.490799
0.490799
1.82804e-322
0.489028
0.489028
1.82804e-322
0.492917
0.492917
1.82804e-322
0.492951
0.492951
1.82804e-322
0.495486
0.495486
1.82804e-322
0.498958
0.498958
1.82804e-322
0.500035
0.500035
1.82804e-322
0.501667
0.501667
1.82804e-322
0.503924
0.503924
1.82804e-322
0.504988
0.504988
1.82804e-322
0.507419
0.507419
1.82804e-322
0.508819
0.508819
1.82804e-322
0.51
0.51
1.82804e-322
0.510104
0.510104
1.82804e-322
0.511215
0.511215
1.82804e-322
0.512465
0.512465
1.82804e-322
0.51191
0.511921
1.82804e-322
0.512477
0.512465
1.82804e-322
0.5211
0.521111
1.82804e-322
0.520961
0.520961
1.82804e-322
0.522454
0.522454
1.82804e-322
0.524988
0.524988
1.82804e-322
0.526354
0.526354
1.82804e-322
0.527917
0.527917
1.82804e-322
0.52875
0.52875
1.82804e-322
0.530382
0.530382
1.82804e-322
0.530961
0.530961
1.82804e-322
0.532037
0.532037
1.82804e-322
0.532454
0.532454
1.82804e-322
0.532697
0.532697
1.82804e-322
0.532419
0.532419
1.82804e-322
0.531898
0.531898
1.82804e-322
0.531551
0.531551
1.82804e-322
0.531076
0.531076
1.82804e-322
0.534641
0.534641
1.82804e-322
0.535093
0.535093
1.82804e-322
0.536516
0.536516
1.82804e-322
0.535544
0.535556
1.82804e-322
0.536065
0.536065
1.82804e-322
0.53478
0.53478
1.82804e-322
0.5361
0.5361
1.82804e-322
0.536238
0.536238
1.82804e-322
0.534051
0.534051
1.82804e-322
0.533484
0.533484
1.82804e-322
0.532963
0.532963
1.82804e-322
0.534109
0.534109
1.82804e-322
0.536019
0.536019
1.82804e-322
0.53706
0.53706
1.82804e-322
0.537789
0.537789
1.82804e-322
0.537882
0.537882
1.82804e-322
0.537569
0.537569
1.82804e-322
0.538206
0.538206
1.82804e-322
0.538727
0.538727
1.82804e-322
0.537963
0.537963
1.82804e-322
0.537407
0.537407
1.82804e-322
0.538877
0.538877
1.82804e-322
0.538356
0.538356
1.82804e-322
0.539352
0.539352
1.82804e-322
0.539294
0.539294
1.82804e-322
0.538947
0.538947
1.82804e-322
0.538877
0.538877
1.82804e-322
0.539583
0.539583
1.82804e-322
0.540174
0.540174
1.82804e-322
0.539745
0.539745
1.82804e-322
0.539433
0.539433
1.82804e-322
0.53853
0.53853
1.82804e-322
0.538669
0.538669
1.82804e-322
0.539086
0.539086
1.82804e-322
0.542593
0.542593
1.82804e-322
0.541829
0.541829
1.82804e-322
0.540926
0.540926
1.82804e-322
0.538461
0.538484
1.82804e-322
0.534606
0.534618
1.82804e-322
0.535521
0.535521
1.82804e-322
0.542234
0.538368
1.82804e-322
0.539479
0.539479
1.82804e-322
0.53838
0.53838
1.82804e-322
0.538762
0.538762
1.82804e-322
0.537894
0.537894
1.82804e-322
0.538102
0.538102
1.82804e-322
0.537211
0.537211
1.82804e-322
0.536863
0.536863
1.82804e-322
0.537558
0.537558
1.82804e-322
0.53794
0.53794
1.82804e-322
0.539074
0.539074
1.82804e-322
0.538727
0.538727
1.82804e-322
0.538866
0.538866
1.82804e-322
0.538484
0.538484
1.82804e-322
0.539641
0.539641
1.82804e-322
0.53978
0.53978
1.82804e-322
0.53978
0.53978
1.82804e-322
0.539155
0.539155
1.82804e-322
0.539016
0.539016
1.82804e-322
0.539352
0.539352
1.82804e-322
0.539387
0.539398
1.82804e-322
0.538657
0.538657
1.82804e-322
0.539699
0.539699
1.82804e-322
0.537847
0.537847
1.82804e-322
0.538981
0.538981
1.82804e-322
0.537813
0.537813
1.82804e-322
0.538715
0.538715
1.82804e-322
0.538808
0.538808
1.82804e-322
0.539236
0.539236
1.82804e-322
0.539097
0.539097
1.82804e-322
0.538854
0.538854
1.82804e-322
0.537813
0.537813
1.82804e-322
0.537882
0.537882
1.82804e-322
0.537708
0.537708
1.82804e-322
0.537431
0.537431
1.82804e-322
0.541308
0.541308
1.82804e-322
0.541412
0.541412
1.82804e-322
0.541968
0.541968
1.82804e-322
0.540683
0.540683
1.82804e-322
0.541238
0.541238
1.82804e-322
0.541065
0.541065
1.82804e-322
0.54162
0.541632
1.82804e-322
0.540822
0.540822
1.82804e-322
0.541771
0.541771
1.82804e-322
0.543287
0.543287
1.82804e-322
0.54353
0.54353
1.82804e-322
0.544051
0.544051
1.82804e-322
0.545868
0.545868
1.82804e-322
0.544468
0.544468
1.82804e-322
0.544502
0.544491
1.82804e-322
0.54294
0.54294
1.82804e-322
0.545486
0.545486
1.82804e-322
0.548565
0.548565
1.82804e-322
0.549549
0.549537
1.82804e-322
0.553993
0.554317
1.82804e-322
0.557245
0.556678
1.82804e-322
0.558356
0.558414
1.82804e-322
0.561447
0.561447
1.82804e-322
0.564236
0.564236
1.82804e-322
0.567581
0.567581
1.82804e-322
0.569456
0.569456
1.82804e-322
0.57691
0.57691
1.82804e-322
0.584479
0.584479
1.82804e-322
0.594583
0.594583
1.82804e-322
0.598773
0.598773
1.82804e-322
0.605069
0.605058
1.82804e-322
0.613484
0.613484
1.82804e-322
0.622176
0.622176
1.82804e-322
0.631944
0.631944
1.82804e-322
0.628831
0.628843
1.82804e-322
0.63794
0.637928
1.82804e-322
0.6414
0.6414
1.82804e-322
0.644456
0.644479
1.82804e-322
0.652292
0.652292
1.82804e-322
0.661088
0.661088
1.82804e-322
0.664722
0.664722
1.82804e-322
0.669606
0.669606
1.82804e-322
0.674988
0.674988
1.82804e-322
0.67515
0.67515
1.82804e-322
0.672257
0.672257
1.82804e-322
0.663021
0.663021
1.82804e-322
0.656065
0.656065
1.82804e-322
0.644375
0.644375
1.82804e-322
0.632049
0.632049
1.82804e-322
0.623762
0.61515
1.82804e-322
0.653194
0.64566
1.82804e-322
0.664745
0.658438
1.82804e-322
0.691019
0.682338
1.82804e-322
0.723484
0.71456
1.82804e-322
0.739734
0.733067
1.82804e-322
0.756435
0.751539
1.82804e-322
0.771667
0.765
1.82804e-322
0.775475
0.771169
1.82804e-322
0.766956
0.759178
1.82804e-322
0.774618
0.766528
1.82804e-322
0.779028
0.770521
1.82804e-322
0.78434
0.77816
1.82804e-322
0.795312
0.788368
1.82804e-322
0.782627
0.776528
1.82804e-322
0.765903
0.759444
1.82804e-322
0.740764
0.735833
1.82804e-322
0.762083
0.751528
1.82804e-322
0.775208
0.769201
1.82804e-322
0.779363
0.772627
1.82804e-322
0.7739
0.768623
1.82804e-322
0.757512
0.750706
1.82804e-322
0.742789
0.736574
1.82804e-322
0.753762
0.747894
1.82804e-322
0.749896
0.745417
1.82804e-322
0.754167
0.748299
1.82804e-322
0.745127
0.739502
1.82804e-322
0.743322
0.737697
1.82804e-322
0.727801
0.723426
1.82804e-322
0.724132
0.718194
1.82804e-322
0.724711
0.719468
1.82804e-322
0.751146
0.74419
1.82804e-322
0.765567
0.759005
1.82804e-322
0.748785
0.743553
1.82804e-322
0.743495
0.739606
1.82804e-322
0.755486
0.749086
1.82804e-322
0.748275
0.745567
1.82804e-322
0.750718
0.746551
1.82804e-322
0.756516
0.751863
1.82804e-322
0.7525
0.746667
1.82804e-322
0.752685
0.745428
1.82804e-322
0.740451
0.73566
1.82804e-322
0.742199
0.735498
1.82804e-322
0.727685
0.720671
1.82804e-322
0.711007
0.703681
1.82804e-322
0.702049
0.69691
1.82804e-322
0.708715
0.701632
1.82804e-322
0.697002
0.691134
1.82804e-322
0.698299
0.692708
1.82804e-322
0.687639
0.682292
1.82804e-322
0.680602
0.674282
1.82804e-322
0.694549
0.684502
1.82804e-322
0.687813
0.681285
1.82804e-322
0.688264
0.68316
1.82804e-322
0.684167
0.678333
1.82804e-322
0.671215
0.663819
1.82804e-322
0.679294
0.671076
1.82804e-322
0.687465
0.679167
1.82804e-322
0.69206
0.687859
1.82804e-322
0.677755
0.671782
1.82804e-322
0.667604
0.660729
1.82804e-322
0.654074
0.64934
1.82804e-322
0.658171
0.653275
1.82804e-322
0.65441
0.647396
1.82804e-322
0.664132
0.657326
1.82804e-322
0.655081
0.650498
1.82804e-322
0.668889
0.663924
1.82804e-322
0.684398
0.675648
1.82804e-322
0.696736
0.690278
1.82804e-322
0.698704
0.692106
1.82804e-322
0.710139
0.702257
1.82804e-322
0.708912
0.705729
1.82804e-322
0.713426
0.707766
1.82804e-322
0.713553
0.708484
1.82804e-322
0.696319
0.693993
1.82804e-322
0.687465
0.683924
1.82804e-322
0.689549
0.685451
1.82804e-322
0.688021
0.683472
1.82804e-322
0.690394
0.684213
1.82804e-322
0.698414
0.694873
1.82804e-322
0.701389
0.696354
1.82804e-322
0.717164
0.71213
1.82804e-322
0.712292
0.706285
1.82804e-322
0.705451
0.701042
1.82804e-322
0.695266
0.688634
1.82804e-322
0.680937
0.67559
1.82804e-322
0.662188
0.657303
1.82804e-322
0.654433
0.64772
1.82804e-322
0.640938
0.635995
1.82804e-322
0.653819
0.646273
1.82804e-322
0.631146
0.624653
1.82804e-322
0.613264
0.605926
1.82804e-322
0.610417
0.603715
1.82804e-322
0.608681
0.59875
1.82804e-322
0.613565
0.604861
1.82804e-322
0.650058
0.644039
1.82804e-322
0.654606
0.648229
1.82804e-322
0.662998
0.654606
1.82804e-322
0.665046
0.658634
1.82804e-322
0.666285
0.66191
1.82804e-322
0.653299
0.646863
1.82804e-322
0.653819
0.648461
1.82804e-322
0.651354
0.641574
1.82804e-322
0.620602
0.612778
1.82804e-322
0.594097
0.587211
1.82804e-322
0.568958
0.562002
1.82804e-322
0.561863
0.553611
1.82804e-322
0.573252
0.563831
1.82804e-322
0.580856
0.573194
1.82804e-322
0.595486
0.589676
1.82804e-322
0.609919
0.600556
1.82804e-322
0.609479
0.602373
1.82804e-322
0.600451
0.59169
1.82804e-322
0.598762
0.591979
1.82804e-322
0.58478
0.5789
1.82804e-322
0.591111
0.584572
1.82804e-322
0.577616
0.57162
1.82804e-322
0.567303
0.55809
1.82804e-322
0.55434
0.546713
1.82804e-322
0.547037
0.538299
1.82804e-322
0.535058
0.52559
1.82804e-322
0.544363
0.535868
1.82804e-322
0.529421
0.517813
1.82804e-322
0.524792
0.518009
1.82804e-322
0.513785
0.50765
1.82804e-322
0.493588
0.484537
1.82804e-322
0.468484
0.461586
1.82804e-322
0.451412
0.44463
1.82804e-322
0.444259
0.43809
1.82804e-322
0.442454
0.433345
1.82804e-322
0.452037
0.444167
1.82804e-322
0.460405
0.453368
1.82804e-322
0.444039
0.438299
1.82804e-322
0.43537
0.427951
1.82804e-322
0.44537
0.438333
1.82804e-322
0.458762
0.45162
1.82804e-322
0.466725
0.461632
1.82804e-322
0.449109
0.44485
1.82804e-322
0.43875
0.433449
1.82804e-322
0.428044
0.42309
1.82804e-322
0.405336
0.400347
1.82804e-322
0.397813
0.394248
1.82804e-322
0.379213
0.374792
1.82804e-322
0.369294
0.364942
1.82804e-322
0.347928
0.342859
1.82804e-322
0.331238
0.325035
1.82804e-322
0.323299
0.31728
1.82804e-322
0.318067
0.310312
1.82804e-322
0.336516
0.327164
1.82804e-322
0.358021
0.352975
1.82804e-322
0.368877
0.361725
1.82804e-322
0.382292
0.373657
1.82804e-322
0.3686
0.362187
1.82804e-322
0.358692
0.352083
1.82804e-322
0.363368
0.35838
1.82804e-322
0.369456
0.362222
1.82804e-322
0.379734
0.373183
1.82804e-322
0.378854
0.37375
1.82804e-322
0.383264
0.378021
1.82804e-322
0.399884
0.393947
1.82804e-322
0.393333
0.387118
1.82804e-322
0.394676
0.386481
1.82804e-322
0.384537
0.379016
1.82804e-322
0.39353
0.389363
1.82804e-322
0.381505
0.373588
1.82804e-322
0.375451
0.369514
1.82804e-322
0.353715
0.34816
1.82804e-322
0.335579
0.330961
1.82804e-322
0.332188
0.325903
1.82804e-322
0.319896
0.319167
1.82804e-322
0.31206
0.305914
1.82804e-322
0.326921
0.314873
1.82804e-322
0.31669
0.312106
1.82804e-322
0.354722
0.34559
1.82804e-322
0.347535
0.34272
1.82804e-322
0.345139
0.342014
1.82804e-322
0.37934
0.372361
1.82804e-322
0.361771
0.357569
1.82804e-322
0.351319
0.350648
1.82804e-322
0.331238
0.328391
1.82804e-322
0.308576
0.306736
1.82804e-322
0.288912
0.286447
1.82804e-322
0.277882
0.273472
1.82804e-322
0.285336
0.281597
1.82804e-322
0.277025
0.273657
1.82804e-322
0.29684
0.293785
1.82804e-322
0.281644
0.278843
1.82804e-322
0.267442
0.264317
1.82804e-322
0.253137
0.250278
1.82804e-322
0.240799
0.237118
1.82804e-322
0.230532
0.227373
1.82804e-322
0.218414
0.2175
1.82804e-322
0.209155
0.205289
1.82804e-322
0.205613
0.201829
1.82804e-322
0.194537
0.189873
1.82804e-322
0.184213
0.181192
1.82804e-322
0.173206
0.170336
1.82804e-322
0.164468
0.159757
1.82804e-322
0.151088
0.148414
1.82804e-322
0.142558
0.140926
1.82804e-322
0.130289
0.128021
1.82804e-322
0.120741
0.119109
1.82804e-322
0.111979
0.110278
1.82804e-322
0.102674
0.0994792
1.82804e-322
0.0956597
0.0931597
1.82804e-322
0.0875694
0.0859028
1.82804e-322
0.0823264
0.08
1.82804e-322
0.0746296
0.0726736
1.82804e-322
0.0686343
0.0661458
1.82804e-322
0.0629167
0.06
1.82804e-322
0.0572917
0.0550694
1.82804e-322
0.0532986
0.0510764
1.82804e-322
0.0473958
0.0461458
1.82804e-322
0.0445486
0.0429514
1.82804e-322
0.0434028
0.0422222
1.82804e-322
0.0388194
0.0371528
1.82804e-322
0.035625
0.0343056
1.82804e-322
0.0314583
0.03
1.82804e-322
0.0272222
0.0266319
1.82804e-322
0.0257639
0.0249306
1.82804e-322
0.0270486
0.025625
1.82804e-322
0.0293056
0.0272917
1.82804e-322
0.0295139
0.0280208
1.82804e-322
0.0248611
0.0234375
1.82804e-322
0.0197917
0.0197222
1.82804e-322
0.0184375
0.0175347
1.82804e-322
0.0349306
0.0330556
1.82804e-322
0.0401042
0.0397222
1.82804e-322
0.04375
0.0428472
1.82804e-322
0.0614236
0.0606481
1.82804e-322
0.0847569
0.084375
1.82804e-322
0.0950347
0.0930903
1.82804e-322
0.105174
0.101007
1.82804e-322
0.123264
0.119942
1.82804e-322
0.124514
0.12044
1.82804e-322
0.119468
0.115208
1.82804e-322
0.116725
0.113958
1.82804e-322
0.111701
0.110336
1.82804e-322
0.109884
0.108368
1.82804e-322
0.0981597
0.0976968
1.82804e-322
0.0835417
0.0834722
1.82804e-322
0.0612037
0.0612731
1.82804e-322
0.0519444
0.0517014
1.82804e-322
0.0525694
0.0517361
1.82804e-322
0.0508681
0.0488194
1.82804e-322
0.0566319
0.0527083
1.82804e-322
0.058125
0.0553125
1.82804e-322
0.0614583
0.056875
1.82804e-322
0.0726736
0.0681944
1.82804e-322
0.0734722
0.069375
1.82804e-322
0.0773958
0.0757639
1.82804e-322
0.0792361
0.07625
1.82804e-322
0.0828819
0.0821181
1.82804e-322
0.0901157
0.0865394
1.82804e-322
0.0859375
0.0848958
1.82804e-322
0.0917361
0.0901736
1.82804e-322
0.0750347
0.0745139
1.82804e-322
0.0545139
0.0536806
1.82804e-322
0.0294792
0.0296528
1.82804e-322
0.0144097
0.0144097
1.82804e-322
0.0147454
0.0147454
1.82804e-322
0.00883102
0.00883102
1.82804e-322
0.00663194
0.00663194
1.82804e-322
0.00770833
0.00770833
1.82804e-322
0.00875
0.00875
1.82804e-322
0.0100347
0.0100347
1.82804e-322
0.0103472
0.0103472
1.82804e-322
0.0120139
0.0120139
1.82804e-322
0.0191319
0.0186111
1.82804e-322
0.0360069
0.0360069
1.82804e-322
0.0609375
0.0600579
1.82804e-322
0.0901389
0.0888889
1.82804e-322
0.12316
0.120625
1.82804e-322
0.164155
0.160613
1.82804e-322
0.200868
0.197431
1.82804e-322
0.241343
0.237326
1.82804e-322
0.291146
0.288021
1.82804e-322
0.318681
0.316285
1.82804e-322
0.331528
0.329271
1.82804e-322
0.321771
0.319444
1.82804e-322
0.300625
0.297743
1.82804e-322
0.293148
0.29
1.82804e-322
0.270544
0.268322
1.82804e-322
0.248958
0.247882
1.82804e-322
0.240521
0.238958
1.82804e-322
0.227222
0.226701
1.82804e-322
0.2175
0.215833
1.82804e-322
0.205903
0.205174
1.82804e-322
0.182431
0.181111
1.82804e-322
0.137373
0.137002
1.82804e-322
0.107315
0.106655
1.82804e-322
0.0766667
0.0760417
1.82804e-322
0.0367361
0.0366667
1.82804e-322
0.0172685
0.0172685
1.82804e-322
0.00258102
0.00258102
1.82804e-322
0
0
1.82804e-322
0.000868056
0.000868056
1.82804e-322
0.00319444
0.00295139
1.82804e-322
0.0021875
0.0021875
1.82804e-322
3.47222e-05
3.47222e-05
1.82804e-322
0
0
1.82804e-322
0
0
1.82804e-322
0
0
1.82804e-322
0
0
1.82804e-322
0
0
1.82804e-322
0
0
1.82804e-322
0
0
1.82804e-322
0
0
1.82804e-322
3.47222e-05
0
1.82804e-322
0
0
1.82804e-322
0
0
1.82804e-322
3.47222e-05
0
1.82804e-322
3.47222e-05
0
1.82804e-322
0
0
1.82804e-322
3.47222e-05
0
1.82804e-322
0
0
1.82804e-322
0
0
1.82804e-322
0
0
1.82804e-322
0
0
1.82804e-322
0
0
1.82804e-322
0
0
1.82804e-322
0
0
1.82804e-322
0
0
1.82804e-322
0
0
1.82804e-322
0
0
1.82804e-322
0
0
1.82804e-322
0.000347222
0.000347222
1.82804e-322
0
0
1.82804e-322
0.000104167
0
1.82804e-322
0
0
1.82804e-322
3.47222e-05
0
1.82804e-322
3.47222e-05
0
1.82804e-322
3.47222e-05
0
1.82804e-322
0
0
1.82804e-322
0
0
1.82804e-322
3.47222e-05
0
1.82804e-322
3.47222e-05
0
1.82804e-322
0
0
1.82804e-322
0
0
1.82804e-322
0.00642361
0.00621528
1.82804e-322
0.0246181
0.0241319
1.82804e-322
0.0392014
0.0383681
1.82804e-322
0.04375
0.0429514
1.82804e-322
0.0463194
0.0446875
1.82804e-322
0.0498611
0.0479167
1.82804e-322
0.0485069
0.0464583
1.82804e-322
0.0506944
0.0488889
1.82804e-322
0.0542361
0.0529167
1.82804e-322
0.0574653
0.0559722
1.82804e-322
0.065
0.063125
1.82804e-322
0.0876389
0.0850347
1.82804e-322
0.109132
0.106875
1.82804e-322
0.129583
0.125347
1.82804e-322
0.137465
0.132882
1.82804e-322
0.150938
0.146806
1.82804e-322
0.156736
0.152257
1.82804e-322
0.1625
0.159097
1.82804e-322
0.169618
0.165833
1.82804e-322
0.175729
0.172569
1.82804e-322
0.171007
0.168125
1.82804e-322
0.172292
0.168889
1.82804e-322
0.170174
0.167778
1.82804e-322
0.162639
0.159167
1.82804e-322
0.163958
0.162326
1.82804e-322
0.169757
0.167569
1.82804e-322
0.175625
0.173715
1.82804e-322
0.175208
0.17191
1.82804e-322
0.179792
0.176736
1.82804e-322
0.184514
0.180799
1.82804e-322
0.184167
0.182361
1.82804e-322
0.186007
0.183194
1.82804e-322
0.197847
0.195139
1.82804e-322
0.210799
0.207743
1.82804e-322
0.222569
0.219688
1.82804e-322
0.230868
0.227187
1.82804e-322
0.236944
0.233681
1.82804e-322
0.23625
0.2325
1.82804e-322
0.236181
0.231007
1.82804e-322
0.235139
0.231354
1.82804e-322
0.233542
0.230451
1.82804e-322
0.23559
0.233507
1.82804e-322
0.231597
0.227604
1.82804e-322
0.242986
0.238993
1.82804e-322
0.259931
0.254063
1.82804e-322
0.268993
0.263854
1.82804e-322
0.278056
0.273715
1.82804e-322
0.27434
0.27059
1.82804e-322
0.271319
0.267292
1.82804e-322
0.263542
0.258646
1.82804e-322
0.254236
0.250139
1.82804e-322
0.249167
0.248646
1.82804e-322
0.248438
0.246701
1.82804e-322
0.247465
0.245625
1.82804e-322
0.263993
0.260069
1.82804e-322
0.27044
0.265729
1.82804e-322
0.277014
0.273264
1.82804e-322
0.274375
0.273403
1.82804e-322
0.28941
0.285417
1.82804e-322
0.309653
0.306146
1.82804e-322
0.326319
0.323264
1.82804e-322
0.343021
0.340104
1.82804e-322
0.380625
0.378958
1.82804e-322
0.385139
0.381528
1.82804e-322
0.387083
0.384062
1.82804e-322
0.385521
0.382153
1.82804e-322
0.388275
0.384201
1.82804e-322
0.385278
0.381285
1.82804e-322
0.382222
0.379271
1.82804e-322
0.37978
0.376516
1.82804e-322
0.37309
0.369063
1.82804e-322
0.380486
0.377396
1.82804e-322
0.369896
0.368194
1.82804e-322
0.36309
0.360729
1.82804e-322
0.367222
0.362187
1.82804e-322
0.378183
0.375197
1.82804e-322
0.391701
0.388611
1.82804e-322
0.405243
0.402847
1.82804e-322
0.419097
0.414583
1.82804e-322
0.444444
0.439028
1.82804e-322
0.445312
0.441389
1.82804e-322
0.446181
0.442049
1.82804e-322
0.449583
0.444653
1.82804e-322
0.453681
0.447708
1.82804e-322
0.457014
0.452292
1.82804e-322
0.454757
0.450521
1.82804e-322
0.448333
0.444792
1.82804e-322
0.471424
0.46184
1.82804e-322
0.456539
0.452789
1.82804e-322
0.45184
0.448542
1.82804e-322
0.464444
0.458785
1.82804e-322
0.468785
0.461771
1.82804e-322
0.468472
0.46441
1.82804e-322
0.470451
0.466042
1.82804e-322
0.469167
0.463079
1.82804e-322
0.470208
0.469919
1.82804e-322
0.495081
0.486007
1.82804e-322
0.480891
0.477465
1.82804e-322
0.474514
0.472303
1.82804e-322
0.476319
0.478507
1.82804e-322
0.479572
0.481782
1.82804e-322
0.485266
0.485266
1.82804e-322
0.49088
0.49088
1.82804e-322
0.498519
0.498519
1.82804e-322
0.504711
0.5025
1.82804e-322
0.508044
0.508056
1.82804e-322
0.515069
0.515069
1.82804e-322
0.524676
0.521991
1.82804e-322
0.5264
0.5264
1.82804e-322
0.526481
0.526458
1.82804e-322
0.528067
0.528056
1.82804e-322
0.53191
0.531898
1.82804e-322
0.5314
0.529456
1.82804e-322
0.528657
0.528657
1.82804e-322
0.523403
0.523403
1.82804e-322
0.524988
0.522431
1.82804e-322
0.520347
0.520347
1.82804e-322
0.522431
0.522431
1.82804e-322
0.527569
0.527569
1.82804e-322
0.530891
0.528681
1.82804e-322
0.533588
0.531389
1.82804e-322
0.530116
0.527905
1.82804e-322
0.531157
0.528947
1.82804e-322
0.533877
0.531667
1.82804e-322
0.529595
0.531806
1.82804e-322
0.528657
0.530868
1.82804e-322
0.525417
0.527627
1.82804e-322
0.526979
0.524769
1.82804e-322
0.525486
0.523275
1.82804e-322
0.530116
0.527905
1.82804e-322
0.528912
0.528912
1.82804e-322
0.530116
0.527905
1.82804e-322
0.524896
0.524896
1.82804e-322
0.524329
0.524329
1.82804e-322
0.525046
0.525046
1.82804e-322
0.525359
0.525359
1.82804e-322
0.525625
0.525625
1.82804e-322
0.527257
0.527257
1.82804e-322
0.528947
0.528947
1.82804e-322
0.528553
0.528553
1.82804e-322
0.529549
0.529549
1.82804e-322
0.527986
0.527986
1.82804e-322
0.530498
0.528287
1.82804e-322
0.531088
0.531076
1.82804e-322
0.530359
0.530382
1.82804e-322
0.52875
0.528727
1.82804e-322
0.526227
0.526227
1.82804e-322
0.527477
0.527477
1.82804e-322
0.531053
0.531053
1.82804e-322
0.532025
0.532025
1.82804e-322
0.533275
0.533275
1.82804e-322
0.536481
0.536505
1.82804e-322
0.541019
0.540995
1.82804e-322
0.542546
0.542546
1.82804e-322
0.55934
0.55934
1.82804e-322
0.559213
0.559225
1.82804e-322
0.55934
0.55934
1.82804e-322
0.559549
0.559549
1.82804e-322
0.558762
0.558762
1.82804e-322
0.559005
0.559005
1.82804e-322
