0.0558333
0.0558333
0.0558333
0.0596991
4.98512e-321
0.0947222
0.0936458
0.09375
0.0923611
4.03652e-321
0.127118
0.127118
0.0948611
0.0953819
4.58987e-321
0.144803
0.145046
0.1425
0.144109
4.98512e-321
0.143194
0.142882
0.142743
0.142917
3.24601e-321
0.154688
0.154444
0.154167
0.154097
3.24601e-321
0.155625
0.155486
0.155139
0.154931
3.24601e-321
0.159132
0.158368
0.158785
0.158391
3.24601e-321
0.159514
0.159444
0.159132
0.158356
3.24601e-321
0.154688
0.153877
0.153819
0.153553
3.24601e-321
0.160312
0.159375
0.159363
0.159097
3.24601e-321
0.173183
0.172639
0.172326
0.172153
3.24601e-321
0.175995
0.17566
0.175382
0.174792
3.24601e-321
0.173426
0.173125
0.172708
0.172049
3.24601e-321
0.165949
0.16581
0.165741
0.164549
3.24601e-321
0.166435
0.166597
0.166574
0.166632
3.24601e-321
0.182801
0.181458
0.182118
0.180451
3.24601e-321
0.220451
0.219306
0.219826
0.218704
3.24601e-321
0.272569
0.272326
0.271551
0.271562
3.24601e-321
0.286042
0.283993
0.284954
0.282778
3.24601e-321
0.294815
0.293611
0.292569
0.292882
3.24601e-321
0.272014
0.269965
0.269132
0.26794
3.24601e-321
0.259549
0.257639
0.256944
0.256076
3.24601e-321
0.25059
0.249028
0.249097
0.247882
3.24601e-321
0.246319
0.244688
0.243924
0.243333
3.24601e-321
0.243438
0.241944
0.240694
0.24184
3.24601e-321
0.258854
0.256458
0.257049
0.257083
3.24601e-321
0.263715
0.262674
0.260382
0.262153
3.24601e-321
0.259688
0.258576
0.258125
0.256528
3.24601e-321
0.250972
0.249757
0.248646
0.249167
3.24601e-321
0.243472
0.241563
0.243333
0.241528
3.24601e-321
0.232257
0.231875
0.228333
0.228993
3.24601e-321
0.22375
0.223785
0.222326
0.221528
3.24601e-321
0.222153
0.218785
0.220694
0.217292
3.24601e-321
0.213125
0.212812
0.211944
0.210729
3.24601e-321
0.208125
0.207083
0.206146
0.207326
3.24601e-321
0.202662
0.202627
0.201481
0.200301
3.24601e-321
0.197083
0.196181
0.195069
0.195035
3.24601e-321
0.199028
0.198368
0.198368
0.196389
3.24601e-321
0.19478
0.193079
0.192766
0.191169
2.55432e-321
0.189722
0.187847
0.187153
0.188472
2.55432e-321
0.185058
0.185058
0.184398
0.183113
2.55432e-321
0.182558
0.182593
0.182245
0.180926
2.55432e-321
0.183611
0.181528
0.182257
0.180312
2.55432e-321
0.175625
0.17566
0.174757
0.173854
2.55432e-321
0.171042
0.171389
0.170937
0.169028
2.55432e-321
0.16934
0.168056
0.166736
0.166181
2.55432e-321
0.159861
0.15934
0.15919
0.15919
2.55432e-321
0.161412
0.161343
0.161308
0.160822
2.55432e-321
0.158542
0.158542
0.158657
0.158542
2.55432e-321
0.157708
0.157824
0.157708
0.157708
2.55432e-321
0.158669
0.158785
0.158669
0.158669
2.55432e-321
0.158958
0.159074
0.158958
0.158958
2.55432e-321
0.157812
0.157812
0.157928
0.157812
2.55432e-321
0.15816
0.15816
0.158275
0.15816
2.55432e-321
0.163241
0.163125
0.163125
0.163125
2.55432e-321
0.172604
0.172604
0.172604
0.17272
2.55432e-321
0.178264
0.178264
0.17838
0.178264
2.55432e-321
0.174942
0.174942
0.175058
0.174942
2.55432e-321
0.16963
0.16963
0.16963
0.169745
2.55432e-321
0.161644
0.161644
0.161759
0.161644
2.55432e-321
0.162685
0.162685
0.162801
0.162685
2.55432e-321
0.162674
0.162674
0.162789
0.162674
2.55432e-321
0.15522
0.155208
0.155324
0.155208
2.55432e-321
0.154352
0.154236
0.154236
0.154248
2.55432e-321
0.155104
0.155104
0.15522
0.155104
2.55432e-321
0.155856
0.155972
0.155856
0.155856
2.55432e-321
0.156898
0.157014
0.156898
0.156898
2.55432e-321
0.158009
0.158009
0.158125
0.158009
2.55432e-321
0.159525
0.15941
0.15941
0.15941
2.55432e-321
0.157211
0.157211
0.157326
0.157211
2.55432e-321
0.157917
0.157917
0.157917
0.158032
2.55432e-321
0.159201
0.159201
0.159317
0.159201
2.55432e-321
0.162523
0.162639
0.162546
0.162523
2.55432e-321
0.16265
0.162627
0.162627
0.162743
2.55432e-321
0.16213
0.162106
0.162106
0.162222
2.55432e-321
0.162986
0.16287
0.16287
0.16287
2.55432e-321
0.167083
0.167083
0.167083
0.167199
2.55432e-321
0.170683
0.170567
0.170567
0.170567
2.55432e-321
0.172975
0.172975
0.172975
0.17309
2.55432e-321
0.178565
0.178681
0.178565
0.178565
2.55432e-321
0.198623
0.19853
0.19853
0.198507
2.55432e-321
0.222882
0.222905
0.222998
0.222905
2.55432e-321
0.236007
0.235891
0.235891
0.235891
2.55432e-321
0.261111
0.261088
0.261204
0.261088
2.55432e-321
0.281134
0.281042
0.281019
0.281019
2.55432e-321
0.310995
0.30912
0.308738
0.309086
2.55432e-321
0.337847
0.336771
0.336354
0.335278
2.55432e-321
0.377141
0.377037
0.374815
0.375683
2.55432e-321
0.384549
0.383924
0.384444
0.383889
2.55432e-321
0.39625
0.394271
0.393889
0.392778
2.55432e-321
0.406458
0.407361
0.406319
0.406389
2.55432e-321
0.417257
0.415833
0.415312
0.414583
2.55432e-321
0.435278
0.435
0.433229
0.429722
2.55432e-321
0.427882
0.425694
0.426458
0.426181
2.55432e-321
0.426424
0.424931
0.425486
0.42375
2.55432e-321
0.422778
0.420556
0.421042
0.420174
2.55432e-321
0.421273
0.420312
0.419676
0.41985
2.55432e-321
0.427986
0.425729
0.424549
0.425382
2.55432e-321
0.422118
0.421319
0.421563
0.420139
2.55432e-321
0.434063
0.431979
0.432847
0.433056
2.55432e-321
0.448472
0.446354
0.443889
0.442569
2.55432e-321
0.45897
0.457859
0.456991
0.45588
2.55432e-321
0.482917
0.479167
0.478715
0.475833
2.55432e-321
0.482361
0.48
0.47934
0.481389
2.55432e-321
0.483299
0.480625
0.480938
0.479479
2.55432e-321
0.483299
0.482049
0.480938
0.479687
2.55432e-321
0.482986
0.481354
0.482014
0.480069
2.55432e-321
0.503021
0.501389
0.497465
0.499826
2.55432e-321
0.501493
0.499444
0.496736
0.494444
2.55432e-321
0.494884
0.492454
0.491169
0.489537
2.55432e-321
0.486875
0.485521
0.482569
0.484063
2.55432e-321
0.48103
0.480544
0.478183
0.475613
2.55432e-321
0.480833
0.47934
0.476007
0.476007
2.55432e-321
0.477639
0.476528
0.474896
0.473715
2.55432e-321
0.482315
0.479201
0.472662
0.476377
2.55432e-321
0.479919
0.476898
0.473438
0.471343
2.55432e-321
0.47978
0.473773
0.473727
0.474225
2.55432e-321
0.493704
0.490787
0.487766
0.484294
2.55432e-321
0.493044
0.489398
0.487454
0.48537
2.55432e-321
0.493356
0.487014
0.490509
0.489954
2.55432e-321
0.502882
0.501806
0.497222
0.495278
2.55432e-321
0.505972
0.504965
0.500104
0.499236
2.55432e-321
0.544167
0.537824
0.538229
0.530764
2.55432e-321
0.529306
0.524479
0.524132
0.524167
2.55432e-321
0.52331
0.523194
0.523194
0.523206
2.55432e-321
0.532373
0.532257
0.53228
0.532257
2.55432e-321
0.534525
0.53441
0.53441
0.534433
2.55432e-321
0.531354
0.531354
0.5314
0.53147
2.55432e-321
0.534687
0.534803
0.534687
0.534687
2.55432e-321
0.540775
0.54066
0.540683
0.54066
2.55432e-321
0.544514
0.544514
0.54463
0.544514
2.55432e-321
0.546146
0.546262
0.546192
0.546146
2.55432e-321
0.540312
0.540428
0.540312
0.540359
2.55432e-321
0.541736
0.541736
0.541852
0.541759
2.55432e-321
0.543681
0.543796
0.543681
0.543681
2.55432e-321
0.544479
0.544479
0.544479
0.544595
2.55432e-321
0.545324
0.545428
0.545312
0.545324
2.55432e-321
0.545613
0.545706
0.54559
0.54559
2.55432e-321
0.548484
0.548368
0.548368
0.548368
2.55432e-321
0.547963
0.54787
0.547847
0.54787
2.55432e-321
0.548993
0.548993
0.548993
0.549109
2.55432e-321
0.551238
0.551331
0.551215
0.551215
2.55432e-321
0.546875
0.546875
0.546991
0.546875
2.55432e-321
0.547824
0.547731
0.547731
0.547708
2.55432e-321
0.547326
0.54735
0.54735
0.547442
2.55432e-321
0.546852
0.546736
0.546736
0.546736
2.55432e-321
0.544734
0.544734
0.544722
0.544838
2.55432e-321
0.538854
0.538738
0.538738
0.538738
2.55432e-321
0.540428
0.540521
0.540405
0.540405
2.55432e-321
0.540799
0.540706
0.540706
0.540683
2.55432e-321
0.540856
0.540856
0.540856
0.540972
2.55432e-321
0.538565
0.538565
0.538565
0.538681
2.55432e-321
0.532905
0.532905
0.533021
0.532905
2.55432e-321
0.535012
0.535012
0.534988
0.535104
2.55432e-321
0.535961
0.535926
0.536042
0.535961
2.55432e-321
0.539398
0.539514
0.539398
0.539398
2.55432e-321
0.538056
0.53794
0.53794
0.53794
2.55432e-321
0.539398
0.539514
0.539398
0.539398
2.55432e-321
0.548252
0.548252
0.548368
0.548252
2.55432e-321
0.554225
0.55434
0.554225
0.554225
2.55432e-321
0.560162
0.560185
0.560278
0.560185
2.55432e-321
0.569097
0.569086
0.569201
0.569097
2.55432e-321
0.583553
0.583438
0.583438
0.583438
2.55432e-321
0.584688
0.584803
0.584688
0.584688
2.55432e-321
0.588229
0.588345
0.588229
0.588229
2.55432e-321
0.588056
0.588056
0.588171
0.588056
2.55432e-321
0.587234
0.587234
0.587234
0.58735
2.55432e-321
0.581134
0.581134
0.581134
0.58125
2.55432e-321
0.584398
0.584282
0.584282
0.584282
2.55432e-321
0.584965
0.58485
0.584861
0.584861
2.55432e-321
0.584745
0.584861
0.584745
0.584745
2.55432e-321
0.586111
0.585995
0.585995
0.585995
2.55432e-321
0.580197
0.580081
0.580081
0.580081
2.55432e-321
0.583866
0.583866
0.583866
0.583981
2.55432e-321
0.577106
0.577014
0.577014
0.576991
2.55432e-321
0.579456
0.579433
0.579456
0.579549
2.55432e-321
0.579815
0.579699
0.579699
0.579699
2.55432e-321
0.581296
0.581181
0.581181
0.581181
2.55432e-321
0.583542
0.583623
0.583542
0.583507
2.55432e-321
0.577824
0.577824
0.577824
0.57794
2.55432e-321
0.581308
0.581424
0.581308
0.581308
2.55432e-321
0.58044
0.580324
0.580324
0.580324
2.55432e-321
0.577153
0.577269
0.577153
0.577153
2.55432e-321
0.577106
0.577222
0.577106
0.577106
2.55432e-321
0.578333
0.578449
0.578333
0.578333
2.55432e-321
0.580868
0.580984
0.580891
0.580891
2.55432e-321
0.585208
0.585208
0.585208
0.585324
2.55432e-321
0.585243
0.585359
0.585243
0.585243
2.55432e-321
0.585741
0.585625
0.585625
0.585625
2.55432e-321
0.582326
0.582303
0.582303
0.582419
2.55432e-321
0.582211
0.58213
0.582153
0.582095
2.55432e-321
0.58272
0.582697
0.582743
0.582812
2.55432e-321
0.584016
0.584039
0.584132
0.584039
2.55432e-321
0.585706
0.585706
0.585799
0.585683
2.55432e-321
0.57985
0.579838
0.57985
0.579954
2.55432e-321
0.582164
0.582049
0.582049
0.582049
2.55432e-321
0.581146
0.581262
0.581146
0.581146
2.55432e-321
0.582187
0.582187
0.582187
0.582303
2.55432e-321
0.583229
0.583229
0.583229
0.583345
2.55432e-321
0.58022
0.58022
0.580336
0.58022
2.55432e-321
0.581412
0.581528
0.581435
0.581412
2.55432e-321
0.578322
0.578322
0.578438
0.578322
2.55432e-321
0.578854
0.57897
0.578854
0.578854
2.55432e-321
0.577986
0.578102
0.577986
0.577986
2.55432e-321
0.578067
0.577951
0.577951
0.577951
2.55432e-321
0.577361
0.577477
0.577361
0.577361
2.55432e-321
0.573206
0.573206
0.573206
0.573322
2.55432e-321
0.573762
0.573877
0.573785
0.573785
2.55432e-321
0.575208
0.575208
0.575208
0.575324
2.55432e-321
0.575937
0.576053
0.575937
0.575937
2.55432e-321
0.575255
0.575255
0.57537
0.575255
2.55432e-321
0.574745
0.57463
0.57463
0.57463
2.55432e-321
0.573715
0.573715
0.573831
0.573715
2.55432e-321
0.573958
0.573866
0.573843
0.573866
2.55432e-321
0.572766
0.572766
0.572766
0.572882
2.55432e-321
0.573368
0.573252
0.573252
0.573252
2.55432e-321
0.570671
0.570671
0.570787
0.570671
2.55432e-321
0.574664
0.574664
0.57478
0.574664
2.55432e-321
0.574178
0.574294
0.574178
0.574178
2.55432e-321
0.574433
0.574317
0.574317
0.574317
2.55432e-321
0.575602
0.575718
0.575625
0.575625
2.55432e-321
0.570498
0.570613
0.570498
0.570498
2.55432e-321
0.569109
0.569109
0.569109
0.569225
2.55432e-321
0.570081
0.570081
0.570197
0.570081
2.55432e-321
0.573773
0.573681
0.573657
0.573657
2.55432e-321
0.572674
0.572766
0.57265
0.57265
2.55432e-321
0.574028
0.573981
0.574097
0.573981
2.55432e-321
0.576181
0.576134
0.57625
0.576157
2.55432e-321
0.575741
0.575718
0.575718
0.575833
2.55432e-321
0.573403
0.573287
0.573287
0.573287
2.55432e-321
0.574387
0.574479
0.574363
0.574363
2.55432e-321
0.569063
0.569063
0.569086
0.569178
2.55432e-321
0.5686
0.5686
0.568623
0.568715
2.55432e-321
0.570197
0.570312
0.57022
0.570197
2.55432e-321
0.569618
0.56963
0.569734
0.56963
2.55432e-321
0.571331
0.571227
0.571227
0.571215
2.55432e-321
0.574074
0.574074
0.57419
0.574074
2.55432e-321
0.574826
0.574734
0.574711
0.574711
2.55432e-321
0.575394
0.57537
0.575486
0.575394
2.55432e-321
0.57691
0.576817
0.576794
0.576817
2.55432e-321
0.57662
0.57662
0.576736
0.57662
2.55432e-321
0.573542
0.573426
0.573449
0.573426
2.55432e-321
0.573727
0.573727
0.573843
0.573796
2.55432e-321
0.574317
0.57434
0.574433
0.57434
2.55432e-321
0.575718
0.575602
0.575602
0.575602
2.55432e-321
0.577164
0.57728
0.577164
0.577164
2.55432e-321
0.576238
0.576123
0.576123
0.576123
2.55432e-321
0.577558
0.577558
0.577674
0.577558
2.55432e-321
0.576933
0.576933
0.576933
0.577049
2.55432e-321
0.575891
0.575891
0.576007
0.575891
2.55432e-321
0.576065
0.576181
0.576065
0.576065
2.55432e-321
0.574965
0.575058
0.574965
0.574942
2.55432e-321
0.576817
0.576817
0.576817
0.576933
2.55432e-321
0.579954
0.579954
0.580069
0.579954
2.55432e-321
0.582789
0.582789
0.582905
0.582789
2.55432e-321
0.581516
0.581632
0.581516
0.581516
2.55432e-321
0.582882
0.582975
0.582859
0.582882
2.55432e-321
0.584606
0.584491
0.584491
0.584491
2.55432e-321
0.586192
0.586308
0.586192
0.586192
2.55432e-321
0.584387
0.584502
0.584387
0.584387
2.55432e-321
0.582928
0.583044
0.582928
0.582928
2.55432e-321
0.573727
0.573715
0.573727
0.573831
2.55432e-321
0.572431
0.572396
0.572512
0.572431
2.55432e-321
0.573715
0.573704
0.573819
0.573715
2.55432e-321
0.573831
0.573819
0.573935
0.573831
2.55432e-321
0.573484
0.573368
0.573368
0.573368
2.55432e-321
0.575498
0.575382
0.575382
0.575382
2.55432e-321
0.579109
0.578993
0.578993
0.578993
2.55432e-321
0.58184
0.581736
0.581725
0.581736
2.55432e-321
0.585706
0.585822
0.585706
0.585706
2.55432e-321
0.588449
0.588449
0.588565
0.588449
2.55432e-321
0.584086
0.584086
0.584086
0.584201
2.55432e-321
0.582847
0.586516
0.582847
0.582847
2.55432e-321
0.584039
0.584039
0.584039
0.587639
2.55432e-321
0.582812
0.582812
0.582928
0.582812
2.55432e-321
0.579063
0.579178
0.579063
0.579063
2.55432e-321
0.569826
0.569826
0.569826
0.569942
2.55432e-321
0.566782
0.56662
0.56662
0.566644
2.55432e-321
0.564109
0.564109
0.564225
0.564109
2.55432e-321
0.564896
0.565012
0.564896
0.564907
2.55432e-321
0.565359
0.565382
0.565359
0.565359
2.55432e-321
0.567697
0.567697
0.567697
0.567697
2.55432e-321
0.569676
0.569676
0.569676
0.569676
2.55432e-321
0.575787
0.575903
0.575787
0.575787
2.55432e-321
0.584213
0.584213
0.584213
0.584329
2.55432e-321
0.597477
0.597569
0.597454
0.597454
2.55432e-321
0.6086
0.6086
0.608715
0.6086
2.55432e-321
0.613646
0.61353
0.613542
0.61353
2.55432e-321
0.626748
0.626863
0.626748
0.626748
2.55432e-321
0.639919
0.639919
0.640035
0.639919
2.55432e-321
0.64603
0.64603
0.646146
0.64603
2.55432e-321
0.641238
0.641308
0.641192
0.641238
2.55432e-321
0.635556
0.63544
0.63544
0.63544
2.55432e-321
0.631493
0.6314
0.631377
0.6314
2.55432e-321
0.624676
0.62456
0.62456
0.62456
2.55432e-321
0.620486
0.62037
0.62037
0.62037
2.55432e-321
0.617222
0.617222
0.617338
0.617222
2.55432e-321
0.613843
0.613843
0.613843
0.613958
2.55432e-321
0.617176
0.611863
0.611748
0.611748
2.55432e-321
0.636516
0.631944
0.62816
0.629676
2.55432e-321
0.646956
0.64485
0.644572
0.638113
2.55432e-321
0.679803
0.673866
0.670729
0.666285
2.55432e-321
0.702245
0.690764
0.693819
0.692951
2.55432e-321
0.721794
0.714676
0.711343
0.706123
2.55432e-321
0.733299
0.72772
0.727743
0.727616
2.55432e-321
0.749398
0.745162
0.741655
0.738449
2.55432e-321
0.728611
0.724502
0.722604
0.718125
2.55432e-321
0.760023
0.756076
0.751944
0.753646
2.55432e-321
0.764595
0.76088
0.757951
0.754803
2.55432e-321
0.78691
0.783981
0.781389
0.777917
2.55432e-321
0.787604
0.780856
0.778993
0.776736
2.55432e-321
0.801481
0.79728
0.795428
0.790706
2.55432e-321
0.804618
0.800683
0.800104
0.799028
2.55432e-321
0.812037
0.806863
0.804086
0.801539
2.55432e-321
0.801389
0.799676
0.796458
0.796736
2.55432e-321
0.791933
0.78728
0.784525
0.785162
2.55432e-321
0.783924
0.777569
0.775197
0.777292
2.55432e-321
0.773194
0.767743
0.770729
0.767419
2.55432e-321
0.776296
0.770648
0.769086
0.766933
2.55432e-321
0.812882
0.806215
0.802188
0.804398
2.55432e-321
0.812882
0.809271
0.804931
0.808704
2.55432e-321
0.80919
0.809028
0.808762
0.80603
2.55432e-321
0.800613
0.793669
0.795544
0.793993
2.55432e-321
0.797986
0.791412
0.789132
0.791736
2.55432e-321
0.804861
0.800104
0.799375
0.800174
2.55432e-321
0.798368
0.791944
0.791562
0.789375
2.55432e-321
0.775093
0.770949
0.771921
0.768067
2.55432e-321
0.737396
0.730556
0.729757
0.727153
2.55432e-321
0.708229
0.704618
0.701007
0.697118
2.55432e-321
0.696921
0.689178
0.688449
0.685671
2.55432e-321
0.692326
0.684375
0.680972
0.679375
2.55432e-321
0.697384
0.685463
0.686377
0.682778
2.55432e-321
0.709086
0.701215
0.700301
0.699097
2.55432e-321
0.679653
0.675764
0.673854
0.671146
2.55432e-321
0.698762
0.687789
0.687407
0.684873
2.55432e-321
0.702222
0.697812
0.697222
0.692813
2.55432e-321
0.708738
0.701794
0.70037
0.694884
2.55432e-321
0.708426
0.708947
0.705509
0.703252
2.55432e-321
0.745938
0.740694
0.736597
0.735764
2.55432e-321
0.751308
0.74419
0.745058
0.74169
2.55432e-321
0.743021
0.737396
0.734271
0.731701
2.55432e-321
0.734757
0.726435
0.726505
0.725208
2.55432e-321
0.753102
0.749873
0.746123
0.744109
2.55432e-321
0.713229
0.70816
0.708681
0.707465
2.55432e-321
0.708588
0.704873
0.69897
0.704664
2.55432e-321
0.71625
0.709097
0.706875
0.704306
2.55432e-321
0.743368
0.734965
0.73566
0.730625
2.55432e-321
0.775208
0.767153
0.764062
0.759444
2.55432e-321
0.811806
0.805312
0.799549
0.796076
2.55432e-321
0.807847
0.803021
0.797639
0.797118
2.55432e-321
0.807778
0.792708
0.800729
0.798819
2.55432e-321
0.791632
0.784873
0.78265
0.776088
2.55432e-321
0.773924
0.762813
0.767986
0.761204
2.55432e-321
0.763495
0.752697
0.75044
0.744363
2.55432e-321
0.743924
0.734653
0.734549
0.726701
2.55432e-321
0.731296
0.725405
0.721412
0.715613
2.55432e-321
0.716458
0.711771
0.710104
0.706111
2.55432e-321
0.7
0.691042
0.688785
0.680556
2.55432e-321
0.688854
0.682743
0.676528
0.670729
2.55432e-321
0.670486
0.662604
0.652882
0.655694
2.55432e-321
0.683356
0.673889
0.670752
0.665995
2.55432e-321
0.667593
0.654525
0.651725
0.646713
2.55432e-321
0.635243
0.622361
0.623229
0.61566
2.55432e-321
0.611875
0.601354
0.59559
0.595243
2.55432e-321
0.603819
0.59809
0.593472
0.588264
2.55432e-321
0.595972
0.590278
0.582674
0.590972
2.55432e-321
0.578796
0.564826
0.56559
0.56581
2.55432e-321
0.549016
0.53787
0.538356
0.537558
2.55432e-321
0.508368
0.494271
0.49941
0.493819
2.55432e-321
0.47515
0.469664
0.468762
0.461019
2.55432e-321
0.474757
0.466667
0.46684
0.458229
2.55432e-321
0.464595
0.45985
0.453773
0.452477
2.55432e-321
0.474803
0.467014
0.460278
0.46184
2.55432e-321
0.468356
0.4564
0.457731
0.451875
2.55432e-321
0.484525
0.474387
0.47515
0.468947
2.55432e-321
0.538495
0.532454
0.527211
0.524086
2.55432e-321
0.576736
0.56537
0.570301
0.564259
2.55432e-321
0.590394
0.589248
0.58522
0.582199
2.55432e-321
0.594549
0.593125
0.594375
0.589271
2.55432e-321
0.622257
0.61684
0.615139
0.611366
2.55432e-321
0.606042
0.600694
0.597153
0.599676
2.55432e-321
0.572917
0.564167
0.565035
0.561632
2.55432e-321
0.527789
0.523414
0.52515
0.518866
2.55432e-321
0.481447
0.475
0.470833
0.471771
2.55432e-321
0.455451
0.448623
0.449317
0.44838
2.55432e-321
0.423681
0.41669
0.417882
0.414363
2.55432e-321
0.391551
0.390081
0.386065
0.384433
2.55432e-321
0.376701
0.370185
0.371493
0.367292
2.55432e-321
0.344942
0.336817
0.337442
0.341366
2.55432e-321
0.308229
0.304444
0.300903
0.296771
2.55432e-321
0.263924
0.260521
0.261146
0.254757
2.55432e-321
0.225046
0.231435
0.228345
0.224178
2.55432e-321
0.202176
0.20044
0.192616
0.196481
2.55432e-321
0.182604
0.178194
0.180417
0.180208
2.55432e-321
0.181424
0.178021
0.175833
0.170498
2.55432e-321
0.16581
0.164144
0.159907
0.156713
2.55432e-321
0.169444
0.163634
0.170081
0.167477
2.55432e-321
0.15772
0.154722
0.151875
0.151632
2.55432e-321
0.147882
0.143264
0.147465
0.142986
2.55432e-321
0.193854
0.192674
0.190104
0.186424
2.55432e-321
0.269479
0.266285
0.269271
0.267037
2.55432e-321
0.355486
0.354132
0.353056
0.347083
2.55432e-321
0.441331
0.432338
0.436019
0.436157
2.55432e-321
0.487755
0.484977
0.484109
0.481505
2.55432e-321
0.487986
0.486771
0.486875
0.483264
2.55432e-321
0.464398
0.461562
0.459306
0.459167
2.55432e-321
0.407361
0.403958
0.401007
0.396562
2.55432e-321
0.344236
0.342743
0.339757
0.339896
2.55432e-321
0.305833
0.303542
0.300799
0.299861
2.55432e-321
0.248634
0.250093
0.24912
0.245926
2.55432e-321
0.216562
0.215278
0.211875
0.213472
2.55432e-321
0.171019
0.17015
0.167269
0.168414
2.55432e-321
0.137257
0.136319
0.134479
0.132257
2.55432e-321
0.0972569
0.0978472
0.0951736
0.0933333
2.55432e-321
0.0709606
0.0680556
0.0700347
0.0671875
2.55432e-321
0.0625347
0.0619097
0.0610764
0.0601389
2.55432e-321
0.062037
0.0615625
0.06125
0.0598958
2.55432e-321
0.0557986
0.05375
0.054375
0.0552431
2.55432e-321
0.0626389
0.0623611
0.0617593
0.0608333
2.55432e-321
0.0914583
0.0875231
0.0862731
0.0856481
2.55432e-321
0.132731
0.130903
0.1325
0.130347
2.55432e-321
0.172361
0.170069
0.171736
0.169444
2.55432e-321
0.210301
0.206701
0.206458
0.204236
2.55432e-321
0.266632
0.259792
0.258958
0.259514
2.55432e-321
0.309965
0.302326
0.30228
0.298785
2.55432e-321
0.318819
0.311736
0.315278
0.312431
2.55432e-321
0.328333
0.326898
0.325313
0.323252
2.55432e-321
0.324711
0.321898
0.321169
0.317176
2.55432e-321
0.318032
0.313785
0.312812
0.311088
2.55432e-321
0.296944
0.303333
0.299711
0.299201
2.55432e-321
0.29735
0.294479
0.29559
0.294745
2.55432e-321
0.295093
0.292153
0.291354
0.290382
2.55432e-321
0.26625
0.265278
0.262593
0.261863
2.55432e-321
0.225312
0.221632
0.224641
0.223924
2.55432e-321
0.175764
0.175521
0.17544
0.175822
2.55432e-321
0.13125
0.132986
0.132627
0.131285
2.55432e-321
0.0953819
0.0962153
0.0958565
0.095162
2.55432e-321
0.0601389
0.0607292
0.0607523
0.0594444
2.55432e-321
0.0384606
0.0386458
0.0388194
0.0390856
2.55432e-321
0.0237963
0.024213
0.0234144
0.0230903
2.55432e-321
0.0129051
0.012338
0.0128241
0.0127315
2.55432e-321
0.0205556
0.0201389
0.0189931
0.0181134
2.55432e-321
0.0140856
0.0150579
0.0138889
0.0136806
2.55432e-321
0.0121412
0.0114236
0.0118056
0.0116898
2.55432e-321
0.0111458
0.0109375
0.0112384
0.0108681
2.55432e-321
0.0100694
0.00951389
0.00836806
0.00861111
2.55432e-321
0.00930556
0.009375
0.0090625
0.00884259
2.55432e-321
0.0071875
0.00684028
0.00684028
0.00673611
2.55432e-321
0.00680556
0.00609954
0.00645833
0.00673611
2.55432e-321
0.00666667
0.00725694
0.00652778
0.00722222
2.55432e-321
0.006875
0.00642361
0.00658565
0.00663194
2.55432e-321
0.00840278
0.00864583
0.00815972
0.00760417
2.55432e-321
0.0256597
0.0246875
0.024375
0.0242593
2.55432e-321
0.0518403
0.0504167
0.05
0.0497917
2.55432e-321
0.0665625
0.0646528
0.0646065
0.0643056
2.55432e-321
0.0767014
0.0742361
0.0748611
0.0740278
2.55432e-321
0.0840741
0.0823843
0.0797454
0.0799537
2.55432e-321
0.0870139
0.0866667
0.0829167
0.0846528
2.55432e-321
0.100139
0.0994097
0.0990856
0.0990625
2.55432e-321
0.114132
0.112986
0.112569
0.113576
2.55432e-321
0.0974537
0.0947569
0.0930208
0.0938542
2.55432e-321
0.0793056
0.079294
0.0765625
0.0746181
2.55432e-321
0.0717245
0.0710764
0.0702083
0.0706019
2.55432e-321
0.0510764
0.0509722
0.0494676
0.0495833
2.55432e-321
0.0410995
0.0405324
0.0397917
0.0392361
2.55432e-321
0.0334722
0.0334722
0.0322801
0.0324653
2.55432e-321
0.0301968
0.0290278
0.0288194
0.0294907
2.55432e-321
0.0219792
0.0215972
0.0216551
0.0214931
2.55432e-321
0.0106597
0.0107176
0.010625
0.0106366
2.55432e-321
0.00902778
0.00862269
0.00862269
0.00841435
2.55432e-321
0.00967593
0.00878472
0.00881944
0.0087963
2.55432e-321
0.0149306
0.0137847
0.0136458
0.0137037
2.55432e-321
0.0188889
0.0187616
0.0182639
0.018669
2.55432e-321
0.0156944
0.0156944
0.0156597
0.0156829
2.55432e-321
0.0162153
0.0163079
0.0162153
0.0162616
2.55432e-321
0.0191898
0.0184838
0.018044
0.0178356
2.55432e-321
0.0594213
0.0580787
0.0579861
0.0578125
2.55432e-321
0.0723148
0.0698958
0.0694444
0.0696528
2.55432e-321
0.0723264
0.0708565
0.0705903
0.0692824
2.55432e-321
0.0726042
0.0712037
0.0707639
0.0709028
2.55432e-321
0.080544
0.0796875
0.0792477
0.0779514
2.55432e-321
0.0645833
0.0646065
0.0643403
0.0642361
2.55432e-321
0.0386111
0.038588
0.0387037
0.0385069
2.55432e-321
0.0100347
0.0101042
0.0100231
0.00979167
2.55432e-321
0.0028588
0.00256944
0.00266204
0.00256944
2.55432e-321
0.02375
0.0230556
0.023125
0.0230787
2.55432e-321
0.0396181
0.0394676
0.0392708
0.0392477
2.55432e-321
0.0444444
0.044294
0.0442708
0.0438194
2.55432e-321
0.0503819
0.0500579
0.0506019
0.0499653
2.55432e-321
0.0573611
0.057419
0.0573264
0.0574306
2.55432e-321
0.0591204
0.0590046
0.0588194
0.0589583
2.55432e-321
0.0448611
0.0448843
0.0445486
0.0445833
2.55432e-321
0.0248032
0.0250231
0.0248264
0.0248611
2.55432e-321
0.0090625
0.00885417
0.00873843
0.00868056
2.55432e-321
0.0101042
0.00997685
0.00986111
0.00984954
2.55432e-321
0.0149306
0.0143981
0.0144097
0.0143056
2.55432e-321
0.0169097
0.0169097
0.0166435
0.0166898
2.55432e-321
0.0194444
0.0193403
0.0191667
0.0190856
2.55432e-321
0.0229051
0.0221181
0.0227431
0.0227199
2.55432e-321
0.0254282
0.0253588
0.0253935
0.0253819
2.55432e-321
0.0264468
0.0260069
0.0260069
0.0260532
2.55432e-321
0.0543056
0.0528125
0.0528704
0.0518403
2.55432e-321
0.0612153
0.0597106
0.0583565
0.0583796
2.55432e-321
0.0674653
0.0650231
0.0649653
0.064375
2.55432e-321
0.0771528
0.0752199
0.0740278
0.0752778
2.55432e-321
0.0804167
0.0780208
0.0786111
0.078287
2.55432e-321
0.0872685
0.0844792
0.0861458
0.08375
2.55432e-321
0.09125
0.09125
0.0910764
0.0908565
2.55432e-321
0.0799074
0.079838
0.0798148
0.0791782
2.55432e-321
0.0560417
0.05625
0.0562384
0.0558333
2.55432e-321
0.0268866
0.0270486
0.0269444
0.0269444
2.55432e-321
0.00625
0.00621528
0.00626157
0.00625
2.55432e-321
0.00145833
0.00145833
0.00145833
0.00145833
2.55432e-321
0.00163194
0.00163194
0.00163194
0.00163194
2.55432e-321
0.00164352
0.00166667
0.00159722
0.00159722
2.55432e-321
0.00152778
0.00152778
0.00152778
0.00152778
2.55432e-321
0.00159722
0.00159722
0.00159722
0.00159722
2.55432e-321
0.00170139
0.00170139
0.00170139
0.00170139
2.55432e-321
0.00159722
0.00159722
0.00166667
0.00164352
2.55432e-321
0.00163194
0.00163194
0.00163194
0.00163194
2.55432e-321
0.00190972
0.00190972
0.00190972
0.00190972
2.55432e-321
0.00180556
0.00180556
0.00180556
0.00180556
2.55432e-321
0.00173611
0.00173611
0.00173611
0.00173611
2.55432e-321
0.00194444
0.00190972
0.00193287
0.00184028
2.55432e-321
0.0284375
0.0281597
0.028206
0.0282292
2.55432e-321
0.0423264
0.0421528
0.042037
0.0419792
2.55432e-321
0.0645833
0.0639583
0.063206
0.0628472
2.55432e-321
0.107778
0.104097
0.103912
0.103681
2.55432e-321
0.160278
0.157014
0.1564
0.155729
2.55432e-321
0.18809
0.18669
0.185
0.184167
2.55432e-321
0.198449
0.198137
0.193623
0.192766
2.55432e-321
0.190104
0.188704
0.183264
0.184132
2.55432e-321
0.178958
0.17816
0.177986
0.178484
2.55432e-321
0.184051
0.183218
0.182199
0.180093
2.55432e-321
0.163912
0.162558
0.162106
0.159201
2.55432e-321
0.157963
0.155162
0.155822
0.154711
2.55432e-321
0.135532
0.132581
0.13375
0.132743
2.55432e-321
0.104676
0.103333
0.102431
0.103125
2.55432e-321
0.0799421
0.0787731
0.0785532
0.0786921
2.55432e-321
0.059838
0.0593634
0.0587153
0.0587384
2.55432e-321
0.0617014
0.0598958
0.0602894
0.0596528
2.55432e-321
0.0627778
0.0620486
0.0616667
0.0624884
2.55432e-321
0.0602083
0.0603588
0.0600347
0.0600347
2.55432e-321
0.0636458
0.0637153
0.0633333
0.0628356
2.55432e-321
0.0729861
0.0747338
0.0736458
0.0721875
2.55432e-321
0.091875
0.0915162
0.0914583
0.0915278
2.55432e-321
0.106215
0.105868
0.105729
0.105532
2.55432e-321
0.108785
0.10816
0.108021
0.107315
2.55432e-321
0.118287
0.117141
0.117454
0.117454
2.55432e-321
0.124201
0.123299
0.123507
0.122222
2.55432e-321
0.129444
0.128542
0.128403
0.128438
2.55432e-321
0.134306
0.133924
0.133819
0.133576
2.55432e-321
0.136007
0.135313
0.135243
0.133819
2.55432e-321
0.139502
0.138044
0.1386
0.138148
2.55432e-321
0.144086
0.143565
0.143669
0.141898
2.55432e-321
0.147778
0.147708
0.146701
0.147431
2.55432e-321
0.150833
0.150417
0.149688
0.148646
2.55432e-321
0.151806
0.150903
0.15125
0.149653
2.55432e-321
0.151632
0.151042
0.150139
0.148507
2.55432e-321
0.149722
0.149271
0.149549
0.147813
2.55432e-321
0.148461
0.148461
0.148704
0.147801
2.55432e-321
0.149306
0.148854
0.148958
0.148021
2.55432e-321
0.149306
0.148229
0.14816
0.148993
2.55432e-321
0.147778
0.147917
0.146354
0.145486
2.55432e-321
0.144236
0.143229
0.141597
0.142049
2.55432e-321
0.141389
0.138924
0.141146
0.139549
2.55432e-321
0.142222
0.141181
0.141597
0.140451
2.55432e-321
0.136528
0.136493
0.135382
0.134236
2.55432e-321
0.132326
0.132326
0.130486
0.132083
2.55432e-321
0.146806
0.145486
0.144618
0.142986
2.55432e-321
0.138403
0.139063
0.137361
0.135556
2.55432e-321
0.126076
0.125764
0.123611
0.123646
2.55432e-321
0.120868
0.120625
0.120833
0.120104
2.55432e-321
0.119074
0.118831
0.119491
0.116227
2.55432e-321
0.112153
0.111111
0.110382
0.108993
2.55432e-321
0.117014
0.115417
0.114387
0.113646
2.55432e-321
0.122986
0.119688
0.121944
0.119132
2.55432e-321
0.113333
0.111424
0.112153
0.110451
2.55432e-321
0.111736
0.11059
0.109583
0.108889
2.55432e-321
0.107153
0.106528
0.105556
0.104722
2.55432e-321
0.105509
0.102801
0.104988
0.104502
2.55432e-321
0.105486
0.103889
0.10316
0.102639
2.55432e-321
0.10125
0.0990972
0.0986111
0.0969792
2.55432e-321
0.0984491
0.0984491
0.0984491
0.0984491
2.55432e-321
0.0975926
0.0975926
0.0975926
0.0975926
2.55432e-321
0.101516
0.101516
0.101528
0.101516
2.55432e-321
0.101146
0.101146
0.101146
0.101146
2.55432e-321
0.11309
0.11309
0.11309
0.11309
2.55432e-321
0.140833
0.140833
0.140833
0.140833
2.55432e-321
0.160775
0.160775
0.160775
0.160775
2.55432e-321
0.1889
0.1889
0.1889
0.1889
2.55432e-321
0.238287
0.234363
0.23772
0.230961
2.55432e-321
0.263333
0.261146
0.262766
0.259375
2.55432e-321
0.288275
0.288438
0.287685
0.285081
2.55432e-321
0.311806
0.307222
0.307593
0.305937
2.55432e-321
0.331655
0.330231
0.328981
0.329178
2.55432e-321
0.399583
0.398576
0.394549
0.396424
2.55432e-321
0.413056
0.409306
0.407639
0.410313
2.55432e-321
0.451146
0.44625
0.447222
0.443681
2.55432e-321
0.466944
0.464097
0.465243
0.460313
2.55432e-321
0.503958
0.501146
0.498785
0.497153
2.55432e-321
0.571956
0.562187
0.560243
0.559028
2.55432e-321
0.598576
0.597431
0.59566
0.595486
2.55432e-321
0.62897
0.628762
0.626308
0.623356
2.55432e-321
0.644236
0.641563
0.637674
0.638588
2.55432e-321
0.655903
0.650856
0.653692
0.650498
2.55432e-321
0.664444
0.661991
0.65625
0.65434
2.55432e-321
0.647894
0.645995
0.646389
0.641157
2.55432e-321
0.647164
0.643507
0.637188
0.639745
2.55432e-321
0.640914
0.637766
0.634259
0.638877
2.55432e-321
0.644155
0.640718
0.640718
0.637789
2.55432e-321
0.657222
0.653333
0.652049
0.651308
2.55432e-321
0.654722
0.64853
0.64912
0.650417
2.55432e-321
0.655093
0.65316
0.650972
0.648125
2.55432e-321
0.651528
0.64912
0.646215
0.645046
2.55432e-321
0.645
0.642257
0.641412
0.637778
2.55432e-321
0.647778
0.64338
0.638981
0.64684
2.55432e-321
0.640683
0.638646
0.636042
0.630972
2.55432e-321
0.623958
0.620544
0.61956
0.613507
2.55432e-321
0.607766
0.605486
0.603194
0.598924
2.55432e-321
0.594236
0.59037
0.586366
0.58184
2.55432e-321
0.585208
0.575174
0.578877
0.573194
2.55432e-321
0.563681
0.555162
0.5564
0.550278
2.55432e-321
0.538553
0.53309
0.52956
0.524028
2.55432e-321
0.51434
0.51022
0.511944
0.518113
2.55432e-321
0.507454
0.502442
0.502627
0.496238
2.55432e-321
0.498785
0.50235
0.493056
0.499074
2.55432e-321
0.484687
0.477118
0.479549
0.474502
2.55432e-321
0.476887
0.476887
0.476887
0.476887
2.55432e-321
0.480914
0.480914
0.480914
0.480914
2.55432e-321
0.488993
0.488993
0.488993
0.488993
2.55432e-321
0.490926
0.490926
0.490926
0.490926
2.55432e-321
0.489375
0.489375
0.489375
0.489375
2.55432e-321
0.490035
0.490035
0.490035
0.490035
2.55432e-321
0.49044
0.49044
0.49044
0.490463
2.55432e-321
0.488669
0.488669
0.488669
0.488692
2.55432e-321
0.496273
0.496273
0.496273
0.496273
2.55432e-321
0.502211
0.502211
0.502211
0.502211
2.55432e-321
0.504375
0.504375
0.504375
0.504375
2.55432e-321
0.505069
0.505069
0.505069
0.505069
2.55432e-321
0.506331
0.506331
0.506331
0.506331
2.55432e-321
0.508958
0.508958
0.508958
0.508958
2.55432e-321
0.509653
0.509653
0.509653
0.509653
2.55432e-321
0.510417
0.510417
0.510417
0.510417
2.55432e-321
0.511412
0.5114
0.5114
0.5114
2.55432e-321
0.509711
0.509699
0.509699
0.509699
2.55432e-321
0.508773
0.508773
0.508773
0.508773
2.55432e-321
0.508762
0.508762
0.508762
0.508762
2.55432e-321
0.509375
0.509375
0.509375
0.509375
2.55432e-321
0.508056
0.508056
0.508056
0.508056
2.55432e-321
0.508796
0.508796
0.508796
0.508796
2.55432e-321
0.511007
0.511007
0.511007
0.511007
2.55432e-321
0.511424
0.511424
0.511424
0.511435
2.55432e-321
0.51213
0.512141
0.51213
0.51213
2.55432e-321
0.512963
0.512963
0.512963
0.512975
2.55432e-321
0.512593
0.512593
0.512593
0.512593
2.55432e-321
0.51147
0.51147
0.51147
0.51147
2.55432e-321
0.512176
0.512176
0.512176
0.512176
2.55432e-321
0.511875
0.511875
0.511875
0.511875
2.55432e-321
0.510961
0.510949
0.510949
0.510949
2.55432e-321
0.511736
0.511736
0.511748
0.511736
2.55432e-321
0.510764
0.510764
0.510764
0.510764
2.55432e-321
0.507523
0.507523
0.507523
0.507523
2.55432e-321
0.504653
0.504653
0.504653
0.504653
2.55432e-321
0.505984
0.505984
0.505984
0.505984
2.55432e-321
0.504572
0.504572
0.504572
0.504572
2.55432e-321
0.501574
0.501563
0.501563
0.501563
2.55432e-321
0.50184
0.50184
0.50184
0.50184
2.55432e-321
0.5
0.5
0.5
0.5
2.55432e-321
0.5
0.5
0.5
0.5
2.55432e-321
0.50059
0.50059
0.50059
0.50059
2.55432e-321
0.499826
0.499826
0.499826
0.499826
2.55432e-321
0.496806
0.496771
0.496771
0.496771
2.55432e-321
0.496354
0.496354
0.496354
0.496354
2.55432e-321
0.496042
0.496042
0.496042
0.496042
2.55432e-321
0.496319
0.496319
0.496319
0.496319
2.55432e-321
0.49816
0.49816
0.49816
0.49816
2.55432e-321
0.499306
0.499306
0.499306
0.499306
2.55432e-321
0.500104
0.500104
0.500104
0.500104
2.55432e-321
0.504201
0.504201
0.504201
0.504201
2.55432e-321
0.506979
0.506979
0.506979
0.506979
2.55432e-321
0.505521
0.505521
0.505521
0.505521
2.55432e-321
0.505069
0.505069
0.505069
0.505069
2.55432e-321
0.504965
0.504965
0.504965
0.504965
2.55432e-321
0.504826
0.504826
0.504826
0.504826
2.55432e-321
0.506701
0.506701
0.506701
0.506701
2.55432e-321
0.511667
0.511667
0.511667
0.511667
2.55432e-321
0.512639
0.512639
0.512639
0.512639
2.55432e-321
0.513785
0.513785
0.513785
0.513785
2.55432e-321
0.514792
0.514792
0.514792
0.514792
2.55432e-321
0.514757
0.514757
0.514757
0.514757
2.55432e-321
0.517083
0.517083
0.517083
0.517095
2.55432e-321
0.513715
0.513715
0.513715
0.513715
2.55432e-321
0.508785
0.508785
0.508785
0.508785
2.55432e-321
0.507604
0.507604
0.507604
0.507604
2.55432e-321
0.508299
0.508299
0.508299
0.508299
2.55432e-321
0.509062
0.509062
0.509062
0.509062
2.55432e-321
0.509028
0.509028
0.509028
0.509028
2.55432e-321
0.509236
0.509236
0.509236
0.509236
2.55432e-321
0.508993
0.508993
0.508993
0.508993
2.55432e-321
0.509132
0.509132
0.509132
0.509132
2.55432e-321
0.509826
0.509826
0.509826
0.509826
2.55432e-321
0.508854
0.508854
0.508854
0.508854
2.55432e-321
0.508472
0.508472
0.508472
0.508472
2.55432e-321
0.50816
0.50816
0.50816
0.50816
2.55432e-321
0.508125
0.508125
0.508125
0.508125
2.55432e-321
0.505174
0.505174
0.505174
0.505174
2.55432e-321
0.50691
0.50691
0.50691
0.50691
2.55432e-321
0.510486
0.510486
0.510486
0.510486
2.55432e-321
0.512049
0.512049
0.512049
0.512049
2.55432e-321
0.512639
0.512639
0.512639
0.512639
2.55432e-321
0.511076
0.511076
0.511076
0.511076
2.55432e-321
0.512975
0.512975
0.512975
0.512975
2.55432e-321
0.513472
0.513472
0.513472
0.513472
2.55432e-321
0.513958
0.513958
0.513958
0.513958
2.55432e-321
0.516424
0.516424
0.516424
0.516424
2.55432e-321
0.516701
0.516701
0.516701
0.516701
2.55432e-321
0.513681
0.513681
0.513681
0.513681
2.55432e-321
0.510521
0.510521
0.510521
0.510521
2.55432e-321
0.510625
0.510625
0.510625
0.510625
2.55432e-321
0.513252
0.513252
0.513252
0.513252
2.55432e-321
0.515868
0.515868
0.515868
0.515868
2.55432e-321
0.518426
0.518426
0.518426
0.518426
2.55432e-321
0.521076
0.521076
0.521076
0.521076
2.55432e-321
0.517685
0.517685
0.517685
0.517685
2.55432e-321
0.517928
0.517928
0.517928
0.517928
2.55432e-321
0.521111
0.521111
0.521111
0.521111
2.55432e-321
0.518738
0.518738
0.518738
0.518738
2.55432e-321
0.518044
0.518044
0.518044
0.518044
2.55432e-321
0.515845
0.515845
0.515845
0.515845
2.55432e-321
0.512222
0.512222
0.512222
0.512222
2.55432e-321
0.510602
0.510602
0.510602
0.510602
2.55432e-321
0.507731
0.507731
0.507731
0.507731
2.55432e-321
0.505903
0.505903
0.505903
0.505903
2.55432e-321
0.507222
0.507222
0.507222
0.507222
2.55432e-321
0.507188
0.507188
0.507188
0.507188
2.55432e-321
0.508125
0.508125
0.508125
0.508125
2.55432e-321
0.508472
0.508472
0.508472
0.508472
2.55432e-321
0.508229
0.508229
0.508229
0.508229
2.55432e-321
0.510382
0.510382
0.510382
0.510382
2.55432e-321
0.510833
0.510833
0.510833
0.510833
2.55432e-321
0.510243
0.510243
0.510243
0.510243
2.55432e-321
0.506528
0.506528
0.506528
0.506528
2.55432e-321
0.506458
0.506458
0.506458
0.506458
2.55432e-321
0.504653
0.504653
0.504653
0.504653
2.55432e-321
0.502847
0.502847
0.502847
0.502847
2.55432e-321
0.500694
0.500694
0.500694
0.500694
2.55432e-321
0.497917
0.497917
0.497917
0.497917
2.55432e-321
0.497083
0.497083
0.497083
0.497083
2.55432e-321
0.49559
0.49559
0.49559
0.49559
2.55432e-321
0.494792
0.494792
0.494792
0.494792
2.55432e-321
0.492535
0.492535
0.492535
0.492535
2.55432e-321
0.488576
0.488576
0.488576
0.488576
2.55432e-321
0.49309
0.49309
0.49309
0.49309
2.55432e-321
0.495486
0.495486
0.495486
0.495486
2.55432e-321
0.499306
0.499306
0.499306
0.499306
2.55432e-321
0.501806
0.501806
0.501806
0.501806
2.55432e-321
0.504988
0.504988
0.504988
0.504988
2.55432e-321
0.508565
0.508565
0.508565
0.508565
2.55432e-321
0.510278
0.510278
0.510278
0.510278
2.55432e-321
0.511215
0.511215
0.511215
0.511215
2.55432e-321
0.512361
0.512361
0.512361
0.512361
2.55432e-321
0.52044
0.52044
0.52044
0.52044
2.55432e-321
0.520961
0.520961
0.520961
0.520961
2.55432e-321
0.52419
0.52419
0.52419
0.52419
2.55432e-321
0.526771
0.526771
0.526771
0.526771
2.55432e-321
0.52875
0.52875
0.52875
0.52875
2.55432e-321
0.530266
0.530266
0.530266
0.530266
2.55432e-321
0.531759
0.531759
0.531759
0.531759
2.55432e-321
0.53272
0.532697
0.532697
0.532697
2.55432e-321
0.531829
0.531829
0.531829
0.531829
2.55432e-321
0.53162
0.53162
0.53162
0.53162
2.55432e-321
0.534641
0.534641
0.534641
0.534641
2.55432e-321
0.535891
0.535891
0.535891
0.535891
2.55432e-321
0.535995
0.535995
0.535995
0.535995
2.55432e-321
0.53478
0.53478
0.53478
0.53478
2.55432e-321
0.536273
0.536273
0.536273
0.536273
2.55432e-321
0.535532
0.535532
0.535532
0.535532
2.55432e-321
0.532963
0.532963
0.532963
0.532963
2.55432e-321
0.534109
0.534109
0.534109
0.534109
2.55432e-321
0.537303
0.537303
0.537303
0.537303
2.55432e-321
0.537882
0.537882
0.537882
0.537882
2.55432e-321
0.537477
0.537477
0.537477
0.537477
2.55432e-321
0.539178
0.539178
0.539178
0.539178
2.55432e-321
0.537407
0.537407
0.537407
0.537407
2.55432e-321
0.53794
0.53794
0.53794
0.53794
2.55432e-321
0.53897
0.53897
0.53897
0.53897
2.55432e-321
0.538947
0.538947
0.538947
0.538947
2.55432e-321
0.539236
0.539236
0.539236
0.539236
2.55432e-321
0.540174
0.540174
0.540174
0.540174
2.55432e-321
0.539433
0.539433
0.539803
0.539433
2.55432e-321
0.5386
0.5386
0.5386
0.538611
2.55432e-321
0.542662
0.542662
0.542662
0.542662
2.55432e-321
0.541829
0.541829
0.541829
0.541829
2.55432e-321
0.539919
0.539919
0.539919
0.539919
2.55432e-321
0.534398
0.534398
0.534398
0.534398
2.55432e-321
0.538368
0.538368
0.538368
0.538368
2.55432e-321
0.538275
0.538275
0.538275
0.538275
2.55432e-321
0.538519
0.538519
0.538519
0.538519
2.55432e-321
0.538102
0.538102
0.538102
0.538102
2.55432e-321
0.536933
0.536944
0.536933
0.536933
2.55432e-321
0.537454
0.537454
0.537454
0.537477
2.55432e-321
0.539074
0.539074
0.539074
0.539074
2.55432e-321
0.538866
0.538866
0.538866
0.538866
2.55432e-321
0.53838
0.53831
0.53831
0.53831
2.55432e-321
0.53985
0.53978
0.53978
0.53978
2.55432e-321
0.539711
0.539711
0.539711
0.539711
2.55432e-321
0.538796
0.538796
0.538796
0.538958
2.55432e-321
0.539387
0.539387
0.539387
0.539387
2.55432e-321
0.539039
0.539039
0.539039
0.539144
2.55432e-321
0.538356
0.538356
0.538356
0.538356
2.55432e-321
0.537813
0.537813
0.537813
0.537813
2.55432e-321
0.538333
0.538333
0.538333
0.538333
2.55432e-321
0.538785
0.538785
0.538785
0.538785
2.55432e-321
0.538854
0.538866
0.538854
0.538854
2.55432e-321
0.537743
0.537743
0.537743
0.537743
2.55432e-321
0.537639
0.537639
0.537639
0.537639
2.55432e-321
0.541308
0.541308
0.541308
0.541308
2.55432e-321
0.542593
0.542593
0.542593
0.542593
2.55432e-321
0.541343
0.541343
0.541343
0.541343
2.55432e-321
0.541065
0.541065
0.541065
0.541065
2.55432e-321
0.540266
0.540266
0.540266
0.540266
2.55432e-321
0.542419
0.542419
0.542419
0.542419
2.55432e-321
0.54353
0.54353
0.54353
0.54353
2.55432e-321
0.545266
0.545266
0.545266
0.545266
2.55432e-321
0.543067
0.543079
0.543067
0.543067
2.55432e-321
0.54294
0.54294
0.54294
0.54294
2.55432e-321
0.547558
0.547558
0.547558
0.547558
2.55432e-321
0.551875
0.551875
0.551875
0.551875
2.55432e-321
0.556678
0.556678
0.556678
0.556678
2.55432e-321
0.560532
0.560532
0.560532
0.560532
2.55432e-321
0.5625
0.5625
0.5625
0.5625
2.55432e-321
0.569456
0.569456
0.569456
0.569456
2.55432e-321
0.583368
0.583368
0.583368
0.583368
2.55432e-321
0.59566
0.59566
0.59566
0.59566
2.55432e-321
0.605058
0.605058
0.605058
0.605058
2.55432e-321
0.619595
0.619595
0.619606
0.619595
2.55432e-321
0.626296
0.626308
0.626296
0.626296
2.55432e-321
0.637928
0.637928
0.637928
0.637928
2.55432e-321
0.645417
0.645417
0.645417
0.645417
2.55432e-321
0.656042
0.656042
0.656042
0.656042
2.55432e-321
0.664722
0.664722
0.664734
0.664722
2.55432e-321
0.673796
0.673796
0.673796
0.673796
2.55432e-321
0.676343
0.676343
0.676343
0.676343
2.55432e-321
0.663021
0.663021
0.663021
0.663021
2.55432e-321
0.647454
0.647454
0.647454
0.647454
2.55432e-321
0.634965
0.621667
0.624178
0.624074
2.55432e-321
0.662419
0.656516
0.653495
0.649537
2.55432e-321
0.70309
0.701007
0.694444
0.699086
2.55432e-321
0.744363
0.741111
0.738796
0.734352
2.55432e-321
0.773542
0.767373
0.768414
0.767535
2.55432e-321
0.79787
0.793275
0.792975
0.787581
2.55432e-321
0.777674
0.774641
0.770799
0.768877
2.55432e-321
0.796389
0.79044
0.791169
0.785035
2.55432e-321
0.797951
0.80559
0.797801
0.797778
2.55432e-321
0.788854
0.785949
0.784699
0.787315
2.55432e-321
0.753611
0.752361
0.754572
0.75228
2.55432e-321
0.787164
0.781389
0.779421
0.777569
2.55432e-321
0.792523
0.78728
0.786331
0.784352
2.55432e-321
0.770405
0.763819
0.763947
0.761493
2.55432e-321
0.760544
0.756968
0.758866
0.756123
2.55432e-321
0.767639
0.760683
0.763356
0.759653
2.55432e-321
0.759687
0.752002
0.749468
0.749201
2.55432e-321
0.753715
0.745509
0.744653
0.742141
2.55432e-321
0.748194
0.74434
0.741586
0.736667
2.55432e-321
0.778889
0.777164
0.77485
0.77588
2.55432e-321
0.780243
0.774433
0.772998
0.769838
2.55432e-321
0.778299
0.776053
0.776354
0.773102
2.55432e-321
0.768322
0.759896
0.764954
0.76309
2.55432e-321
0.777431
0.77485
0.775104
0.771447
2.55432e-321
0.771655
0.766701
0.765451
0.762697
2.55432e-321
0.762315
0.757569
0.755799
0.754433
2.55432e-321
0.76559
0.760301
0.75559
0.753044
2.55432e-321
0.741736
0.734954
0.732141
0.732361
2.55432e-321
0.739965
0.733356
0.731134
0.727326
2.55432e-321
0.733333
0.729444
0.726655
0.721863
2.55432e-321
0.724618
0.716169
0.71875
0.711551
2.55432e-321
0.720162
0.71316
0.711065
0.706771
2.55432e-321
0.725683
0.719965
0.722292
0.716968
2.55432e-321
0.717477
0.710139
0.709306
0.705984
2.55432e-321
0.711435
0.708843
0.703565
0.704803
2.55432e-321
0.725822
0.719329
0.718715
0.719653
2.55432e-321
0.712558
0.704491
0.70419
0.705532
2.55432e-321
0.689549
0.684421
0.685544
0.680775
2.55432e-321
0.68375
0.678692
0.676782
0.675903
2.55432e-321
0.682014
0.67588
0.677917
0.672685
2.55432e-321
0.693762
0.691192
0.690891
0.688634
2.55432e-321
0.721968
0.716806
0.71191
0.713461
2.55432e-321
0.715961
0.713588
0.714074
0.71412
2.55432e-321
0.731157
0.726019
0.722662
0.721481
2.55432e-321
0.736146
0.732836
0.73316
0.728356
2.55432e-321
0.715833
0.713611
0.713218
0.712072
2.55432e-321
0.709352
0.706389
0.705937
0.70331
2.55432e-321
0.714525
0.715961
0.716123
0.709572
2.55432e-321
0.731273
0.726007
0.723333
0.722384
2.55432e-321
0.745868
0.741771
0.739815
0.736238
2.55432e-321
0.731991
0.723877
0.721505
0.719294
2.55432e-321
0.719618
0.713056
0.711539
0.708866
2.55432e-321
0.685937
0.678461
0.680532
0.674884
2.55432e-321
0.683356
0.675856
0.674225
0.675243
2.55432e-321
0.670613
0.665347
0.666308
0.661794
2.55432e-321
0.636759
0.63088
0.626725
0.628495
2.55432e-321
0.632488
0.623831
0.623727
0.622894
2.55432e-321
0.653808
0.645764
0.644884
0.641343
2.55432e-321
0.677697
0.67125
0.670856
0.666852
2.55432e-321
0.693681
0.684653
0.683854
0.680637
2.55432e-321
0.680891
0.6761
0.674965
0.671424
2.55432e-321
0.675475
0.670694
0.67022
0.667049
2.55432e-321
0.650694
0.643796
0.64
0.636389
2.55432e-321
0.609468
0.603461
0.598183
0.599977
2.55432e-321
0.580498
0.570347
0.563912
0.567662
2.55432e-321
0.595544
0.593553
0.588738
0.583067
2.55432e-321
0.615938
0.612326
0.606435
0.601736
2.55432e-321
0.633368
0.624155
0.626042
0.620625
2.55432e-321
0.62022
0.610914
0.606597
0.603519
2.55432e-321
0.609282
0.599792
0.596644
0.591065
2.55432e-321
0.588507
0.581933
0.582187
0.579306
2.55432e-321
0.579931
0.57191
0.564375
0.566238
2.55432e-321
0.562315
0.551331
0.545509
0.540995
2.55432e-321
0.557778
0.547535
0.547315
0.541181
2.55432e-321
0.549086
0.544086
0.545104
0.538056
2.55432e-321
0.524294
0.520324
0.521007
0.513299
2.55432e-321
0.484213
0.47309
0.469769
0.466991
2.55432e-321
0.466042
0.457697
0.460313
0.456979
2.55432e-321
0.468808
0.463403
0.459271
0.457882
2.55432e-321
0.4789
0.469062
0.470567
0.464664
2.55432e-321
0.453322
0.446736
0.438194
0.44228
2.55432e-321
0.469549
0.455162
0.459572
0.459942
2.55432e-321
0.482708
0.472569
0.474144
0.470012
2.55432e-321
0.455394
0.449618
0.44566
0.442315
2.55432e-321
0.426076
0.419259
0.422222
0.41537
2.55432e-321
0.408438
0.399086
0.398241
0.398542
2.55432e-321
0.381088
0.371238
0.369907
0.365822
2.55432e-321
0.354028
0.341516
0.344109
0.348692
2.55432e-321
0.339815
0.336076
0.333056
0.330058
2.55432e-321
0.345313
0.336042
0.331273
0.337199
2.55432e-321
0.378484
0.36985
0.370602
0.364016
2.55432e-321
0.392569
0.383275
0.38397
0.377662
2.55432e-321
0.367431
0.353542
0.356817
0.349687
2.55432e-321
0.375463
0.374363
0.37206
0.364572
2.55432e-321
0.39206
0.38044
0.378102
0.375498
2.55432e-321
0.390961
0.387743
0.384433
0.381042
2.55432e-321
0.406586
0.401609
0.40213
0.400359
2.55432e-321
0.403403
0.40287
0.396366
0.39985
2.55432e-321
0.396412
0.388738
0.388218
0.389757
2.55432e-321
0.384745
0.376157
0.376319
0.374942
2.55432e-321
0.360521
0.351806
0.354236
0.351435
2.55432e-321
0.336481
0.335174
0.33353
0.329317
2.55432e-321
0.33169
0.319444
0.325961
0.319919
2.55432e-321
0.329456
0.31809
0.319456
0.314606
2.55432e-321
0.357431
0.354873
0.344722
0.349271
2.55432e-321
0.348519
0.347419
0.343669
0.34375
2.55432e-321
0.380104
0.378924
0.37684
0.370602
2.55432e-321
0.369259
0.357558
0.359873
0.35191
2.55432e-321
0.332627
0.324109
0.323102
0.329352
2.55432e-321
0.305822
0.30537
0.30169
0.297894
2.55432e-321
0.312789
0.303692
0.301771
0.304769
2.55432e-321
0.321192
0.316516
0.31147
0.306389
2.55432e-321
0.303287
0.29559
0.301262
0.296238
2.55432e-321
0.277604
0.2775
0.270799
0.270231
2.55432e-321
0.255336
0.253437
0.247662
0.24162
2.55432e-321
0.23537
0.225683
0.228681
0.22272
2.55432e-321
0.223171
0.221319
0.211875
0.213368
2.55432e-321
0.203137
0.195637
0.19691
0.190556
2.55432e-321
0.181331
0.172546
0.179815
0.173623
2.55432e-321
0.157616
0.160046
0.155336
0.148472
2.55432e-321
0.13853
0.131887
0.13544
0.13088
2.55432e-321
0.120972
0.11728
0.114375
0.109653
2.55432e-321
0.101157
0.101042
0.0972454
0.0928009
2.55432e-321
0.086713
0.0861343
0.0832292
0.0795023
2.55432e-321
0.0767245
0.0748843
0.0722454
0.0688194
2.55432e-321
0.064838
0.0575347
0.061412
0.0632986
2.55432e-321
0.0521759
0.0534838
0.0535301
0.0495949
2.55432e-321
0.0446991
0.0453125
0.0425463
0.0419329
2.55432e-321
0.0388773
0.035463
0.0365046
0.0340741
2.55432e-321
0.0316898
0.0288773
0.0296991
0.0280556
2.55432e-321
0.025625
0.0253356
0.0222106
0.022662
2.55432e-321
0.0199884
0.0185069
0.0179051
0.0186921
2.55432e-321
0.018287
0.018912
0.0175231
0.0178125
2.55432e-321
0.0232986
0.0205787
0.0215856
0.019838
2.55432e-321
0.0204398
0.0189468
0.0182639
0.0181829
2.55432e-321
0.0128125
0.0112616
0.0121412
0.0129398
2.55432e-321
0.0304745
0.0296528
0.0295023
0.0292593
2.55432e-321
0.0388657
0.0383565
0.0372917
0.0373495
2.55432e-321
0.0690972
0.0671412
0.0672106
0.0658912
2.55432e-321
0.0965046
0.0929051
0.0931597
0.0923843
2.55432e-321
0.121238
0.119201
0.116898
0.115891
2.55432e-321
0.124595
0.120799
0.120509
0.117072
2.55432e-321
0.114502
0.113704
0.112176
0.112014
2.55432e-321
0.112245
0.10713
0.110521
0.10728
2.55432e-321
0.0944329
0.0918287
0.0938194
0.0941551
2.55432e-321
0.0592361
0.0593981
0.0581713
0.0583912
2.55432e-321
0.0539236
0.0523843
0.0513773
0.0514468
2.55432e-321
0.0560185
0.0539468
0.0535417
0.0535995
2.55432e-321
0.0633565
0.0597106
0.0596065
0.0588889
2.55432e-321
0.0724074
0.0686111
0.0683218
0.0675231
2.55432e-321
0.078912
0.0731944
0.0752662
0.0722454
2.55432e-321
0.0822685
0.0796065
0.0806481
0.0792708
2.55432e-321
0.0891551
0.0879745
0.0888194
0.0855787
2.55432e-321
0.0904167
0.0892477
0.089919
0.0893403
2.55432e-321
0.0756829
0.0760301
0.0758565
0.0751042
2.55432e-321
0.0378009
0.0375926
0.0371875
0.0359838
2.55432e-321
0.0135417
0.013669
0.0135417
0.0135417
2.55432e-321
0.00883102
0.00883102
0.00883102
0.00883102
2.55432e-321
0.00729167
0.00729167
0.00729167
0.00729167
2.55432e-321
0.00923611
0.00923611
0.00923611
0.00923611
2.55432e-321
0.010787
0.0103472
0.0103472
0.0103472
2.55432e-321
0.0136806
0.0140509
0.0136921
0.0136343
2.55432e-321
0.0468981
0.0459606
0.0458449
0.0458449
2.55432e-321
0.0963426
0.0939699
0.0937963
0.0935648
2.55432e-321
0.157662
0.153507
0.153704
0.153079
2.55432e-321
0.22669
0.221887
0.22206
0.222801
2.55432e-321
0.299537
0.295764
0.296759
0.295231
2.55432e-321
0.338519
0.336134
0.334919
0.332847
2.55432e-321
0.32309
0.320312
0.321713
0.320972
2.55432e-321
0.300243
0.299479
0.299016
0.29669
2.55432e-321
0.257975
0.25831
0.259491
0.258218
2.55432e-321
0.235417
0.235162
0.235104
0.234745
2.55432e-321
0.220127
0.220567
0.219363
0.219525
2.55432e-321
0.193993
0.194618
0.193252
0.194051
2.55432e-321
0.129028
0.129294
0.127778
0.126944
2.55432e-321
0.0730208
0.0728819
0.0732176
0.0713773
2.55432e-321
0.024375
0.024375
0.024375
0.024375
2.55432e-321
0
0
0.00037037
0
2.55432e-321
0.000868056
0.000763889
0.00113426
0.000763889
2.55432e-321
0.00450231
0.00392361
0.00392361
0.00388889
2.55432e-321
0
0.00037037
0
0
2.55432e-321
0
0.00037037
0
0
2.55432e-321
0
0.00037037
0
0
2.55432e-321
0
0.00037037
0
0
2.55432e-321
0
0
0.00037037
0
2.55432e-321
0
0
0
0.00037037
2.55432e-321
0
0.00037037
0
0
2.55432e-321
0
0
0.00037037
0
2.55432e-321
0
0
0.00037037
0
2.55432e-321
0.00037037
3.47222e-05
3.47222e-05
3.47222e-05
2.55432e-321
0
0
0.00037037
0
2.55432e-321
0
0
0
0.00037037
2.55432e-321
0
0
0
0.00037037
2.55432e-321
0.00037037
0
0
0
2.55432e-321
0
0
0
0.00037037
2.55432e-321
0
0
0
0.00037037
2.55432e-321
0.000208333
0
0
0.000578704
2.55432e-321
0.000613426
0.000243056
0.000208333
0.000208333
2.55432e-321
0
0
0.00037037
0
2.55432e-321
0
0
0.00037037
0
2.55432e-321
0
0
0
0.00037037
2.55432e-321
3.47222e-05
0.00037037
3.47222e-05
3.47222e-05
2.55432e-321
0.00037037
0
0
0
2.55432e-321
0
0.00037037
0
0
2.55432e-321
0.0129514
0.0123958
0.012662
0.0123958
2.55432e-321
0.0413542
0.04
0.0403704
0.0397569
2.55432e-321
0.0495833
0.0480903
0.0479051
0.0472917
2.55432e-321
0.0542708
0.0528704
0.0525694
0.0522917
2.55432e-321
0.0557986
0.0536458
0.0541319
0.0537037
2.55432e-321
0.0618056
0.0601042
0.061169
0.0608333
2.55432e-321
0.0763542
0.0738426
0.07375
0.0740972
2.55432e-321
0.114884
0.111979
0.111979
0.110694
2.55432e-321
0.148646
0.145313
0.144236
0.144051
2.55432e-321
0.173426
0.168785
0.167535
0.165972
2.55432e-321
0.183507
0.180197
0.181042
0.179444
2.55432e-321
0.19059
0.188785
0.187662
0.187188
2.55432e-321
0.188681
0.185891
0.18566
0.182153
2.55432e-321
0.181863
0.178819
0.179097
0.176597
2.55432e-321
0.180312
0.176736
0.174549
0.1761
2.55432e-321
0.189479
0.18787
0.188194
0.185903
2.55432e-321
0.193785
0.190799
0.192014
0.189884
2.55432e-321
0.200243
0.198426
0.194826
0.19809
2.55432e-321
0.201146
0.199398
0.199826
0.197986
2.55432e-321
0.214028
0.211215
0.210833
0.208981
2.55432e-321
0.241667
0.23816
0.237488
0.233576
2.55432e-321
0.252535
0.249722
0.248889
0.247488
2.55432e-321
0.255718
0.2525
0.250104
0.250278
2.55432e-321
0.250903
0.246667
0.247535
0.246065
2.55432e-321
0.254572
0.253125
0.252882
0.250347
2.55432e-321
0.249514
0.243148
0.245243
0.242431
2.55432e-321
0.274606
0.2675
0.265174
0.264826
2.55432e-321
0.295139
0.285833
0.290174
0.286412
2.55432e-321
0.28853
0.285799
0.287083
0.282083
2.55432e-321
0.277014
0.275694
0.272118
0.270683
2.55432e-321
0.267141
0.264201
0.263299
0.261042
2.55432e-321
0.262083
0.261146
0.258565
0.255174
2.55432e-321
0.278715
0.269444
0.275313
0.275231
2.55432e-321
0.292118
0.289062
0.291829
0.287639
2.55432e-321
0.290521
0.289826
0.288704
0.286389
2.55432e-321
0.32294
0.318229
0.319618
0.316667
2.55432e-321
0.348819
0.346736
0.346806
0.344259
2.55432e-321
0.395694
0.391655
0.389271
0.386285
2.55432e-321
0.409132
0.407975
0.403958
0.404792
2.55432e-321
0.407361
0.406319
0.40441
0.402558
2.55432e-321
0.403484
0.39831
0.398171
0.3975
2.55432e-321
0.404444
0.401389
0.399051
0.396562
2.55432e-321
0.405347
0.403148
0.401806
0.402292
2.55432e-321
0.386725
0.38441
0.385451
0.380208
2.55432e-321
0.384965
0.382465
0.380648
0.377812
2.55432e-321
0.405313
0.397303
0.400775
0.398588
2.55432e-321
0.42456
0.415521
0.419005
0.419942
2.55432e-321
0.464896
0.455914
0.460903
0.454792
2.55432e-321
0.469271
0.465625
0.465775
0.460289
2.55432e-321
0.47456
0.46831
0.463785
0.46831
2.55432e-321
0.482836
0.476146
0.477257
0.472049
2.55432e-321
0.474722
0.467465
0.472118
0.4686
2.55432e-321
0.501146
0.499514
0.498958
0.49985
2.55432e-321
0.485347
0.485382
0.488461
0.481563
2.55432e-321
0.498889
0.496076
0.491204
0.492361
2.55432e-321
0.511389
0.503403
0.50353
0.496632
2.55432e-321
0.517326
0.511667
0.512072
0.510035
2.55432e-321
0.542465
0.535556
0.53537
0.527535
2.55432e-321
0.529201
0.522766
0.520174
0.517396
2.55432e-321
0.518137
0.507188
0.509838
0.505741
2.55432e-321
0.50934
0.501944
0.500694
0.497697
2.55432e-321
0.498924
0.49088
0.49088
0.493877
2.55432e-321
0.518762
0.505579
0.501667
0.501667
2.55432e-321
0.511111
0.511111
0.511111
0.511111
2.55432e-321
0.521991
0.521991
0.521991
0.521991
2.55432e-321
0.527431
0.527431
0.527431
0.527431
2.55432e-321
0.52963
0.52963
0.529618
0.529618
2.55432e-321
0.541979
0.532049
0.529444
0.529444
2.55432e-321
0.525035
0.525046
0.525046
0.525035
2.55432e-321
0.522153
0.522153
0.522164
0.522153
2.55432e-321
0.522431
0.522431
0.522431
0.522431
2.55432e-321
0.5275
0.5275
0.5275
0.527512
2.55432e-321
0.527963
0.527465
0.527465
0.527465
2.55432e-321
0.528958
0.528947
0.528947
0.528958
2.55432e-321
0.530486
0.529988
0.529988
0.529988
2.55432e-321
0.527662
0.527662
0.527662
0.527662
2.55432e-321
0.524769
0.524769
0.524769
0.524769
2.55432e-321
0.528461
0.528461
0.528472
0.528472
2.55432e-321
0.528391
0.528391
0.528403
0.528403
2.55432e-321
0.524907
0.524896
0.524896
0.524907
2.55432e-321
0.524745
0.524745
0.524734
0.524734
2.55432e-321
0.526725
0.526713
0.526725
0.526713
2.55432e-321
0.527257
0.527269
0.527257
0.527269
2.55432e-321
0.528484
0.528472
0.528484
0.528472
2.55432e-321
0.528681
0.528681
0.528692
0.528692
2.55432e-321
0.528287
0.528287
0.528299
0.528299
2.55432e-321
0.530451
0.530451
0.530428
0.530428
2.55432e-321
0.526331
0.526319
0.526331
0.526331
2.55432e-321
0.527477
0.527488
0.527488
0.527477
2.55432e-321
0.530868
0.530868
0.53088
0.53088
2.55432e-321
0.53287
0.53287
0.532859
0.532859
2.55432e-321
0.540995
0.541019
0.540995
0.540995
2.55432e-321
0.559271
0.559271
0.559271
0.559271
2.55432e-321
0.559248
0.559248
0.559248
0.559248
2.55432e-321
0.559549
0.55956
0.559549
0.55956
2.55432e-321
0.558461
0.558449
0.558449
0.558461
2.55432e-321
