0.998796
0.995625
0.995625
0.995625
0.995625
0.995625
0.995625
0.995625
0.995625
0.995625
6.36599e-314
0.995509
0.995208
0.995208
0.995208
0.995208
0.995208
0.995208
0.995208
0.995208
0.999051
6.36599e-314
0.995139
0.994861
0.994861
0.994861
0.994861
0.994861
0.994861
0.994861
0.994861
0.994861
6.36599e-314
0.994375
0.994375
0.994375
0.994375
0.994375
0.994375
0.998044
0.994375
0.994375
0.994375
6.36599e-314
0.994306
0.994306
0.994468
0.994387
0.994306
0.994306
0.994306
0.994306
0.994306
0.994306
6.36599e-314
0.993368
0.993368
0.993368
0.993368
0.993368
0.993368
0.993368
0.993368
0.993368
0.993368
6.36599e-314
0.993715
0.993715
0.993715
0.993715
0.993715
0.993715
0.993715
0.993715
0.993715
0.993715
6.36599e-314
0.993125
0.993125
0.993125
0.994062
0.993125
0.993183
0.993125
0.993403
0.993125
0.993125
6.36599e-314
0.991875
0.991875
0.991875
0.991875
0.991875
0.991875
0.991875
0.991875
0.991875
0.991875
6.36599e-314
0.992778
0.992778
0.992778
0.992778
0.992778
0.992778
0.992778
0.992778
0.992778
0.992778
6.36599e-314
0.993368
0.993368
0.993368
0.993368
0.993368
0.993368
0.993368
0.993368
0.993368
0.993368
6.36599e-314
0.992292
0.992292
0.992292
0.992292
0.992292
0.992292
0.992315
0.992292
0.992292
0.992292
6.36599e-314
0.992361
0.992361
0.992361
0.992361
0.992384
0.992361
0.992361
0.992361
0.992361
0.992361
6.36599e-314
0.99331
0.99331
0.99331
0.993299
0.993299
0.993299
0.993299
0.993299
0.993299
0.993299
6.36599e-314
0.993611
0.993611
0.993611
0.993611
0.993611
0.993611
0.993611
0.993611
0.993611
0.993611
6.36599e-314
0.99316
0.99316
0.99316
0.99316
0.99316
0.99316
0.99316
0.99316
0.99316
0.99316
6.36599e-314
0.993194
0.993194
0.993194
0.993194
0.993194
0.993194
0.993194
0.993194
0.993194
0.993194
6.36599e-314
0.992083
0.992083
0.992083
0.992083
0.992153
0.992083
0.992083
0.992083
0.992083
0.992083
6.36599e-314
0.992326
0.995498
0.992326
0.992326
0.992326
0.992326
0.992326
0.992326
0.992326
0.992326
6.36599e-314
0.992257
0.992257
0.992257
0.992257
0.992257
0.992257
0.992257
0.992257
0.992269
0.992257
6.36599e-314
0.991424
0.991424
0.991424
0.991424
0.991424
0.991424
0.991424
0.991424
0.991424
0.991424
6.36599e-314
0.991493
0.991493
0.995313
0.991493
0.991493
0.991493
0.991493
0.991505
0.991493
0.991493
6.36599e-314
0.992604
0.992604
0.992604
0.992604
0.992604
0.992604
0.992604
0.992604
0.992604
0.992604
6.36599e-314
0.992292
0.992292
0.992292
0.992292
0.992292
0.992292
0.992292
0.992292
0.992292
0.992292
6.36599e-314
0.992778
0.992778
0.992778
0.992778
0.992778
0.992778
0.992778
0.996644
0.992778
0.992778
6.36599e-314
0.992326
0.992326
0.992326
0.992326
0.992326
0.992326
0.992326
0.992326
0.996192
0.992326
6.36599e-314
0.991944
0.991944
0.991944
0.991944
0.991944
0.99581
0.991944
0.991944
0.991944
0.991944
6.36599e-314
0.991424
0.991424
0.991424
0.991424
0.995289
0.991424
0.991424
0.991424
0.991424
0.991424
6.36599e-314
0.992257
0.992257
0.996123
0.992257
0.992257
0.992257
0.992257
0.992257
0.992257
0.992257
6.36599e-314
0.992743
0.992743
0.992743
0.992743
0.992743
0.992743
0.992743
0.992743
0.996609
0.992743
6.36599e-314
0.99647
0.992604
0.992604
0.992604
0.992604
0.992604
0.992604
0.992604
0.992604
0.992604
6.36599e-314
0.991123
0.991123
0.991123
0.991123
0.991123
0.991123
0.991123
0.991123
0.991123
0.994988
6.36599e-314
0.991493
0.991493
0.991493
0.995359
0.991493
0.991493
0.991493
0.991493
0.991493
0.991493
6.36599e-314
0.992083
0.992083
0.992083
0.992106
0.992083
0.992083
0.992083
0.995949
0.992083
0.992083
6.36599e-314
0.995567
0.991701
0.991701
0.991701
0.991701
0.991701
0.991701
0.991701
0.991701
0.991701
6.36599e-314
0.992014
0.992014
0.992014
0.992014
0.992014
0.992014
0.99588
0.992014
0.992014
0.992014
6.36599e-314
0.991319
0.991319
0.991319
0.991319
0.991319
0.991319
0.991319
0.995185
0.991319
0.991319
6.36599e-314
0.990938
0.990938
0.990938
0.990938
0.994803
0.990938
0.990938
0.990938
0.990938
0.990938
6.36599e-314
0.990486
0.990486
0.990486
0.990486
0.990486
0.990486
0.990486
0.990509
0.990486
0.994352
6.36599e-314
0.989375
0.993241
0.989375
0.989375
0.989375
0.989375
0.989375
0.98941
0.989375
0.989375
6.36599e-314
0.990486
0.990486
0.990509
0.990509
0.990509
0.990486
0.990486
0.990509
0.994352
0.990486
6.36599e-314
0.988681
0.988681
0.992546
0.988681
0.988727
0.988704
0.988727
0.988681
0.988704
0.988704
6.36599e-314
0.987257
0.987257
0.987315
0.98728
0.991123
0.987257
0.98728
0.987257
0.987257
0.987257
6.36599e-314
0.987569
0.987569
0.987569
0.987569
0.987569
0.991435
0.987569
0.987569
0.987569
0.987593
6.36599e-314
0.991991
0.988125
0.988125
0.988125
0.988125
0.988125
0.988171
0.988125
0.988125
0.988125
6.36599e-314
0.988148
0.988113
0.988113
0.988113
0.988148
0.988113
0.988113
0.991979
0.988113
0.988113
6.36599e-314
0.986979
0.986956
0.986979
0.986956
0.990822
0.986956
0.987014
0.986979
0.986956
0.986979
6.36599e-314
0.983507
0.983507
0.98353
0.983519
0.983507
0.983507
0.983507
0.983507
0.987373
0.983507
6.36599e-314
0.982396
0.982396
0.982419
0.982396
0.982396
0.982396
0.986262
0.982419
0.982419
0.982419
6.36599e-314
0.983461
0.987303
0.983461
0.983472
0.983472
0.983461
0.983461
0.983437
0.983437
0.983437
6.36599e-314
0.983576
0.983588
0.983576
0.9836
0.983576
0.9836
0.983623
0.983576
0.987442
0.9836
6.36599e-314
0.984618
0.988484
0.984618
0.984676
0.984618
0.984653
0.984618
0.984618
0.984618
0.984618
6.36599e-314
0.984549
0.984549
0.984549
0.984549
0.98456
0.984583
0.988414
0.984549
0.98456
0.98456
6.36599e-314
0.983808
0.983785
0.98765
0.983785
0.983785
0.983785
0.983785
0.983785
0.983785
0.983808
6.36599e-314
0.980093
0.98
0.98
0.98
0.98
0.98
0.983866
0.98
0.98
0.98
6.36599e-314
0.978299
0.97831
0.982164
0.978356
0.978299
0.97831
0.978299
0.978299
0.97831
0.978299
6.36599e-314
0.976771
0.976771
0.976771
0.976771
0.976771
0.976771
0.980637
0.976771
0.976794
0.976771
6.36599e-314
0.97838
0.974537
0.974514
0.974525
0.974537
0.974514
0.974514
0.97456
0.974514
0.974514
6.36599e-314
0.974931
0.974931
0.974931
0.974931
0.974931
0.974931
0.978796
0.974931
0.974931
0.974931
6.36599e-314
0.9736
0.977442
0.9736
0.973576
0.973576
0.973576
0.973576
0.973576
0.973576
0.973576
6.36599e-314
0.975093
0.975093
0.975069
0.975081
0.975093
0.975093
0.975081
0.975069
0.978935
0.975069
6.36599e-314
0.974931
0.974931
0.974931
0.974931
0.974931
0.974931
0.974931
0.974931
0.974931
0.978796
6.36599e-314
0.973194
0.973194
0.97706
0.973194
0.973194
0.973218
0.973194
0.973194
0.973218
0.973194
6.36599e-314
0.973576
0.973542
0.973542
0.973565
0.973565
0.977407
0.973565
0.973565
0.973542
0.973576
6.36599e-314
0.972766
0.972743
0.972766
0.976609
0.972743
0.972743
0.972743
0.972778
0.972766
0.972766
6.36599e-314
0.97691
0.97691
0.976933
0.97691
0.97691
0.976933
0.976944
0.980775
0.976933
0.976944
6.36599e-314
0.9775
0.9775
0.9775
0.981366
0.977512
0.9775
0.9775
0.977523
0.977512
0.9775
6.36599e-314
0.980313
0.980313
0.980313
0.980313
0.980313
0.980313
0.980313
0.980313
0.984178
0.980313
6.36599e-314
0.984317
0.980451
0.980451
0.980451
0.980451
0.980451
0.980475
0.980475
0.980475
0.980451
6.36599e-314
0.984479
0.984479
0.984479
0.984479
0.988345
0.984479
0.984479
0.984479
0.984479
0.984479
6.36599e-314
0.985069
0.985069
0.985069
0.988935
0.985081
0.985069
0.985069
0.985104
0.985069
0.985081
6.36599e-314
0.984213
0.984201
0.984201
0.984201
0.984236
0.984213
0.984201
0.984201
0.984201
0.988067
6.36599e-314
0.983889
0.983889
0.9839
0.983912
0.983889
0.983889
0.983889
0.987755
0.983889
0.9839
6.36599e-314
0.982639
0.986505
0.98265
0.982639
0.98265
0.98265
0.982639
0.98265
0.98265
0.982639
6.36599e-314
0.978889
0.978889
0.978889
0.978889
0.978889
0.978889
0.978889
0.978889
0.978889
0.982755
6.36599e-314
0.977361
0.977361
0.981227
0.977361
0.977361
0.977361
0.977361
0.977361
0.977361
0.977361
6.36599e-314
0.976181
0.976181
0.976181
0.976181
0.976181
0.976181
0.976181
0.980046
0.976204
0.976181
6.36599e-314
0.975174
0.975174
0.975174
0.979039
0.975174
0.975174
0.975174
0.975174
0.975174
0.975174
6.36599e-314
0.975833
0.975833
0.975833
0.975833
0.975833
0.975833
0.975833
0.979699
0.975833
0.975833
6.36599e-314
0.978021
0.978044
0.978021
0.978021
0.978044
0.978021
0.978044
0.981887
0.978021
0.978021
6.36599e-314
0.980949
0.977083
0.977083
0.977083
0.977083
0.977083
0.977083
0.977083
0.977083
0.977083
6.36599e-314
0.976597
0.976597
0.976632
0.976597
0.976597
0.980463
0.976609
0.976597
0.976632
0.976632
6.36599e-314
0.977917
0.977917
0.977917
0.97794
0.981782
0.977917
0.97794
0.977917
0.977917
0.977917
6.36599e-314
0.977535
0.977535
0.977558
0.98125
0.977535
0.977535
0.977535
0.977535
0.977535
0.977535
6.36599e-314
0.977812
0.977812
0.977812
0.977859
0.977812
0.977812
0.977836
0.977836
0.980845
0.977812
6.36599e-314
0.976667
0.97669
0.976667
0.976667
0.976667
0.976667
0.976667
0.976667
0.979699
0.976667
6.36599e-314
0.976412
0.979421
0.976389
0.976389
0.976389
0.976389
0.976389
0.976389
0.976389
0.976412
6.36599e-314
0.976412
0.976389
0.976389
0.976412
0.976389
0.976389
0.979421
0.976389
0.976389
0.976412
6.36599e-314
0.97934
0.976285
0.976285
0.97625
0.97625
0.97625
0.976285
0.97625
0.97625
0.97625
6.36599e-314
0.976875
0.976875
0.976875
0.976898
0.976875
0.976875
0.976875
0.976875
0.979965
0.976898
6.36599e-314
0.976736
0.976736
0.976736
0.976736
0.979826
0.976759
0.976736
0.976736
0.976736
0.976736
6.36599e-314
0.979097
0.979167
0.979097
0.979097
0.979144
0.979097
0.979097
0.982187
0.979097
0.979097
6.36599e-314
0.978611
0.978611
0.978611
0.978611
0.981701
0.978611
0.978611
0.978611
0.978611
0.978611
6.36599e-314
0.981111
0.978021
0.978021
0.978021
0.978021
0.978021
0.978021
0.978021
0.978021
0.978021
6.36599e-314
0.978194
0.978194
0.981285
0.978194
0.978194
0.978218
0.978194
0.978194
0.978241
0.978229
6.36599e-314
0.978507
0.978507
0.978507
0.978507
0.978507
0.978507
0.97853
0.978507
0.981597
0.978507
6.36599e-314
0.979062
0.979062
0.982153
0.979086
0.979062
0.979062
0.979062
0.979062
0.979086
0.979062
6.36599e-314
0.978785
0.978785
0.978785
0.978785
0.978785
0.978785
0.981875
0.978785
0.978785
0.978785
6.36599e-314
0.978507
0.978507
0.978507
0.978507
0.978507
0.981597
0.978507
0.978507
0.978507
0.978507
6.36599e-314
0.978403
0.978403
0.978403
0.978403
0.978403
0.978403
0.981493
0.978403
0.978403
0.978403
6.36599e-314
0.980313
0.980313
0.980336
0.980313
0.980313
0.9839
0.983403
0.980313
0.980313
0.980313
6.36599e-314
0.978889
0.981979
0.982477
0.978889
0.978889
0.978889
0.978889
0.978889
0.978889
0.978912
6.36599e-314
0.978229
0.978229
0.978229
0.978252
0.981319
0.978229
0.978229
0.978229
0.978229
0.978241
6.36599e-314
0.978785
0.978785
0.978785
0.978785
0.978785
0.981875
0.978785
0.978831
0.978785
0.978808
6.36599e-314
0.97875
0.97875
0.97875
0.98184
0.97875
0.97875
0.97875
0.97875
0.97875
0.97875
6.36599e-314
0.979444
0.979444
0.979444
0.979444
0.979444
0.979444
0.979444
0.982535
0.979444
0.979444
6.36599e-314
0.979271
0.979271
0.979271
0.979271
0.982361
0.979294
0.979271
0.979271
0.979271
0.979271
6.36599e-314
0.980764
0.980775
0.980764
0.980787
0.980787
0.980787
0.980764
0.983854
0.980764
0.980764
6.36599e-314
0.979815
0.982882
0.979792
0.979792
0.979792
0.979792
0.979792
0.979792
0.979792
0.979792
6.36599e-314
0.979444
0.979444
0.979468
0.979444
0.979444
0.979444
0.979444
0.979444
0.982535
0.979444
6.36599e-314
0.978785
0.978785
0.978785
0.981875
0.978785
0.978785
0.978785
0.978785
0.978785
0.978785
6.36599e-314
0.978785
0.978785
0.978785
0.978808
0.978785
0.978785
0.978785
0.978785
0.978785
0.981875
6.36599e-314
0.982326
0.979236
0.979259
0.979236
0.979236
0.979236
0.979236
0.979236
0.979236
0.979259
6.36599e-314
0.979433
0.97941
0.97941
0.97941
0.97941
0.97941
0.97941
0.983067
0.9825
0.97941
6.36599e-314
0.979144
0.982222
0.979132
0.979132
0.979155
0.979132
0.979132
0.979132
0.979155
0.979132
6.36599e-314
0.978576
0.978576
0.978576
0.978576
0.978576
0.978576
0.978576
0.978576
0.981667
0.978576
6.36599e-314
0.97684
0.97684
0.979931
0.97684
0.97684
0.97684
0.97684
0.97684
0.976863
0.97684
6.36599e-314
0.98
0.97691
0.97691
0.97691
0.97691
0.97691
0.97691
0.97691
0.97691
0.97691
6.36599e-314
0.977917
0.977917
0.977917
0.977917
0.977917
0.977917
0.981007
0.977917
0.977917
0.977917
6.36599e-314
0.979688
0.979722
0.979688
0.979711
0.979688
0.979688
0.979711
0.982778
0.979688
0.979688
6.36599e-314
0.979236
0.979236
0.979236
0.979236
0.979236
0.979236
0.979236
0.982326
0.979236
0.979236
6.36599e-314
0.979688
0.979688
0.979688
0.979688
0.979688
0.982778
0.979688
0.979688
0.979688
0.979688
6.36599e-314
0.979896
0.979896
0.979896
0.979896
0.979896
0.982986
0.979896
0.979896
0.979896
0.979896
6.36599e-314
0.980926
0.980926
0.980926
0.980926
0.980926
0.980926
0.980926
0.980938
0.980926
0.984016
6.36599e-314
0.983403
0.980313
0.980313
0.980313
0.980313
0.980313
0.980313
0.980359
0.980313
0.980313
6.36599e-314
0.981771
0.981794
0.981794
0.981794
0.981771
0.981771
0.981782
0.984861
0.981771
0.981829
6.36599e-314
0.98066
0.98375
0.980683
0.980683
0.98066
0.98066
0.98066
0.98066
0.980671
0.98066
6.36599e-314
0.98066
0.98066
0.98066
0.98066
0.98066
0.98066
0.98066
0.98375
0.98066
0.98066
6.36599e-314
0.982917
0.979826
0.979826
0.97985
0.97985
0.979826
0.979826
0.97985
0.979826
0.979826
6.36599e-314
0.979896
0.979919
0.979896
0.979896
0.979896
0.979942
0.979942
0.979896
0.982986
0.979896
6.36599e-314
0.981215
0.981215
0.981215
0.984306
0.981215
0.981215
0.981215
0.981215
0.981215
0.981215
6.36599e-314
0.980035
0.980035
0.980035
0.980035
0.983125
0.980035
0.980035
0.980035
0.980035
0.980035
6.36599e-314
0.980208
0.980208
0.980208
0.980243
0.980208
0.980208
0.980208
0.980208
0.983299
0.980208
6.36599e-314
0.982442
0.982442
0.982465
0.982442
0.982442
0.982442
0.985532
0.982442
0.982488
0.982488
6.36599e-314
0.981285
0.981285
0.984375
0.981285
0.981285
0.981285
0.981285
0.981285
0.981285
0.981285
6.36599e-314
0.982731
0.982755
0.982755
0.982731
0.982731
0.982755
0.982731
0.982731
0.982731
0.985822
6.36599e-314
0.986377
0.983287
0.983287
0.983287
0.983287
0.983287
0.983287
0.983299
0.98331
0.98331
6.36599e-314
0.983137
0.983113
0.983113
0.983113
0.986204
0.983113
0.983137
0.983113
0.983113
0.983137
6.36599e-314
0.985347
0.985347
0.985347
0.985347
0.988437
0.985347
0.98537
0.98537
0.985359
0.985347
6.36599e-314
0.985451
0.985451
0.985463
0.985451
0.985451
0.985451
0.988542
0.985451
0.985451
0.985451
6.36599e-314
0.986285
0.989375
0.986285
0.986285
0.986285
0.986285
0.986285
0.986285
0.986285
0.986285
6.36599e-314
0.985
0.985
0.985
0.985
0.985
0.985
0.985
0.985
0.98809
0.985
6.36599e-314
0.98397
0.98706
0.98397
0.983981
0.98397
0.98397
0.98397
0.98397
0.98397
0.98397
6.36599e-314
0.984005
0.984005
0.984005
0.987095
0.984005
0.984005
0.984005
0.984005
0.984005
0.984005
6.36599e-314
0.985104
0.985104
0.985104
0.985104
0.988194
0.985104
0.985104
0.985104
0.985104
0.985104
6.36599e-314
0.984201
0.984201
0.984201
0.984201
0.984225
0.987292
0.984201
0.984201
0.984201
0.984201
6.36599e-314
0.988021
0.988021
0.988021
0.991111
0.988021
0.988021
0.988021
0.988044
0.988021
0.988021
6.36599e-314
0.984653
0.984664
0.984653
0.984653
0.984676
0.984653
0.984676
0.987743
0.984653
0.984653
6.36599e-314
0.986007
0.989097
0.98603
0.986007
0.986007
0.986007
0.986007
0.98603
0.986007
0.986007
6.36599e-314
0.984352
0.984329
0.984329
0.984375
0.984329
0.984329
0.987419
0.984329
0.984363
0.984329
6.36599e-314
0.987859
0.987859
0.987917
0.987859
0.987917
0.987975
0.987882
0.987859
0.990949
0.987859
6.36599e-314
0.989363
0.986273
0.986273
0.986343
0.986343
0.986273
0.986273
0.986273
0.986273
0.986273
6.36599e-314
0.987072
0.987049
0.987049
0.987095
0.987072
0.987118
0.987049
0.987049
0.987072
0.990139
6.36599e-314
0.98963
0.989618
0.98963
0.989618
0.989618
0.989618
0.992708
0.989618
0.989664
0.989618
6.36599e-314
0.989896
0.992986
0.989896
0.989896
0.989896
0.989896
0.989896
0.989896
0.989896
0.989896
6.36599e-314
0.989514
0.989514
0.989514
0.989514
0.989514
0.989514
0.989514
0.992604
0.989514
0.989514
6.36599e-314
0.988935
0.988935
0.988935
0.988935
0.988935
0.992025
0.988935
0.988935
0.988935
0.988935
6.36599e-314
0.989931
0.989931
0.989931
0.989931
0.989931
0.993021
0.989931
0.989931
0.989931
0.989931
6.36599e-314
0.992812
0.995903
0.992812
0.992812
0.992812
0.992812
0.992812
0.992812
0.992812
0.992812
6.36599e-314
0.992153
0.992153
0.992153
0.992153
0.992153
0.992153
0.995243
0.992153
0.992211
0.992153
6.36599e-314
0.992431
0.995521
0.992431
0.992431
0.992442
0.992465
0.992431
0.992431
0.992431
0.992431
6.36599e-314
0.988773
0.988773
0.988796
0.988773
0.988785
0.988773
0.988773
0.988773
0.988773
0.991863
6.36599e-314
0.992118
0.992118
0.992118
0.992118
0.992118
0.992118
0.995208
0.992118
0.992118
0.992118
6.36599e-314
0.991968
0.991968
0.995058
0.991968
0.991968
0.991968
0.991968
0.991968
0.991968
0.991968
6.36599e-314
0.993819
0.993819
0.993819
0.993819
0.993819
0.993819
0.993819
0.993819
0.99691
0.993819
6.36599e-314
0.996979
0.993889
0.993889
0.9939
0.993889
0.9939
0.993889
0.993889
0.9939
0.993889
6.36599e-314
0.993866
0.993854
0.993854
0.993854
0.993854
0.993854
0.993854
0.993854
0.993854
0.996944
6.36599e-314
0.993924
0.993924
0.993924
0.997014
0.993924
0.993924
0.993924
0.993924
0.993924
0.993924
6.36599e-314
0.994039
0.994039
0.994039
0.994039
0.994039
0.994039
0.994039
0.994039
0.99713
0.994039
6.36599e-314
0.994306
0.994306
0.994306
0.994306
0.994306
0.994306
0.994306
0.994306
0.994306
0.997396
6.36599e-314
0.994549
0.994549
0.997639
0.994549
0.994549
0.994549
0.994549
0.994549
0.994549
0.994549
6.36599e-314
0.993125
0.993125
0.993125
0.993125
0.993125
0.993148
0.993125
0.993125
0.996215
0.993125
6.36599e-314
0.990938
0.990938
0.990938
0.990938
0.994028
0.990938
0.990938
0.990938
0.990938
0.990938
6.36599e-314
0.98566
0.98566
0.98875
0.98566
0.98566
0.98566
0.98566
0.98566
0.98566
0.98566
6.36599e-314
0.987049
0.987049
0.987049
0.987049
0.987095
0.987072
0.987072
0.987072
0.990139
0.987049
6.36599e-314
0.986319
0.986377
0.98941
0.986319
0.986319
0.986319
0.986319
0.986319
0.986319
0.986319
6.36599e-314
0.988808
0.988808
0.988808
0.988808
0.991898
0.988808
0.988808
0.988808
0.988808
0.988808
6.36599e-314
0.990984
0.990984
0.990984
0.994074
0.990984
0.990984
0.990984
0.990984
0.990984
0.990984
6.36599e-314
0.995347
0.995347
0.995347
0.995347
0.995347
0.998437
0.995347
0.995347
0.995347
0.995347
6.36599e-314
0.995556
0.995556
0.995556
0.998646
0.995556
0.995556
0.995579
0.995556
0.995556
0.995556
6.36599e-314
0.995451
0.995451
0.995451
0.995451
0.995451
0.998542
0.995451
0.995451
0.995451
0.995498
6.36599e-314
0.995394
0.995394
0.995394
0.995394
0.995394
0.998484
0.995394
0.995394
0.995394
0.995394
6.36599e-314
0.995069
0.99816
0.995069
0.995069
0.995069
0.995093
0.995069
0.995069
0.995069
0.995069
6.36599e-314
0.99375
0.99375
0.99375
0.99375
0.99375
0.99375
0.99375
0.993773
0.993773
0.99684
6.36599e-314
0.991563
0.988472
0.988472
0.988472
0.988472
0.988472
0.988472
0.988472
0.988472
0.988472
6.36599e-314
0.98816
0.98816
0.98816
0.988171
0.98816
0.98816
0.98816
0.98816
0.99125
0.98816
6.36599e-314
0.987211
0.990301
0.987211
0.987211
0.987211
0.987211
0.987234
0.987211
0.987211
0.987211
6.36599e-314
0.99103
0.99103
0.99103
0.99103
0.99103
0.99103
0.99103
0.99412
0.99103
0.99103
6.36599e-314
0.995313
0.995313
0.998403
0.995313
0.995313
0.995313
0.995336
0.995313
0.995313
0.995313
6.36599e-314
0.998472
0.995382
0.995382
0.995382
0.995382
0.995382
0.995382
0.995382
0.995382
0.995382
6.36599e-314
0.995451
0.995451
0.995451
0.995451
0.998542
0.995451
0.995451
0.995451
0.995451
0.995451
6.36599e-314
0.995347
0.995347
0.995347
0.995347
0.998437
0.995347
0.995347
0.995347
0.995347
0.995347
6.36599e-314
0.995486
0.995498
0.995486
0.995486
0.995486
0.995486
0.995486
0.998576
0.995498
0.995486
6.36599e-314
0.993646
0.993646
0.993646
0.993646
0.993646
0.993646
0.993646
0.993646
0.993646
0.996736
6.36599e-314
0.992847
0.995938
0.992847
0.992847
0.992847
0.992847
0.992847
0.992847
0.992847
0.992847
6.36599e-314
0.992269
0.992315
0.992245
0.992245
0.992245
0.995336
0.992245
0.992245
0.992245
0.992245
6.36599e-314
0.992292
0.992257
0.995347
0.992257
0.992257
0.992257
0.992257
0.992257
0.992257
0.992257
6.36599e-314
0.994653
0.994653
0.994664
0.997743
0.994653
0.994653
0.994653
0.994653
0.994653
0.994653
6.36599e-314
0.995208
0.995208
0.998299
0.995208
0.995208
0.995208
0.995208
0.995231
0.995208
0.995208
6.36599e-314
0.995521
0.995521
0.995521
0.998611
0.995544
0.995521
0.995521
0.995521
0.995521
0.995521
6.36599e-314
0.995833
0.999676
0.995833
0.995833
0.998924
0.995833
0.995856
0.995856
0.995833
0.995833
6.36599e-314
0.995799
0.998889
0.995799
0.995799
0.995799
0.995799
0.995799
0.995799
0.995799
0.995799
6.36599e-314
0.995764
0.995764
0.995764
0.998854
0.995764
0.995764
0.995764
0.995764
0.995764
0.995764
6.36599e-314
0.995833
0.995833
0.995833
0.995833
0.998924
0.999676
0.995833
0.995833
0.995833
0.995833
6.36599e-314
0.995671
0.995671
0.999514
0.995671
0.995671
0.995671
0.998762
0.995671
0.995671
0.995671
6.36599e-314
0.999433
0.99559
0.99559
0.99559
0.99559
0.998681
0.99559
0.99559
0.99559
0.99559
6.36599e-314
0.992245
0.992245
0.992245
0.992245
0.995336
0.992245
0.992245
0.992245
0.992245
0.992245
6.36599e-314
0.993912
0.993912
0.997755
0.993912
0.997002
0.993912
0.993912
0.993912
0.993912
0.993912
6.36599e-314
0.992188
0.995278
0.99603
0.992188
0.992188
0.992188
0.992188
0.992188
0.992188
0.992188
6.36599e-314
0.992674
0.992674
0.992674
0.996516
0.992674
0.992674
0.992674
0.992674
0.995764
0.992674
6.36599e-314
0.994028
0.994028
0.994028
0.994028
0.99787
0.994282
0.997118
0.994028
0.994028
0.994028
6.36599e-314
0.997986
0.994896
0.994896
0.994896
0.998738
0.994896
0.994896
0.994896
0.994896
0.994896
6.36599e-314
0.995394
0.995394
0.995394
0.998484
0.995394
0.995394
0.995394
0.995394
0.995394
0.999236
6.36599e-314
0.995625
0.995625
0.995625
0.995625
0.995625
0.995625
0.999468
0.995625
0.995625
0.998715
6.36599e-314
0.998576
0.995486
0.995486
0.995486
0.995486
0.995486
0.999329
0.995486
0.995486
0.995486
6.36599e-314
0.995451
0.999294
0.995451
0.995451
0.995451
0.995451
0.995451
0.995451
0.995451
0.998542
6.36599e-314
0.995706
0.995706
0.995706
0.995706
0.995706
0.995706
0.995706
0.998796
0.999549
0.995706
6.36599e-314
0.993785
0.993785
0.993785
0.993785
0.993785
0.997627
0.993785
0.993785
0.996875
0.993785
6.36599e-314
0.996389
0.993299
0.995683
0.993299
0.993299
0.993299
0.993299
0.993299
0.993299
0.993299
6.36599e-314
0.99559
0.99559
0.997928
0.99559
0.99559
0.99559
0.99559
0.998681
0.99559
0.99559
6.36599e-314
0.99566
0.99566
0.99566
0.99875
0.99566
0.99566
0.99566
0.997998
0.99566
0.99566
6.36599e-314
0.997963
0.995625
0.995625
0.995625
0.995625
0.995625
0.998715
0.995625
0.995625
0.995625
6.36599e-314
0.995313
0.995313
0.998403
0.995313
0.995313
0.995313
0.995313
0.995313
0.995313
0.99765
6.36599e-314
0.994826
0.997164
0.994826
0.994826
0.994826
0.994826
0.994826
0.994826
0.994826
0.997917
6.36599e-314
0.998785
0.995694
0.995694
0.995694
0.995694
0.995694
0.998032
0.995694
0.995694
0.995694
6.36599e-314
0.995313
0.995313
0.995313
0.995313
0.995313
0.995313
0.99765
0.995313
0.998403
0.995313
6.36599e-314
0.995174
0.997512
0.995174
0.995174
0.995174
0.998264
0.995174
0.995174
0.995174
0.995174
6.36599e-314
0.995556
0.995556
0.995556
0.998646
0.995556
0.997894
0.995556
0.995556
0.995556
0.995556
6.36599e-314
0.995556
0.995556
0.997894
0.995556
0.995556
0.995556
0.995556
0.995556
0.998646
0.995556
6.36599e-314
0.994722
0.994722
0.997812
0.994722
0.994722
0.994722
0.994722
0.994722
0.99706
0.994722
6.36599e-314
0.993993
0.993993
0.993993
0.997083
0.993993
0.993993
0.996331
0.993993
0.993993
0.993993
6.36599e-314
0.995208
0.995208
0.995208
0.995208
0.998299
0.995208
0.995208
0.995208
0.995208
0.997546
6.36599e-314
0.998056
0.995718
0.995718
0.998808
0.995718
0.995718
0.995718
0.995718
0.995718
0.995718
6.36599e-314
0.995833
0.995833
0.995833
0.995833
0.995833
0.995833
0.995833
0.995833
0.998171
0.995833
6.36599e-314
0.998924
0.998171
0.995833
0.995833
0.995833
0.995833
0.995833
0.995833
0.995833
0.995833
6.36599e-314
0.995764
0.995764
0.995764
0.995764
0.995764
0.995764
0.995764
0.995764
0.995764
0.998102
6.36599e-314
0.995799
0.995799
0.995799
0.998137
0.995799
0.995799
0.995799
0.995799
0.995799
0.995799
6.36599e-314
0.995799
0.995799
0.995799
0.995799
0.995799
0.995799
0.998137
0.995799
0.995799
0.995799
6.36599e-314
0.997963
0.995625
0.995625
0.995625
0.995625
0.995625
0.995625
0.995625
0.995625
0.995625
6.36599e-314
0.995625
0.995625
0.995625
0.995625
0.995625
0.997963
0.995625
0.995625
0.995625
0.995625
6.36599e-314
0.994826
0.994826
0.994826
0.997164
0.994826
0.994826
0.994826
0.994826
0.994826
0.994826
6.36599e-314
0.99375
0.99375
0.99375
0.99375
0.99375
0.99375
0.99375
0.99375
0.996088
0.99375
6.36599e-314
0.994456
0.992141
0.992118
0.992118
0.992118
0.992118
0.992118
0.992118
0.992118
0.992118
6.36599e-314
0.990347
0.990347
0.990347
0.990347
0.990347
0.990347
0.990347
0.990347
0.990347
0.992685
6.36599e-314
0.990637
0.990637
0.990637
0.990637
0.990637
0.992975
0.990637
0.990637
0.990637
0.990637
6.36599e-314
0.992674
0.992674
0.992674
0.992674
0.992674
0.992674
0.995012
0.992674
0.992674
0.992674
6.36599e-314
0.994201
0.994201
0.996539
0.994201
0.994201
0.994201
0.994201
0.994201
0.994201
0.994201
6.36599e-314
0.993403
0.993403
0.993403
0.993403
0.993403
0.995741
0.993403
0.993403
0.993403
0.993403
6.36599e-314
0.992083
0.992083
0.992083
0.992083
0.992106
0.994421
0.992083
0.992083
0.992083
0.992083
6.36599e-314
0.991771
0.991771
0.991771
0.991771
0.991771
0.994109
0.991771
0.991771
0.991771
0.991771
6.36599e-314
0.991192
0.988854
0.988854
0.988854
0.988854
0.988854
0.988854
0.988854
0.988854
0.988854
6.36599e-314
0.989167
0.989167
0.989167
0.989167
0.989167
0.989167
0.989167
0.991505
0.989167
0.989167
6.36599e-314
0.991262
0.988924
0.988924
0.988924
0.988924
0.988924
0.988924
0.988924
0.988924
0.988924
6.36599e-314
0.987743
0.987743
0.987743
0.987743
0.990081
0.987743
0.987743
0.987743
0.987743
0.987743
6.36599e-314
0.98816
0.98816
0.98816
0.990498
0.98816
0.98816
0.98816
0.98816
0.98816
0.98816
6.36599e-314
0.988299
0.988299
0.988299
0.988299
0.988299
0.988299
0.988299
0.988299
0.988299
0.990637
6.36599e-314
0.987986
0.990324
0.987986
0.987986
0.987986
0.987986
0.987986
0.987986
0.987986
0.987986
6.36599e-314
0.987292
0.987292
0.987292
0.987292
0.987292
0.987292
0.987292
0.987292
0.987292
0.98963
6.36599e-314
0.98816
0.98816
0.98816
0.98816
0.98816
0.98816
0.98816
0.98816
0.990498
0.98816
6.36599e-314
0.987535
0.987535
0.989873
0.987535
0.987535
0.987535
0.987535
0.987535
0.987535
0.987535
6.36599e-314
0.98816
0.98816
0.98816
0.98816
0.98816
0.98816
0.990498
0.98816
0.98816
0.98816
6.36599e-314
0.990463
0.988125
0.988125
0.988125
0.988125
0.988125
0.988125
0.988125
0.988125
0.988125
6.36599e-314
0.987847
0.987847
0.987847
0.987847
0.987847
0.987847
0.990185
0.987847
0.987847
0.98787
6.36599e-314
0.987257
0.989595
0.987257
0.987257
0.987257
0.987257
0.987257
0.987257
0.987257
0.987257
6.36599e-314
0.987743
0.987743
0.987743
0.987789
0.987743
0.987743
0.990081
0.987743
0.987789
0.987743
6.36599e-314
0.987639
0.989977
0.987639
0.987639
0.987639
0.987639
0.987639
0.987639
0.987639
0.987639
6.36599e-314
0.987766
0.987743
0.987743
0.987743
0.990081
0.987743
0.987743
0.987743
0.987766
0.987743
6.36599e-314
0.985347
0.985347
0.985359
0.985347
0.985347
0.985359
0.98537
0.985347
0.987685
0.985347
6.36599e-314
0.986227
0.983889
0.983889
0.983889
0.983889
0.983889
0.983889
0.983889
0.983889
0.983889
6.36599e-314
0.981019
0.981007
0.981007
0.981007
0.981007
0.981007
0.981007
0.981007
0.983345
0.981007
6.36599e-314
0.980845
0.978507
0.978507
0.978519
0.978507
0.978507
0.978507
0.978507
0.978519
0.978507
6.36599e-314
0.977882
0.977882
0.977882
0.977882
0.98022
0.977882
0.977882
0.977882
0.977882
0.977882
6.36599e-314
0.974063
0.974063
0.974063
0.974063
0.9764
0.974063
0.974063
0.974063
0.974063
0.974063
6.36599e-314
0.973681
0.973681
0.973681
0.976019
0.973681
0.973681
0.973681
0.973681
0.973681
0.973681
6.36599e-314
0.968403
0.970741
0.968403
0.968403
0.968403
0.968403
0.968403
0.968403
0.968403
0.968403
6.36599e-314
0.971701
0.971713
0.971701
0.971701
0.971701
0.971701
0.971701
0.974039
0.971701
0.971701
6.36599e-314
0.97206
0.97206
0.97206
0.97206
0.97206
0.97206
0.972083
0.974398
0.97206
0.97206
6.36599e-314
0.970868
0.970845
0.970845
0.970845
0.970845
0.970845
0.973183
0.970845
0.970845
0.970845
6.36599e-314
0.972812
0.972812
0.972812
0.97515
0.972812
0.972812
0.972812
0.972812
0.972812
0.972812
6.36599e-314
0.972569
0.972569
0.972569
0.972581
0.974907
0.972569
0.972569
0.972569
0.972569
0.972569
6.36599e-314
0.975938
0.975938
0.975938
0.975938
0.975972
0.975938
0.978275
0.975938
0.975938
0.975938
6.36599e-314
0.974861
0.974861
0.974861
0.974861
0.974861
0.974861
0.974861
0.977199
0.974861
0.974873
6.36599e-314
0.972187
0.972187
0.972187
0.974525
0.972187
0.972187
0.972187
0.972187
0.972187
0.972187
6.36599e-314
0.972222
0.972234
0.972222
0.972222
0.972222
0.972222
0.972222
0.972222
0.97456
0.972222
6.36599e-314
0.972095
0.972083
0.972095
0.972083
0.972083
0.972106
0.972083
0.974421
0.972083
0.972083
6.36599e-314
0.973831
0.971493
0.971493
0.971493
0.971493
0.971493
0.971493
0.971493
0.971493
0.971493
6.36599e-314
0.971053
0.971042
0.971053
0.971042
0.971042
0.971042
0.971042
0.971042
0.971042
0.97338
6.36599e-314
0.971146
0.971146
0.971169
0.971146
0.971146
0.971146
0.973484
0.971146
0.971146
0.971146
6.36599e-314
0.970069
0.970069
0.970069
0.970069
0.970093
0.970069
0.970069
0.970069
0.970069
0.972407
6.36599e-314
0.970347
0.970347
0.970347
0.972685
0.970347
0.970347
0.970347
0.970347
0.970347
0.970347
6.36599e-314
0.969722
0.969722
0.969722
0.969722
0.969722
0.969722
0.969722
0.969722
0.97206
0.969722
6.36599e-314
0.970313
0.970313
0.970313
0.97265
0.970313
0.970313
0.970313
0.970313
0.970313
0.970313
6.36599e-314
0.97066
0.97066
0.97066
0.97066
0.97066
0.97066
0.97066
0.97066
0.97066
0.972998
6.36599e-314
0.969722
0.969734
0.969734
0.97206
0.969722
0.969722
0.969734
0.969722
0.969722
0.969722
6.36599e-314
0.971528
0.971528
0.971528
0.971528
0.971528
0.971528
0.971528
0.971528
0.971528
0.973866
6.36599e-314
0.970764
0.970764
0.973102
0.970764
0.970764
0.970764
0.970764
0.970764
0.970764
0.970764
6.36599e-314
0.968993
0.968993
0.968993
0.968993
0.968993
0.968993
0.971331
0.968993
0.968993
0.968993
6.36599e-314
0.968368
0.970706
0.968368
0.968368
0.968368
0.968368
0.96838
0.968368
0.968368
0.968368
6.36599e-314
0.974028
0.974028
0.974028
0.974028
0.974028
0.974028
0.974028
0.976366
0.974028
0.974028
6.36599e-314
0.975278
0.975278
0.975278
0.977616
0.975278
0.975278
0.975278
0.975278
0.975278
0.975278
6.36599e-314
0.975069
0.975069
0.977407
0.975069
0.975069
0.975069
0.975069
0.975069
0.975116
0.975069
6.36599e-314
0.974271
0.974271
0.974271
0.974271
0.976609
0.974271
0.974271
0.974271
0.974271
0.974271
6.36599e-314
0.973958
0.973958
0.974028
0.973958
0.973958
0.973958
0.973958
0.973958
0.976296
0.973958
6.36599e-314
0.974942
0.974931
0.974931
0.974931
0.977269
0.974931
0.974931
0.974931
0.974942
0.974931
6.36599e-314
0.977407
0.975069
0.975069
0.975139
0.975069
0.975069
0.975069
0.975069
0.975081
0.975081
6.36599e-314
0.975556
0.975556
0.975567
0.975556
0.975579
0.975556
0.975556
0.975556
0.975556
0.977894
6.36599e-314
0.975104
0.975104
0.975104
0.977442
0.975104
0.975104
0.975104
0.975104
0.975104
0.975104
6.36599e-314
0.976424
0.976424
0.976424
0.976424
0.976447
0.976424
0.976424
0.976424
0.976424
0.976424
6.36599e-314
0.976042
0.976053
0.976042
0.976042
0.976042
0.976053
0.976042
0.976042
0.97838
0.976042
6.36599e-314
0.976007
0.976007
0.976019
0.976019
0.976007
0.976019
0.976007
0.976007
0.976007
0.976007
6.36599e-314
0.977535
0.977535
0.979873
0.977535
0.977535
0.977535
0.977535
0.977535
0.977535
0.977627
6.36599e-314
0.977014
0.977014
0.977014
0.977014
0.97706
0.977014
0.977014
0.977025
0.977014
0.977025
6.36599e-314
0.970139
0.970139
0.970139
0.970139
0.970139
0.970139
0.970139
0.970243
0.974005
0.970139
6.36599e-314
0.969722
0.969769
0.969722
0.969722
0.969722
0.969722
0.969884
0.969722
0.969722
0.969722
6.36599e-314
0.970185
0.970174
0.970174
0.970174
0.970174
0.970174
0.974039
0.970174
0.970174
0.970208
6.36599e-314
0.970451
0.970451
0.970451
0.970451
0.970451
0.970463
0.970451
0.970451
0.970451
0.970463
6.36599e-314
0.972373
0.968715
0.968715
0.968715
0.968715
0.968715
0.968715
0.968715
0.968715
0.968715
6.36599e-314
0.968437
0.968437
0.968437
0.968437
0.968437
0.968437
0.968437
0.968437
0.968437
0.968437
6.36599e-314
0.967778
0.967778
0.967778
0.967778
0.967778
0.967778
0.967778
0.967778
0.967778
0.967778
6.36599e-314
0.971609
0.971597
0.971597
0.971597
0.971597
0.971597
0.971597
0.971597
0.971597
0.971597
6.36599e-314
0.971146
0.971146
0.971146
0.971146
0.971146
0.971146
0.971146
0.971146
0.971146
0.971146
6.36599e-314
0.971806
0.971806
0.975463
0.971806
0.971806
0.971806
0.971806
0.971806
0.971806
0.971806
6.36599e-314
0.970694
0.970706
0.970694
0.970706
0.970694
0.970694
0.970694
0.970706
0.970694
0.970694
6.36599e-314
0.971875
0.971887
0.971875
0.971875
0.971875
0.971875
0.971875
0.971875
0.971875
0.971875
6.36599e-314
0.967917
0.967917
0.967917
0.967917
0.967917
0.967917
0.967917
0.967928
0.967917
0.967917
6.36599e-314
0.968021
0.968021
0.968021
0.968021
0.968021
0.968021
0.968021
0.968021
0.968021
0.968021
6.36599e-314
0.970972
0.970972
0.970972
0.970972
0.970972
0.970972
0.970972
0.970972
0.970972
0.970972
6.36599e-314
0.970208
0.970208
0.970208
0.970208
0.970208
0.970208
0.970208
0.970208
0.970208
0.970208
6.36599e-314
0.970972
0.970972
0.970972
0.970972
0.970972
0.970972
0.970972
0.970972
0.970972
0.970972
6.36599e-314
0.971134
0.971134
0.971134
0.971134
0.971134
0.971134
0.971134
0.971134
0.971134
0.971134
6.36599e-314
0.971146
0.971146
0.971146
0.971146
0.971146
0.971146
0.971146
0.971146
0.971146
0.971146
6.36599e-314
0.971771
0.971771
0.971771
0.971771
0.971771
0.971771
0.971794
0.971782
0.971771
0.971794
6.36599e-314
0.971262
0.971273
0.97125
0.971262
0.97125
0.971273
0.97125
0.971262
0.97125
0.97125
6.36599e-314
0.969514
0.969514
0.969514
0.969514
0.969514
0.969514
0.969514
0.969514
0.969514
0.969514
6.36599e-314
0.969583
0.969583
0.969583
0.969583
0.969606
0.969583
0.969583
0.969583
0.969583
0.969583
6.36599e-314
0.970451
0.970451
0.970451
0.970451
0.970463
0.970451
0.970451
0.970451
0.970463
0.970451
6.36599e-314
0.97125
0.971262
0.97125
0.97125
0.97125
0.97125
0.97125
0.97125
0.97125
0.971262
6.36599e-314
0.971528
0.971528
0.971528
0.971528
0.971528
0.971528
0.971539
0.971539
0.971528
0.971528
6.36599e-314
0.972222
0.972222
0.972222
0.972222
0.972222
0.972222
0.972222
0.972222
0.972222
0.972222
6.36599e-314
0.972465
0.972465
0.972465
0.972465
0.972465
0.972465
0.972465
0.972465
0.972465
0.972465
6.36599e-314
0.974549
0.974549
0.974549
0.974549
0.974549
0.974549
0.974549
0.974549
0.974549
0.974549
6.36599e-314
0.974201
0.974201
0.974201
0.974201
0.974225
0.974225
0.974225
0.974201
0.974201
0.974201
6.36599e-314
0.969688
0.969688
0.969688
0.969688
0.969688
0.969688
0.969688
0.969688
0.969688
0.969688
6.36599e-314
0.969063
0.969063
0.969063
0.969063
0.969063
0.969063
0.969063
0.969063
0.969063
0.969063
6.36599e-314
0.973403
0.973403
0.973403
0.973403
0.973403
0.973403
0.973414
0.973403
0.973414
0.973403
6.36599e-314
0.974039
0.974028
0.974028
0.974028
0.974028
0.974028
0.974028
0.974039
0.974028
0.974028
6.36599e-314
0.972326
0.972338
0.972326
0.972326
0.972326
0.972326
0.972338
0.972326
0.972326
0.972326
6.36599e-314
0.965868
0.965868
0.965868
0.965868
0.965868
0.965868
0.965868
0.965868
0.965868
0.965868
6.36599e-314
0.965023
0.965
0.965
0.965
0.965
0.965
0.965
0.965
0.965
0.965
6.36599e-314
0.967222
0.967222
0.967222
0.967222
0.967222
0.967222
0.967222
0.967222
0.967222
0.967222
6.36599e-314
0.966215
0.966215
0.966215
0.966215
0.966215
0.966215
0.966215
0.966215
0.966215
0.966215
6.36599e-314
0.966667
0.966667
0.966667
0.966667
0.966678
0.966667
0.966667
0.966667
0.966667
0.966678
6.36599e-314
0.965972
0.965972
0.965972
0.965972
0.965972
0.965972
0.965972
0.965972
0.965972
0.965972
6.36599e-314
0.96566
0.96566
0.96566
0.96566
0.96566
0.96566
0.96566
0.96566
0.96566
0.96566
6.36599e-314
0.966424
0.966424
0.966424
0.966424
0.966424
0.966424
0.966424
0.966424
0.966424
0.966424
6.36599e-314
0.967535
0.967535
0.967535
0.967535
0.967535
0.967535
0.967535
0.967535
0.967535
0.967535
6.36599e-314
0.968403
0.968403
0.968403
0.968403
0.968403
0.968403
0.968403
0.968403
0.968403
0.968403
6.36599e-314
0.966597
0.966597
0.966597
0.966597
0.966597
0.966597
0.966597
0.966597
0.966597
0.966597
6.36599e-314
0.964653
0.964653
0.964653
0.964653
0.964653
0.964653
0.964653
0.964653
0.964653
0.964653
6.36599e-314
0.964757
0.964757
0.964757
0.964757
0.964757
0.964757
0.964757
0.964757
0.964757
0.964757
6.36599e-314
0.965556
0.965556
0.965556
0.965556
0.965556
0.965556
0.965556
0.965556
0.965556
0.965556
6.36599e-314
0.966424
0.966424
0.966424
0.966424
0.966424
0.966424
0.966424
0.966424
0.966424
0.966424
6.36599e-314
0.966458
0.966458
0.966458
0.966458
0.966458
0.966458
0.966458
0.966458
0.966458
0.966458
6.36599e-314
0.964896
0.964896
0.964896
0.964896
0.964896
0.964896
0.964896
0.964896
0.964907
0.964896
6.36599e-314
0.965035
0.965035
0.965046
0.965035
0.965035
0.965035
0.965035
0.965035
0.965035
0.965035
6.36599e-314
0.965868
0.965868
0.965868
0.965868
0.965868
0.965868
0.965868
0.965868
0.965868
0.965868
6.36599e-314
0.964965
0.964965
0.964965
0.964965
0.964965
0.964965
0.964965
0.964965
0.964965
0.964965
6.36599e-314
0.966042
0.966053
0.966042
0.966042
0.966053
0.966042
0.966042
0.966042
0.966042
0.966042
6.36599e-314
0.966215
0.966215
0.966215
0.966215
0.966215
0.966227
0.966215
0.966215
0.966215
0.966215
6.36599e-314
0.964514
0.964514
0.964514
0.964514
0.964514
0.964514
0.964514
0.964514
0.964514
0.964514
6.36599e-314
0.963924
0.963924
0.963924
0.963924
0.963924
0.963924
0.963935
0.963924
0.963924
0.963924
6.36599e-314
0.963854
0.963854
0.963866
0.963854
0.963854
0.963854
0.963866
0.963854
0.963854
0.963854
6.36599e-314
0.966875
0.966875
0.966875
0.966875
0.966875
0.966875
0.966875
0.966875
0.966875
0.966875
6.36599e-314
0.965556
0.965556
0.965556
0.965556
0.965556
0.965567
0.965556
0.965556
0.965556
0.965556
6.36599e-314
0.961528
0.961528
0.961528
0.961528
0.961528
0.961528
0.961528
0.961528
0.961528
0.961528
6.36599e-314
0.96309
0.96309
0.96309
0.96309
0.96309
0.963102
0.96309
0.96309
0.96309
0.96309
6.36599e-314
0.965035
0.965035
0.965035
0.965035
0.965035
0.965035
0.965035
0.965035
0.965035
0.965035
6.36599e-314
0.965208
0.965208
0.965208
0.965208
0.965208
0.965208
0.965208
0.965208
0.965208
0.965208
6.36599e-314
0.963611
0.963646
0.963611
0.963611
0.963611
0.963646
0.963611
0.963611
0.963611
0.963611
6.36599e-314
0.964063
0.964063
0.964063
0.964063
0.964063
0.964063
0.964063
0.964063
0.964063
0.964063
6.36599e-314
0.965486
0.965486
0.965509
0.965486
0.965486
0.965486
0.965486
0.965486
0.965486
0.965509
6.36599e-314
0.96581
0.965799
0.96581
0.965799
0.96581
0.96581
0.965799
0.965799
0.965799
0.965799
6.36599e-314
0.970764
0.970764
0.970764
0.970764
0.970764
0.970764
0.970764
0.970764
0.970764
0.970764
6.36599e-314
0.977025
0.977025
0.977025
0.977025
0.977025
0.977025
0.977025
0.977025
0.977025
0.977025
6.36599e-314
0.979062
0.979062
0.979062
0.979062
0.979062
0.979062
0.979062
0.979062
0.979062
0.979062
6.36599e-314
0.984838
0.984838
0.984838
0.984838
0.984838
0.984838
0.984838
0.984838
0.984838
0.984838
6.36599e-314
0.988958
0.988958
0.988958
0.988958
0.988958
0.988958
0.988958
0.988958
0.988958
0.988958
6.36599e-314
0.989572
0.989618
0.989572
0.989572
0.989572
0.989572
0.989595
0.989572
0.989618
0.989572
6.36599e-314
0.985451
0.985451
0.985451
0.985451
0.985451
0.985451
0.985451
0.985451
0.985451
0.985451
6.36599e-314
0.98456
0.98456
0.98456
0.98456
0.98456
0.98456
0.98456
0.98456
0.98456
0.98456
6.36599e-314
0.987431
0.987442
0.987431
0.987431
0.987442
0.987454
0.987431
0.987431
0.987431
0.987431
6.36599e-314
0.990417
0.990428
0.990417
0.990428
0.990417
0.990417
0.990417
0.990428
0.990417
0.990417
6.36599e-314
0.991493
0.991516
0.991493
0.991516
0.991493
0.991493
0.991493
0.991493
0.991493
0.991493
6.36599e-314
0.993137
0.993125
0.993125
0.993137
0.993125
0.993125
0.993125
0.993125
0.993125
0.993125
6.36599e-314
0.992546
0.992546
0.992546
0.992546
0.992546
0.992569
0.992546
0.992546
0.992546
0.992546
6.36599e-314
0.993356
0.993356
0.993345
0.993345
0.993345
0.993356
0.993345
0.993345
0.993345
0.993356
6.36599e-314
0.993333
0.993333
0.993333
0.993333
0.993333
0.993333
0.993333
0.993333
0.993333
0.993333
6.36599e-314
0.992674
0.992697
0.992674
0.992674
0.992674
0.992674
0.992697
0.992674
0.992674
0.992674
6.36599e-314
0.993125
0.993125
0.993125
0.993125
0.993125
0.993125
0.993171
0.993125
0.993148
0.993148
6.36599e-314
0.991991
0.991991
0.991991
0.991991
0.992083
0.991991
0.991991
0.991991
0.991991
0.991991
6.36599e-314
0.991053
0.991053
0.991076
0.991053
0.991053
0.991053
0.991053
0.991076
0.991053
0.991053
6.36599e-314
0.988553
0.988553
0.988553
0.988576
0.988565
0.988553
0.988553
0.988553
0.988565
0.988576
6.36599e-314
0.986343
0.986308
0.986308
0.986308
0.986308
0.986331
0.986308
0.986319
0.986308
0.986343
6.36599e-314
0.986458
0.986458
0.986458
0.986458
0.986458
0.986458
0.986458
0.986458
0.986458
0.986458
6.36599e-314
0.987743
0.987743
0.987743
0.987766
0.987743
0.987743
0.987743
0.987743
0.987743
0.987743
6.36599e-314
0.988275
0.988264
0.988264
0.988264
0.988264
0.988275
0.988264
0.988264
0.988264
0.988264
6.36599e-314
0.991007
0.989456
0.989456
0.989456
0.989468
0.989468
0.989456
0.989456
0.989456
0.989456
6.36599e-314
0.991771
0.991771
0.991771
0.991782
0.991782
0.991771
0.991771
0.991771
0.991771
0.993322
6.36599e-314
0.99353
0.995058
0.993553
0.993553
0.993507
0.993507
0.993507
0.993507
0.993553
0.993553
6.36599e-314
0.98794
0.988044
0.98794
0.987951
0.988044
0.987963
0.988403
0.987963
0.98794
0.987951
6.36599e-314
0.987396
0.987361
0.988681
0.987384
0.987361
0.987361
0.987419
0.987384
0.987361
0.988704
6.36599e-314
0.985625
0.985625
0.985625
0.986377
0.985625
0.985625
0.985625
0.98713
0.985625
0.985625
6.36599e-314
0.980972
0.981157
0.980972
0.981019
0.980972
0.980972
0.980972
0.980972
0.980972
0.981111
6.36599e-314
0.989583
0.988148
0.988148
0.988148
0.988148
0.988148
0.988148
0.988148
0.988148
0.989271
6.36599e-314
0.988484
0.988356
0.988241
0.988241
0.988356
0.988229
0.988229
0.989387
0.988229
0.988241
6.36599e-314
0.989444
0.989965
0.989468
0.990868
0.989444
0.989444
0.989699
0.989444
0.989456
0.989444
6.36599e-314
0.99066
0.990301
0.990405
0.990532
0.990301
0.990278
0.990301
0.992627
0.990336
0.99066
6.36599e-314
0.986875
0.986944
0.990463
0.986944
0.986875
0.986875
0.986875
0.986875
0.986875
0.986875
6.36599e-314
0.989028
0.992616
0.989028
0.989097
0.989028
0.989097
0.989028
0.99287
0.989028
0.989097
6.36599e-314
0.984919
0.984919
0.984919
0.984919
0.984919
0.984919
0.984931
0.984965
0.984919
0.984919
6.36599e-314
0.988194
0.988194
0.988194
0.988194
0.988287
0.988194
0.988194
0.988194
0.988287
0.988287
6.36599e-314
0.987778
0.987743
0.987743
0.987743
0.987743
0.987743
0.987743
0.987743
0.987743
0.987743
6.36599e-314
0.985972
0.985995
0.985972
0.985995
0.985972
0.985972
0.986088
0.985972
0.985972
0.985972
6.36599e-314
0.987882
0.987882
0.987882
0.987882
0.987882
0.987951
0.987917
0.987882
0.987917
0.987882
6.36599e-314
0.988021
0.988021
0.988021
0.988044
0.988021
0.98809
0.988021
0.988021
0.988021
0.988044
6.36599e-314
0.992153
0.992153
0.992153
0.992153
0.992153
0.992153
0.992153
0.992153
0.992153
0.992153
6.36599e-314
0.993866
0.993819
0.993819
0.993819
0.993819
0.993819
0.993819
0.993819
0.993819
0.993819
6.36599e-314
0.993437
0.993437
0.993437
0.993461
0.993437
0.993437
0.993437
0.993437
0.993437
0.993437
6.36599e-314
0.992396
0.992396
0.992396
0.992396
0.992396
0.992396
0.992396
0.992396
0.992396
0.992396
6.36599e-314
0.990868
0.990868
0.990868
0.990914
0.990868
0.990868
0.990868
0.990868
0.990914
0.990868
6.36599e-314
0.990405
0.990405
0.990405
0.990428
0.990405
0.990405
0.990405
0.990405
0.990405
0.990405
6.36599e-314
0.9914
0.991389
0.991389
0.991389
0.9914
0.991389
0.991389
0.991389
0.991389
0.9914
6.36599e-314
0.993773
0.993773
0.997361
0.993773
0.993773
0.993773
0.993773
0.993773
0.993773
0.993773
6.36599e-314
0.994687
0.994687
0.994687
0.994687
0.994687
0.994687
0.994687
0.994687
0.994687
0.994687
6.36599e-314
0.995382
0.995382
0.995382
0.995382
0.995382
0.995382
0.995382
0.995382
0.995382
0.995382
6.36599e-314
0.995764
0.995764
0.995764
0.995764
0.995764
0.995764
0.995764
0.995764
0.995764
0.995764
6.36599e-314
0.995833
0.995833
0.995833
0.995833
0.995833
0.995833
0.995833
0.995833
0.995833
0.995833
6.36599e-314
0.995729
0.995729
0.995729
0.995729
0.995729
0.995729
0.995729
0.995729
0.995729
0.995729
6.36599e-314
0.995764
0.995764
0.995764
0.995764
0.995764
0.995764
0.995764
0.995764
0.995764
0.995764
6.36599e-314
0.99559
0.99559
0.99559
0.99559
0.99559
0.99559
0.99559
0.99559
0.99559
0.99559
6.36599e-314
0.995625
0.995625
0.995625
0.995625
0.995625
0.995625
0.995625
0.995625
0.995625
0.995625
6.36599e-314
0.995625
0.995625
0.995625
0.995625
0.995625
0.995625
0.995625
0.995625
0.995625
0.995625
6.36599e-314
0.995694
0.995694
0.995694
0.995694
0.995694
0.995694
0.995694
0.995694
0.995694
0.995694
6.36599e-314
0.995694
0.995694
0.995694
0.995694
0.995694
0.995694
0.995787
0.995694
0.995694
0.995694
6.36599e-314
0.995694
0.995694
0.995694
0.995694
0.995694
0.995694
0.995694
0.995694
0.995694
0.995787
6.36599e-314
0.995694
0.995694
0.995694
0.995787
0.995694
0.995694
0.995694
0.995694
0.995694
0.995694
6.36599e-314
0.995764
0.995764
0.995764
0.995764
0.995856
0.995764
0.995764
0.995764
0.995764
0.995764
6.36599e-314
0.995787
0.995694
0.995694
0.995694
0.995694
0.995694
0.995694
0.995694
0.995694
0.995694
6.36599e-314
0.995069
0.995069
0.995069
0.995069
0.995069
0.995069
0.995069
0.995069
0.995069
0.995162
6.36599e-314
0.994444
0.994444
0.994444
0.994468
0.994537
0.994444
0.994444
0.994444
0.994444
0.994444
6.36599e-314
0.995
0.995
0.995
0.995
0.995
0.995
0.995
0.995093
0.995
0.995
6.36599e-314
0.995255
0.995347
0.995255
0.995278
0.995255
0.995255
0.995255
0.995255
0.995255
0.995255
6.36599e-314
0.994653
0.994653
0.994653
0.994653
0.994653
0.994653
0.994653
0.994653
0.994653
0.994745
6.36599e-314
0.994155
0.994062
0.994062
0.994062
0.994062
0.994062
0.994062
0.994062
0.994062
0.994062
6.36599e-314
0.993958
0.993958
0.993958
0.993958
0.994051
0.993958
0.993958
0.993958
0.993958
0.993958
6.36599e-314
0.995613
0.995613
0.995613
0.995613
0.995613
0.995613
0.995706
0.995613
0.995613
0.995613
6.36599e-314
0.995856
0.995764
0.995764
0.995764
0.995764
0.995764
0.995764
0.995764
0.995764
0.995787
6.36599e-314
0.995521
0.995521
0.995521
0.995521
0.995521
0.995521
0.995521
0.995613
0.995521
0.995521
6.36599e-314
0.995127
0.995035
0.995035
0.995035
0.995035
0.995035
0.995035
0.995035
0.995035
0.995035
6.36599e-314
0.99559
0.99559
0.99559
0.99559
0.99559
0.99559
0.99559
0.995683
0.99559
0.99559
6.36599e-314
0.9925
0.9925
0.992593
0.9925
0.9925
0.9925
0.9925
0.9925
0.9925
0.9925
6.36599e-314
0.991181
0.991181
0.991273
0.991181
0.991181
0.991181
0.991181
0.991181
0.991181
0.991181
6.36599e-314
0.991597
0.99169
0.991597
0.991597
0.991597
0.991597
0.991597
0.991597
0.991597
0.991597
6.36599e-314
0.991806
0.991898
0.991806
0.991806
0.991806
0.991806
0.991806
0.991806
0.991817
0.991806
6.36599e-314
0.994896
0.994896
0.994896
0.994896
0.994896
0.994988
0.994896
0.994896
0.994896
0.994896
6.36599e-314
0.995926
0.995833
0.995833
0.995833
0.995833
0.995833
0.995833
0.995833
0.995833
0.995833
6.36599e-314
0.995833
0.995833
0.995833
0.995833
0.995833
0.995926
0.995833
0.995833
0.995833
0.995833
6.36599e-314
0.995833
0.995926
0.995833
0.995856
0.995833
0.995833
0.995833
0.995833
0.995833
0.995833
6.36599e-314
0.995833
0.995833
0.995833
0.995833
0.995833
0.995833
0.995833
0.995833
0.995926
0.995833
6.36599e-314
0.995833
0.995833
0.995833
0.995833
0.995926
0.995833
0.995833
0.995833
0.995833
0.995833
6.36599e-314
0.995833
0.995833
0.995833
0.995833
0.995833
0.995833
0.995926
0.995833
0.995833
0.995833
6.36599e-314
0.995833
0.995833
0.995833
0.995926
0.995833
0.995833
0.995833
0.995833
0.995833
0.995833
6.36599e-314
0.995833
0.995833
0.995833
0.995833
0.995926
0.995833
0.995833
0.995833
0.995833
0.995833
6.36599e-314
0.995833
0.995833
0.995833
0.995833
0.995926
0.995833
0.995833
0.995833
0.995833
0.995833
6.36599e-314
0.995856
0.995833
0.995833
0.995926
0.995833
0.995833
0.995833
0.995833
0.995833
0.995833
6.36599e-314
0.995833
0.995833
0.995833
0.995833
0.995833
0.995833
0.995833
0.995833
0.995833
0.995926
6.36599e-314
0.995833
0.995833
0.995833
0.995926
0.995833
0.995833
0.995833
0.995833
0.995833
0.995833
6.36599e-314
0.995833
0.995833
0.995833
0.995926
0.995833
0.995833
0.995833
0.995833
0.995833
0.995833
6.36599e-314
0.995243
0.995243
0.995243
0.995243
0.995243
0.995243
0.995336
0.995243
0.995243
0.995243
6.36599e-314
0.995162
0.995069
0.995069
0.995069
0.995069
0.995069
0.995069
0.995081
0.995069
0.995069
6.36599e-314
0.994861
0.994861
0.994861
0.994954
0.994861
0.994861
0.994861
0.994861
0.994861
0.994861
6.36599e-314
0.99375
0.993715
0.993715
0.993715
0.993715
0.993715
0.993715
0.99375
0.993808
0.993715
6.36599e-314
0.992639
0.992731
0.992639
0.992639
0.992639
0.992662
0.992639
0.992639
0.992639
0.992639
6.36599e-314
0.992118
0.992118
0.992118
0.992118
0.992118
0.992211
0.992118
0.992118
0.992118
0.992118
6.36599e-314
0.992928
0.992975
0.992882
0.992882
0.992928
0.992882
0.992882
0.992894
0.992882
0.992882
6.36599e-314
0.991597
0.991597
0.991609
0.991597
0.991597
0.991597
0.991597
0.99162
0.99169
0.99162
6.36599e-314
0.991354
0.991354
0.991354
0.991354
0.991447
0.991354
0.991354
0.991354
0.991354
0.991366
6.36599e-314
0.991111
0.991204
0.991111
0.991111
0.991111
0.991111
0.991111
0.991111
0.991134
0.991111
6.36599e-314
0.990417
0.990417
0.990417
0.990417
0.990509
0.990417
0.990417
0.990417
0.990417
0.990417
6.36599e-314
0.990799
0.990799
0.990799
0.990799
0.990799
0.990799
0.990799
0.990799
0.990799
0.990891
6.36599e-314
0.990231
0.99022
0.990231
0.990231
0.990301
0.99022
0.990208
0.990208
0.990208
0.990208
6.36599e-314
0.990903
0.990903
0.990903
0.990914
0.990903
0.990903
0.990903
0.990926
0.990903
0.990995
6.36599e-314
0.989931
0.989931
0.989931
0.990023
0.989931
0.989931
0.989931
0.989931
0.989931
0.989931
6.36599e-314
0.988889
0.988889
0.988889
0.9889
0.988889
0.988889
0.988981
0.988889
0.988889
0.988912
6.36599e-314
0.990382
0.990382
0.990382
0.990382
0.990382
0.990382
0.990382
0.990382
0.990382
0.990475
6.36599e-314
0.989931
0.989931
0.989931
0.990023
0.989931
0.989931
0.989931
0.989931
0.989931
0.989931
6.36599e-314
0.990868
0.990961
0.990868
0.990868
0.990868
0.990868
0.990868
0.990868
0.990868
0.990868
6.36599e-314
0.99206
0.992049
0.99206
0.992049
0.992049
0.992049
0.992049
0.99206
0.992072
0.992141
6.36599e-314
0.992037
0.991944
0.991944
0.991944
0.991944
0.991944
0.991944
0.991944
0.991968
0.991944
6.36599e-314
0.989722
0.989722
0.989722
0.989722
0.989734
0.989722
0.989722
0.989722
0.989722
0.989815
6.36599e-314
0.988681
0.988773
0.988681
0.988681
0.988704
0.988681
0.988681
0.988681
0.988681
0.988681
6.36599e-314
0.987257
0.987269
0.987257
0.987257
0.987257
0.98735
0.987257
0.987257
0.987257
0.987257
6.36599e-314
0.987014
0.987014
0.987025
0.987014
0.987014
0.987014
0.987014
0.987014
0.987106
0.987014
6.36599e-314
0.984294
0.984201
0.984201
0.984201
0.984201
0.984201
0.984201
0.984201
0.984201
0.984201
6.36599e-314
0.982361
0.982361
0.982454
0.982361
0.982361
0.982361
0.982361
0.982361
0.982361
0.982361
6.36599e-314
0.982986
0.982986
0.982986
0.982986
0.982986
0.982986
0.982986
0.983079
0.982986
0.982986
6.36599e-314
0.983264
0.983264
0.983264
0.983356
0.983264
0.983264
0.983264
0.983264
0.983264
0.983264
6.36599e-314
0.98235
0.982257
0.982257
0.982257
0.982257
0.982257
0.982257
0.982257
0.982257
0.982257
6.36599e-314
0.98147
0.981458
0.981458
0.981458
0.981458
0.981458
0.981458
0.981458
0.981458
0.981551
6.36599e-314
0.983437
0.983437
0.983437
0.983437
0.98353
0.983437
0.983437
0.983437
0.983437
0.983437
6.36599e-314
0.984109
0.984109
0.984109
0.984109
0.984109
0.984109
0.984109
0.984201
0.984109
0.984109
6.36599e-314
0.983993
0.983993
0.984086
0.983993
0.983993
0.983993
0.984005
0.983993
0.983993
0.983993
6.36599e-314
0.982326
0.982326
0.982419
0.982326
0.982326
0.982326
0.982326
0.982326
0.982326
0.982477
6.36599e-314
0.979907
0.979757
0.979757
0.979757
0.979757
0.979757
0.979757
0.979769
0.979769
0.97985
6.36599e-314
0.980556
0.979954
0.979873
0.979873
0.979861
0.979861
0.980023
0.979861
0.979861
0.979861
6.36599e-314
0.982222
0.982222
0.982222
0.982488
0.982326
0.982222
0.982222
0.982222
0.982234
0.982315
6.36599e-314
0.982072
0.981979
0.982002
0.981979
0.981979
0.981991
0.981979
0.982002
0.981979
0.981979
6.36599e-314
0.982257
0.982269
0.982257
0.982257
0.985984
0.986076
0.982257
0.98235
0.982257
0.982257
6.36599e-314
0.981262
0.981262
0.98125
0.981273
0.98125
0.981343
0.981331
0.98125
0.98125
0.98125
6.36599e-314
0.978437
0.978437
0.978472
0.978472
0.978437
0.97853
0.978437
0.978437
0.978437
0.978472
6.36599e-314
0.977141
0.977118
0.97713
0.97713
0.980961
0.977211
0.977118
0.977118
0.977118
0.977141
6.36599e-314
