0
0
0
0
0
0
-nan
0.119514
0.11816
0.117188
0.11691
0.116898
0.116875
-nan
0.160347
0.155799
0.158576
0.156354
0.154236
0.155174
-nan
0.163229
0.162361
0.162188
0.161667
0.161667
0.161458
-nan
0.169514
0.169757
0.169653
0.169063
0.168611
0.168681
-nan
0.170208
0.170035
0.169306
0.169201
0.169583
0.168993
-nan
0.16566
0.164896
0.164236
0.164271
0.164028
0.163669
-nan
0.171597
0.171586
0.171458
0.171563
0.171215
0.170799
-nan
0.185556
0.185058
0.184225
0.185799
0.184097
0.183681
-nan
0.181493
0.179479
0.17875
0.179063
0.178889
0.178299
-nan
0.172049
0.171458
0.170556
0.170174
0.170278
0.169097
-nan
0.181736
0.179896
0.18
0.180764
0.180208
0.178056
-nan
0.237187
0.236076
0.238194
0.235278
0.236701
0.233924
-nan
0.288947
0.287141
0.285961
0.283843
0.284572
0.282824
-nan
0.301424
0.298542
0.299931
0.29765
0.297523
0.298681
-nan
0.269537
0.268484
0.267211
0.265856
0.264363
0.265544
-nan
0.251875
0.249167
0.247188
0.248264
0.248808
0.246562
-nan
0.252535
0.249896
0.250694
0.248924
0.247118
0.245069
-nan
0.259028
0.259306
0.258889
0.255556
0.255799
0.255243
-nan
0.261944
0.260799
0.260729
0.260764
0.258924
0.257847
-nan
0.255602
0.254907
0.252025
0.253796
0.251042
0.250787
-nan
0.24309
0.240937
0.238056
0.239201
0.237558
0.236771
-nan
0.229896
0.227986
0.227674
0.226944
0.22691
0.224919
-nan
0.21956
0.215475
0.21662
0.217245
0.213947
0.213079
-nan
0.21059
0.2075
0.205486
0.208611
0.206088
0.205139
-nan
0.200972
0.19809
0.198299
0.19875
0.199861
0.196146
-nan
0.191528
0.188229
0.190417
0.189792
0.188611
0.188576
-nan
0.191389
0.190972
0.190104
0.188438
0.187049
0.187951
-nan
0.185856
0.185162
0.182245
0.184711
0.181725
0.182975
-nan
0.178542
0.177361
0.177813
0.17566
0.176447
0.175208
-nan
0.173808
0.172569
0.173854
0.173056
0.170903
0.172431
-nan
0.175278
0.172187
0.171111
0.171458
0.170382
0.169468
-nan
0.167743
0.168773
0.165903
0.165313
0.165937
0.163576
-nan
0.161632
0.160903
0.161875
0.159236
0.157986
0.158333
-nan
0.158785
0.157188
0.156562
0.153021
0.153426
0.153924
-nan
0.149792
0.147049
0.145729
0.147558
0.144236
0.147431
-nan
0.139363
0.139225
0.136551
0.136238
0.135787
0.135405
-nan
0.133646
0.133125
0.135972
0.132951
0.130347
0.130903
-nan
0.132523
0.130926
0.128808
0.126829
0.128704
0.124572
-nan
0.126076
0.122708
0.124792
0.122049
0.123889
0.120139
-nan
0.144931
0.141146
0.140972
0.140799
0.139097
0.137743
-nan
0.13875
0.137674
0.133299
0.135451
0.134653
0.136181
-nan
0.125394
0.122303
0.123623
0.122963
0.124213
0.11919
-nan
0.113947
0.110289
0.10838
0.112269
0.10831
0.110845
-nan
0.114028
0.113681
0.111215
0.109306
0.111285
0.107338
-nan
0.113113
0.11662
0.115093
0.111898
0.113079
0.114329
-nan
0.0994907
0.0982755
0.0987963
0.0972338
0.0956366
0.0971296
-nan
0.0931944
0.0907986
0.0917708
0.0886806
0.0901042
0.089375
-nan
0.0890856
0.0865509
0.0856481
0.0871412
0.0834259
0.084537
-nan
0.0938194
0.0933333
0.0913542
0.0902083
0.0911806
0.0890046
-nan
0.0842014
0.085
0.0847222
0.0819792
0.0828009
0.0812847
-nan
0.0802083
0.0795718
0.0779861
0.0780903
0.0775694
0.0769444
-nan
0.0843056
0.0833912
0.0790509
0.0798495
0.0801968
0.0824884
-nan
0.0729167
0.0738194
0.0730556
0.0712153
0.070625
0.0702315
-nan
0.0714931
0.0713889
0.070625
0.0704514
0.0699306
0.0691319
-nan
0.0852778
0.083125
0.0825694
0.0822917
0.0814931
0.0813542
-nan
0.0931713
0.090706
0.0891782
0.0910648
0.0887037
0.0899074
-nan
0.099213
0.0962153
0.09875
0.0989236
0.0968981
0.0940278
-nan
0.142755
0.140313
0.139896
0.138958
0.139271
0.141019
-nan
0.217604
0.217141
0.211181
0.210799
0.210035
0.209097
-nan
0.25441
0.255556
0.255961
0.254549
0.25213
0.252431
-nan
0.304861
0.305
0.304306
0.302766
0.301563
0.300752
-nan
0.337211
0.337708
0.335313
0.337708
0.335637
0.333125
-nan
0.383322
0.383125
0.376319
0.37816
0.37816
0.381597
-nan
0.392569
0.389097
0.388056
0.389583
0.390139
0.390949
-nan
0.409965
0.408368
0.409132
0.409711
0.406979
0.405347
-nan
0.416377
0.416574
0.416088
0.414734
0.401921
0.401921
-nan
0.425451
0.425486
0.425405
0.42309
0.422812
0.418854
-nan
0.415683
0.413947
0.414155
0.410613
0.412743
0.411134
-nan
0.40941
0.411285
0.409826
0.406968
0.40919
0.405509
-nan
0.41566
0.414722
0.414595
0.411354
0.412917
0.411319
-nan
0.418194
0.415035
0.415417
0.414039
0.415706
0.412257
-nan
0.43875
0.436632
0.437118
0.437743
0.435579
0.435637
-nan
0.453148
0.453877
0.451539
0.45044
0.450116
0.44669
-nan
0.477627
0.476146
0.471134
0.472905
0.472743
0.471377
-nan
0.478368
0.476667
0.476042
0.474294
0.474606
0.472477
-nan
0.478472
0.475035
0.476157
0.474132
0.472847
0.471366
-nan
0.493171
0.493241
0.4925
0.490567
0.48875
0.48456
-nan
0.486713
0.486007
0.479109
0.483507
0.476505
0.475521
-nan
0.472685
0.470081
0.464699
0.466285
0.466076
0.461157
-nan
0.458912
0.462847
0.455706
0.456678
0.453171
0.451227
-nan
0.465069
0.46125
0.464583
0.455521
0.455637
0.453252
-nan
0.464977
0.460556
0.459688
0.456285
0.457396
0.455833
-nan
0.466979
0.464826
0.459491
0.461944
0.45537
0.459792
-nan
0.480556
0.48066
0.478715
0.471644
0.474769
0.470556
-nan
0.487986
0.481285
0.481597
0.4864
0.477419
0.473993
-nan
0.491157
0.489097
0.488727
0.486146
0.479965
0.479271
-nan
0.491354
0.493623
0.488368
0.490347
0.486134
0.482778
-nan
0.531192
0.523681
0.526424
0.522616
0.514549
0.512431
-nan
0.515243
0.515139
0.513125
0.510833
0.505069
0.50478
-nan
0.506354
0.504144
0.496771
0.495937
0.4975
0.491979
-nan
0.492569
0.485475
0.489028
0.483264
0.475521
0.480069
-nan
0.499653
0.496389
0.491458
0.484352
0.481933
0.481563
-nan
0.479167
0.473403
0.472558
0.46691
0.462975
0.460035
-nan
0.462396
0.460336
0.455937
0.451111
0.451262
0.446944
-nan
0.466354
0.460197
0.455139
0.45588
0.447604
0.447465
-nan
0.438611
0.437049
0.428449
0.433368
0.424063
0.418588
-nan
0.419201
0.41772
0.409444
0.408125
0.408044
0.413333
-nan
0.399653
0.394306
0.389282
0.389109
0.385868
0.382153
-nan
0.402951
0.395845
0.392697
0.388125
0.384803
0.379583
-nan
0.375
0.366563
0.365903
0.364317
0.357014
0.355498
-nan
0.353194
0.347049
0.343785
0.339907
0.336597
0.333738
-nan
0.381875
0.378681
0.373993
0.363102
0.359421
0.358021
-nan
0.334514
0.322558
0.333032
0.318472
0.325694
0.314688
-nan
0.310104
0.306076
0.304838
0.299236
0.292917
0.295116
-nan
0.281597
0.286562
0.279988
0.276424
0.269792
0.271597
-nan
0.295903
0.293241
0.280556
0.27816
0.28022
0.286736
-nan
0.264155
0.259792
0.249606
0.256875
0.250556
0.245463
-nan
0.239583
0.235035
0.239861
0.232998
0.228299
0.224734
-nan
0.271551
0.268924
0.265
0.269826
0.254583
0.257731
-nan
0.224977
0.219549
0.217836
0.211481
0.21544
0.208681
-nan
0.198507
0.198183
0.195058
0.192569
0.190764
0.189375
-nan
0.177639
0.175799
0.171296
0.167813
0.166609
0.161898
-nan
0.180266
0.169606
0.171076
0.172708
0.163368
0.164444
-nan
0.160694
0.155139
0.156528
0.150926
0.14816
0.148032
-nan
0.14684
0.140799
0.139572
0.138715
0.13662
0.133889
-nan
0.135347
0.138391
0.138356
0.131088
0.132153
0.127049
-nan
0.169676
0.167187
0.165
0.164931
0.157674
0.15412
-nan
0.146528
0.14566
0.138183
0.147917
0.142894
0.13934
-nan
0.128125
0.128646
0.129097
0.124838
0.12316
0.119722
-nan
0.139606
0.13684
0.135069
0.133449
0.126667
0.122581
-nan
0.106771
0.104514
0.106701
0.103958
0.105324
0.0997685
-nan
0.0934491
0.0896528
0.0915278
0.0880903
0.0903935
0.086713
-nan
0.0813194
0.0814931
0.0851389
0.0790972
0.0777778
0.0765046
-nan
0.0884144
0.0886806
0.089375
0.0857292
0.0823264
0.0796875
-nan
0.0786806
0.0729514
0.071875
0.0749653
0.069213
0.0716898
-nan
0.0604282
0.0575
0.0571181
0.0571528
0.0557523
0.0537153
-nan
0.0525694
0.0533333
0.0519097
0.0495949
0.0487847
0.047581
-nan
0.0458333
0.044375
0.0458796
0.0455903
0.0456019
0.0434375
-nan
0.0491319
0.0470833
0.0446644
0.0448611
0.0419907
0.0427778
-nan
0.0357639
0.0351389
0.0333333
0.0329514
0.0313657
0.0304167
-nan
0.0257639
0.0258681
0.024456
0.025463
0.0242708
0.0235069
-nan
0.0310417
0.0292014
0.0269907
0.0276736
0.0273032
0.0272917
-nan
0.0235069
0.022581
0.0222222
0.0234491
0.0235069
0.021875
-nan
0.0265625
0.0259144
0.0253241
0.0251736
0.0255556
0.0248264
-nan
0.0241319
0.0222685
0.0232639
0.0224306
0.0223264
0.0217014
-nan
0.0263542
0.0257176
0.0262153
0.0247917
0.0246991
0.0233681
-nan
0.0201042
0.0201505
0.0192014
0.0194097
0.0185764
0.0181597
-nan
0.0207986
0.0208333
0.0203935
0.0206944
0.0202431
0.0205208
-nan
0.0291667
0.0278125
0.0275694
0.0271412
0.0275463
0.0254861
-nan
0.0237153
0.0239236
0.0234144
0.02375
0.0228241
0.0230208
-nan
0.0191319
0.0189931
0.0191435
0.0191667
0.0187847
0.0186921
-nan
0.0180324
0.0184375
0.0176157
0.0175
0.0170718
0.0170833
-nan
0.0221644
0.0221181
0.0217708
0.0198611
0.0199884
0.0201968
-nan
0.0226505
0.0225231
0.0231597
0.0214005
0.020625
0.0226389
-nan
0.0176852
0.0175
0.0173264
0.0182176
0.0171875
0.0168403
-nan
0.0158681
0.0153125
0.0152431
0.0156481
0.0152083
0.0151157
-nan
0.015625
0.0157639
0.0160995
0.0156713
0.015081
0.0149653
-nan
0.0146296
0.0145139
0.0146528
0.0139931
0.0141088
0.0142245
-nan
0.0128704
0.0124653
0.0122338
0.0121875
0.0121875
0.0121065
-nan
0.0104398
0.0105093
0.0101736
0.0102894
0.00920139
0.00988426
-nan
0.00979167
0.00928241
0.00927083
0.00936343
0.0093287
0.00902778
-nan
0.00773148
0.00746528
0.00759259
0.00780093
0.00777778
0.00747685
-nan
0.00689815
0.00663194
0.00684028
0.00695602
0.00675926
0.00652778
-nan
0.00666667
0.00671296
0.00686343
0.00604167
0.00630787
0.00523148
-nan
0.0105556
0.0107292
0.0107176
0.00972222
0.00957176
0.00949074
-nan
0.0128588
0.012662
0.0123958
0.0122454
0.0121412
0.0119792
-nan
0.0128819
0.0124421
0.0124653
0.0125231
0.0121759
0.0118056
-nan
0.0135301
0.0129514
0.0128356
0.0128356
0.012963
0.0125694
-nan
0.0115972
0.0112847
0.0112384
0.0112384
0.0109722
0.0111574
-nan
0.014294
0.0141551
0.0137847
0.0140046
0.0139236
0.0139815
-nan
0.0183102
0.0184375
0.0180556
0.0183333
0.0177662
0.0173843
-nan
0.0169676
0.0154861
0.0159954
0.0153819
0.0162731
0.0152546
-nan
0.0155787
0.0155324
0.0160764
0.0155787
0.0154861
0.0154167
-nan
0.0128472
0.0137731
0.0130556
0.0128704
0.0133565
0.0128588
-nan
0.0165625
0.0167477
0.0166319
0.0166782
0.0163542
0.0164468
-nan
0.0153356
0.0147685
0.0145833
0.0143634
0.0142824
0.0140972
-nan
0.0119329
0.0117708
0.0118056
0.0117477
0.0115625
0.0115625
-nan
0.0101389
0.00965278
0.00960648
0.00934028
0.00946759
0.00935185
-nan
0.00854167
0.00806713
0.00806713
0.00814815
0.00798611
0.00777778
-nan
0.00847222
0.00767361
0.00769676
0.00765046
0.00758102
0.00769676
-nan
0.00601852
0.00586806
0.00576389
0.00577546
0.0058912
0.00565972
-nan
0.00623843
0.00614583
0.00615741
0.00625
0.00613426
0.00618056
-nan
0.00618056
0.00630787
0.00614583
0.00615741
0.00614583
0.00616898
-nan
0.00659722
0.00655093
0.00648148
0.00638889
0.00648148
0.00643519
-nan
0.0112384
0.0111458
0.0109028
0.0111921
0.0110764
0.0109954
-nan
0.0146065
0.0143519
0.0144097
0.0142593
0.0142014
0.0140162
-nan
0.0183912
0.0180903
0.0180208
0.0181713
0.0173148
0.0181944
-nan
0.0157523
0.0149421
0.0148264
0.0152431
0.0147106
0.014919
-nan
0.0150926
0.0145486
0.0149306
0.0149537
0.0144097
0.0148727
-nan
0.0146181
0.014919
0.0147685
0.0146759
0.0145718
0.0145486
-nan
0.0152778
0.0145833
0.014838
0.0150694
0.0146065
0.0146759
-nan
0.0183912
0.0158565
0.015544
0.0153472
0.014919
0.0147222
-nan
0.016169
0.0159375
0.0156481
0.0160069
0.0181829
0.0159375
-nan
0.0189236
0.018287
0.0187384
0.0210995
0.0185301
0.0183681
-nan
0.0147801
0.0143403
0.0143634
0.0165856
0.0139931
0.0135764
-nan
0.0146528
0.0146759
0.0139236
0.0142824
0.0140856
0.0143287
-nan
0.0111343
0.00826389
0.00836806
0.00834491
0.00822917
0.00849537
-nan
0.00668981
0.00732639
0.00644676
0.00664352
0.00652778
0.00915509
-nan
0.00489583
0.00731481
0.0046412
0.00451389
0.00469907
0.00472222
-nan
0.0040162
0.00400463
0.0065162
0.00385417
0.00399306
0.00398148
-nan
0.00949074
0.0118287
0.00822917
0.00881944
0.00912037
0.00819444
-nan
0.023912
0.0240509
0.0236921
0.0222222
0.0223495
0.0224653
-nan
0.0333912
0.0338194
0.0337269
0.0329167
0.0327431
0.0329398
-nan
0.0391551
0.0390278
0.0391898
0.0387384
0.0386806
0.038669
-nan
0.0427083
0.0414236
0.0424653
0.0412153
0.0410995
0.0412731
-nan
0.0425926
0.0426042
0.0425231
0.0420023
0.0417245
0.0425926
-nan
0.0400231
0.0400926
0.0399306
0.0398611
0.0397569
0.0398611
-nan
0.0371412
0.0368056
0.0365856
0.0364583
0.0363773
0.0361343
-nan
0.0338542
0.0340972
0.0339236
0.0333333
0.0339468
0.0337963
-nan
0.0345718
0.0329745
0.0341204
0.0340972
0.0328472
0.0331019
-nan
0.039294
0.0387153
0.0366667
0.0380208
0.0390972
0.0371528
-nan
0.0499653
0.0493866
0.0473495
0.0503819
0.0484375
0.0470718
-nan
0.0743287
0.0735301
0.0710417
0.073044
0.0712384
0.0694792
-nan
0.119051
0.117639
0.11544
0.113646
0.112454
0.113391
-nan
0.169931
0.169444
0.168715
0.169236
0.165544
0.163819
-nan
0.244329
0.237581
0.23647
0.238553
0.237604
0.235197
-nan
0.308611
0.308148
0.310532
0.305174
0.303056
0.301493
-nan
0.352234
0.35184
0.349271
0.344155
0.343542
0.34287
-nan
0.390162
0.385451
0.380174
0.379236
0.377812
0.377894
-nan
0.495255
0.492546
0.487106
0.483542
0.483519
0.474097
-nan
0.528681
0.528773
0.525058
0.525625
0.516111
0.514271
-nan
0.573322
0.568299
0.563056
0.564167
0.559491
0.555937
-nan
0.620532
0.613657
0.611435
0.610243
0.607269
0.605208
-nan
0.638461
0.628368
0.630313
0.628472
0.633981
0.624838
-nan
0.664097
0.654815
0.657569
0.648646
0.652049
0.648299
-nan
0.705162
0.697662
0.692037
0.689363
0.695764
0.687569
-nan
0.728356
0.71794
0.719421
0.7139
0.716817
0.710995
-nan
0.762326
0.754375
0.755903
0.750289
0.750417
0.750231
-nan
0.738958
0.736389
0.73787
0.730926
0.728819
0.725868
-nan
0.764028
0.762396
0.759884
0.756852
0.755139
0.751979
-nan
0.792049
0.78544
0.783542
0.78397
0.778819
0.779757
-nan
0.803519
0.801146
0.797326
0.798565
0.800775
0.794491
-nan
0.805764
0.799167
0.79691
0.797095
0.794329
0.791562
-nan
0.819387
0.815868
0.813356
0.814907
0.812361
0.809155
-nan
0.814896
0.810093
0.810613
0.812315
0.808692
0.805127
-nan
0.792234
0.789606
0.789861
0.782639
0.781563
0.779363
-nan
0.784653
0.782801
0.783924
0.777465
0.780278
0.773692
-nan
0.806146
0.804271
0.807477
0.803044
0.798854
0.79662
-nan
0.829167
0.821088
0.824525
0.819977
0.816979
0.817025
-nan
0.81809
0.812454
0.810093
0.811921
0.806505
0.805197
-nan
0.811215
0.811539
0.810868
0.804352
0.802963
0.806076
-nan
0.807141
0.804514
0.807141
0.799965
0.800984
0.796007
-nan
0.79669
0.794965
0.790799
0.783252
0.785972
0.784861
-nan
0.749097
0.743299
0.744676
0.738981
0.742315
0.739167
-nan
0.719456
0.715174
0.709676
0.705394
0.708368
0.70228
-nan
0.69213
0.698056
0.688206
0.690162
0.685336
0.683657
-nan
0.716343
0.712454
0.716667
0.71816
0.707847
0.704479
-nan
0.709039
0.695625
0.698183
0.691829
0.689433
0.697882
-nan
0.708727
0.711667
0.70691
0.698264
0.694109
0.6936
-nan
0.718148
0.721586
0.712755
0.709201
0.70338
0.705069
-nan
0.725475
0.718634
0.717569
0.713113
0.711319
0.70919
-nan
0.757153
0.753403
0.760926
0.755613
0.749005
0.74728
-nan
0.761343
0.754306
0.753785
0.747604
0.752801
0.74838
-nan
0.753785
0.74522
0.744931
0.745093
0.743553
0.739769
-nan
0.748993
0.741308
0.745995
0.744653
0.735625
0.733692
-nan
0.715359
0.707917
0.710926
0.705752
0.702164
0.700104
-nan
0.744074
0.740671
0.735903
0.731019
0.728044
0.724641
-nan
0.765266
0.773148
0.760602
0.761563
0.762095
0.752766
-nan
0.827836
0.823125
0.826111
0.821331
0.824248
0.807442
-nan
0.836435
0.831759
0.826586
0.831898
0.824352
0.827604
-nan
0.821921
0.817384
0.8139
0.810602
0.807627
0.804271
-nan
0.803148
0.796551
0.797002
0.790972
0.793113
0.78897
-nan
0.788009
0.773808
0.769329
0.776227
0.774317
0.765312
-nan
0.763924
0.756042
0.769514
0.761678
0.751377
0.747627
-nan
0.749653
0.752731
0.746597
0.742454
0.735428
0.736343
-nan
0.732975
0.735058
0.727674
0.716181
0.722269
0.710972
-nan
0.714838
0.707025
0.70544
0.703426
0.698021
0.694387
-nan
0.72044
0.705532
0.709606
0.704664
0.698148
0.693484
-nan
0.684977
0.688264
0.690856
0.673287
0.672477
0.667407
-nan
0.66419
0.65456
0.644988
0.652303
0.645521
0.63691
-nan
0.639167
0.650162
0.645764
0.638218
0.63022
0.621377
-nan
0.621597
0.615231
0.602512
0.605058
0.607454
0.592697
-nan
0.565961
0.560278
0.562662
0.575845
0.551516
0.550891
-nan
0.52434
0.517431
0.519826
0.510845
0.523681
0.502697
-nan
0.526481
0.5261
0.512558
0.521979
0.503183
0.505926
-nan
0.517743
0.514792
0.508356
0.505116
0.498773
0.493125
-nan
0.508102
0.494931
0.505405
0.500116
0.484514
0.478495
-nan
0.543889
0.540012
0.538565
0.523299
0.53897
0.527755
-nan
0.612512
0.614444
0.604178
0.599433
0.617951
0.603414
-nan
0.621956
0.622072
0.622708
0.616377
0.608264
0.612778
-nan
0.643183
0.636435
0.640243
0.627824
0.63522
0.631331
-nan
0.610104
0.600127
0.596933
0.594525
0.58956
0.592037
-nan
0.556725
0.560104
0.545926
0.548368
0.546875
0.540197
-nan
0.497014
0.497153
0.487014
0.482639
0.490301
0.483935
-nan
0.462639
0.464306
0.451655
0.455012
0.454363
0.448611
-nan
0.414884
0.412963
0.407199
0.399664
0.399572
0.40206
-nan
0.388854
0.384248
0.379514
0.376759
0.373912
0.373993
-nan
0.338495
0.341516
0.333889
0.327766
0.333032
0.326759
-nan
0.283657
0.275926
0.272106
0.26897
0.265775
0.263403
-nan
0.235764
0.242951
0.23941
0.240729
0.230718
0.225845
-nan
0.207917
0.198657
0.202859
0.204271
0.194167
0.193704
-nan
0.194711
0.191574
0.191146
0.185069
0.188669
0.179873
-nan
0.193438
0.18537
0.177523
0.18772
0.182211
0.177639
-nan
0.162569
0.166748
0.168507
0.160579
0.161111
0.156609
-nan
0.156806
0.164525
0.162836
0.15787
0.151319
0.151678
-nan
0.253148
0.248958
0.244178
0.245035
0.247025
0.23963
-nan
0.376019
0.369317
0.364225
0.372153
0.362315
0.365544
-nan
0.470926
0.467847
0.466227
0.460382
0.461285
0.458322
-nan
0.497106
0.494433
0.484873
0.490671
0.485405
0.48375
-nan
0.464398
0.453437
0.456655
0.44728
0.450914
0.446227
-nan
0.343681
0.350255
0.342766
0.347836
0.339016
0.34059
-nan
0.3036
0.30331
0.29816
0.301736
0.298044
0.298843
-nan
0.245671
0.241285
0.24419
0.239306
0.240752
0.237662
-nan
0.179248
0.173507
0.172766
0.176192
0.173704
0.171551
-nan
0.128067
0.123333
0.126863
0.125069
0.122731
0.121319
-nan
0.0750116
0.0729745
0.0719676
0.0716435
0.0698148
0.0684375
-nan
0.0705556
0.0687037
0.0686806
0.0664468
0.0654282
0.0641319
-nan
0.0602894
0.0602894
0.0555903
0.0607523
0.056794
0.0584028
-nan
0.0616667
0.0615972
0.0632755
0.0587963
0.0577662
0.0593634
-nan
0.111887
0.106412
0.108275
0.106134
0.105023
0.107975
-nan
0.160278
0.159329
0.15735
0.157222
0.155289
0.154884
-nan
0.230787
0.225463
0.224954
0.221829
0.221042
0.219051
-nan
0.310312
0.306493
0.299861
0.297419
0.293727
0.296887
-nan
0.327639
0.317535
0.32287
0.322176
0.324468
0.319387
-nan
0.335093
0.333148
0.335208
0.327674
0.327442
0.320729
-nan
0.325799
0.31875
0.317072
0.315995
0.314653
0.313912
-nan
0.317627
0.309525
0.310035
0.306354
0.305637
0.304468
-nan
0.300521
0.302164
0.299387
0.294005
0.29287
0.300613
-nan
0.271875
0.271597
0.270752
0.271065
0.267419
0.265694
-nan
0.202593
0.200023
0.20434
0.201632
0.200613
0.2014
-nan
0.142431
0.144838
0.141887
0.141655
0.14088
0.139132
-nan
0.088044
0.0867361
0.086875
0.0850694
0.0875926
0.0846065
-nan
0.0459722
0.0458102
0.0459954
0.0446875
0.0439583
0.0438773
-nan
0.0245718
0.0245023
0.0239583
0.0226736
0.0235995
0.0226736
-nan
0.0195949
0.019838
0.0163426
0.0187963
0.0176042
0.0177546
-nan
0.0143403
0.0138889
0.0127315
0.0125347
0.014294
0.0129167
-nan
0.0115162
0.0107176
0.0110417
0.0113194
0.00954861
0.0106597
-nan
0.00892361
0.00947917
0.00934028
0.00881944
0.00832176
0.00821759
-nan
0.00875
0.00854167
0.00912037
0.00825231
0.00822917
0.00729167
-nan
0.00668981
0.00586806
0.00638889
0.00642361
0.00606481
0.00625
-nan
0.00805556
0.00930556
0.00765046
0.0075
0.00771991
0.00865741
-nan
0.00774306
0.00763889
0.00741898
0.00759259
0.00736111
0.00744213
-nan
0.014537
0.0146528
0.0143403
0.0135995
0.0139236
0.0146875
-nan
0.0534954
0.0513657
0.0504167
0.05
0.0497222
0.0494676
-nan
0.0726968
0.0710069
0.0679514
0.0672685
0.0675
0.0658565
-nan
0.0865972
0.085787
0.0810417
0.0797569
0.0796528
0.080162
-nan
0.0906944
0.0922106
0.0851968
0.0857986
0.0854051
0.0840278
-nan
0.108958
0.108194
0.108252
0.107002
0.106319
0.103738
-nan
0.098912
0.0982176
0.0962153
0.0946759
0.0926736
0.0933218
-nan
0.079456
0.0782176
0.0760995
0.0758333
0.0752662
0.075
-nan
0.0568634
0.0549884
0.0541204
0.0564236
0.0557292
0.0558912
-nan
0.0403704
0.0401273
0.0381829
0.0382639
0.0379745
0.0376389
-nan
0.0316667
0.0293981
0.0320718
0.0306597
0.0319097
0.0293287
-nan
0.0218056
0.0219676
0.0217824
0.0218981
0.0215509
0.0205903
-nan
0.0116319
0.0113889
0.0114815
0.011169
0.0117245
0.0102431
-nan
0.0109954
0.0101042
0.0101042
0.0101389
0.0102315
0.0103356
-nan
0.0165278
0.0163773
0.016412
0.0162847
0.0154861
0.0156134
-nan
0.0163426
0.0161343
0.0153125
0.0154398
0.0149653
0.0148264
-nan
0.0170486
0.0169792
0.017037
0.0171412
0.0169676
0.0170486
-nan
0.0343287
0.0317708
0.0318981
0.0314815
0.0312153
0.0312847
-nan
0.0743056
0.0703009
0.069375
0.0705556
0.0691551
0.0684954
-nan
0.0730787
0.0734375
0.0706944
0.0706597
0.0687731
0.0681829
-nan
0.079537
0.0795718
0.0767593
0.0779861
0.0764583
0.0770833
-nan
0.0652662
0.0633796
0.0648958
0.0641204
0.0635648
0.0642014
-nan
0.0252315
0.0253009
0.0251389
0.0251389
0.0248148
0.0251968
-nan
0.00130787
0.00107639
0.00109954
0.0009375
0.000960648
0.00103009
-nan
0.0317361
0.0318981
0.0313773
0.0312847
0.0313426
0.0312731
-nan
0.0425231
0.0417708
0.041875
0.0417245
0.041794
0.0415972
-nan
0.0504051
0.0501042
0.0502315
0.0501273
0.049919
0.0498264
-nan
0.0592708
0.0594676
0.0592014
0.058044
0.0583681
0.0576968
-nan
0.0484028
0.0485995
0.0484954
0.0481134
0.0483565
0.0481829
-nan
0.0221181
0.0223495
0.0220486
0.0221065
0.0220718
0.0219444
-nan
0.00738426
0.0077662
0.00722222
0.00728009
0.00722222
0.00734954
-nan
0.0155093
0.0149306
0.0151042
0.0147801
0.0151273
0.0149306
-nan
0.0185301
0.0184259
0.0182292
0.0183218
0.0182639
0.018287
-nan
0.0222222
0.0218634
0.0217708
0.0220023
0.0220023
0.0218403
-nan
0.0242245
0.0240972
0.0241898
0.0242245
0.024294
0.0238889
-nan
0.0400231
0.0392477
0.038912
0.0389005
0.0392245
0.0389005
-nan
0.062037
0.0593981
0.0621412
0.0587847
0.0587731
0.0583333
-nan
0.0711343
0.0665162
0.0658681
0.0654745
0.0658681
0.0648958
-nan
0.0793981
0.0808681
0.077662
0.0785301
0.0772222
0.0766898
-nan
0.0874306
0.0873148
0.085787
0.086875
0.0822454
0.0821528
-nan
0.0882176
0.0881481
0.0870139
0.085162
0.0851042
0.084919
-nan
0.0575694
0.057419
0.0575926
0.0572917
0.0565278
0.0562153
-nan
0.0191088
0.0179745
0.0190509
0.0189468
0.0179861
0.0190625
-nan
0.00208333
0.0015625
0.00165509
0.00172454
0.00159722
0.00179398
-nan
0.00155093
0.00162037
0.00162037
0.00145833
0.00145833
0.00144676
-nan
0.00145833
0.00155093
0.00145833
0.00162037
0.00149306
0.00168981
-nan
0.00179398
0.00170139
0.00186343
0.00186343
0.00170139
0.00179398
-nan
0.00158565
0.00159722
0.00149306
0.00149306
0.00172454
0.00165509
-nan
0.00162037
0.00155093
0.00138889
0.00145833
0.00155093
0.00148148
-nan
0.00145833
0.00165509
0.00131944
0.0015162
0.00142361
0.00148148
-nan
0.00175926
0.00166667
0.00175926
0.00179398
0.00166667
0.0018287
-nan
0.00193287
0.00173611
0.00173611
0.00172454
0.00186343
0.00163194
-nan
0.0379514
0.0374884
0.0373495
0.0372454
0.0373495
0.0369097
-nan
0.0552778
0.0543403
0.0543981
0.0540162
0.0542245
0.0538889
-nan
0.120556
0.11978
0.122708
0.119363
0.119051
0.118947
-nan
0.189097
0.184988
0.183565
0.181424
0.18353
0.180208
-nan
0.206701
0.203322
0.199711
0.200035
0.200475
0.198808
-nan
0.186042
0.184954
0.182384
0.183113
0.179294
0.18066
-nan
0.190185
0.188102
0.188507
0.188032
0.189236
0.183345
-nan
0.163218
0.1589
0.160891
0.160833
0.158843
0.158194
-nan
0.145787
0.144514
0.141736
0.141424
0.143634
0.142396
-nan
0.107384
0.105266
0.105984
0.105301
0.105984
0.104907
-nan
0.0714583
0.0708218
0.0697222
0.069838
0.0701389
0.0697569
-nan
0.0623611
0.0620486
0.0622801
0.0613079
0.0606944
0.0600231
-nan
0.0646065
0.0634259
0.0640856
0.0628819
0.0626736
0.0629051
-nan
0.0636343
0.0633333
0.0629745
0.0631597
0.0629745
0.0604167
-nan
0.0762384
0.0741551
0.0744329
0.0740278
0.0733912
0.0736111
-nan
0.103611
0.102662
0.103218
0.101169
0.101042
0.101562
-nan
0.112454
0.11235
0.11125
0.111759
0.110787
0.11066
-nan
0.12485
0.122037
0.123368
0.123507
0.121586
0.121736
-nan
0.132662
0.131389
0.131875
0.129711
0.131481
0.129954
-nan
0.136285
0.135718
0.135162
0.135613
0.134722
0.134063
-nan
0.141424
0.138981
0.13919
0.139572
0.138287
0.138056
-nan
0.14794
0.147558
0.146215
0.146111
0.146725
0.147743
-nan
0.152454
0.152812
0.150856
0.150475
0.150069
0.150023
-nan
0.15316
0.153113
0.149907
0.151354
0.150035
0.149907
-nan
0.152905
0.15228
0.152847
0.153009
0.152535
0.15169
-nan
0.152118
0.150127
0.149398
0.150579
0.148715
0.150556
-nan
0.152998
0.152292
0.150625
0.15147
0.152188
0.150382
-nan
0.147975
0.146794
0.14787
0.145833
0.145208
0.146042
-nan
0.144051
0.145139
0.142662
0.144687
0.143843
0.141968
-nan
0.14103
0.140891
0.139549
0.139444
0.139583
0.138495
-nan
0.140787
0.138391
0.138681
0.139433
0.137106
0.137257
-nan
0.132292
0.132674
0.128148
0.12941
0.130509
0.131759
-nan
0.149294
0.149155
0.148495
0.146829
0.145174
0.145972
-nan
0.131354
0.131076
0.127882
0.126933
0.126273
0.125058
-nan
0.121586
0.119201
0.12037
0.119051
0.117731
0.118229
-nan
0.115081
0.115625
0.114167
0.110914
0.112338
0.109792
-nan
0.118738
0.117141
0.116377
0.115382
0.115718
0.112986
-nan
0.122836
0.118715
0.116377
0.120278
0.117326
0.118877
-nan
0.112743
0.113877
0.113704
0.109711
0.112014
0.108542
-nan
0.105822
0.105891
0.107361
0.107222
0.103877
0.102743
-nan
0.111007
0.110521
0.108704
0.108229
0.106771
0.105405
-nan
0.103044
0.0986458
0.101424
0.100208
0.0983912
0.0970718
-nan
0.0988426
0.0958912
0.0973148
0.0968287
0.0943056
0.0942014
-nan
0.100185
0.0975926
0.0999306
0.0990394
0.0969792
0.0965509
-nan
0.1036
0.0985417
0.10162
0.0978819
0.0999884
0.0983218
-nan
0.125336
0.123322
0.121574
0.122674
0.121586
0.121366
-nan
0.157419
0.157627
0.157049
0.155579
0.15412
0.154792
-nan
0.216238
0.214988
0.211354
0.209745
0.207743
0.206586
-nan
0.253356
0.24919
0.247697
0.254433
0.252905
0.24691
-nan
0.296308
0.293021
0.293218
0.288773
0.290613
0.29
-nan
0.326933
0.323935
0.321551
0.321134
0.320856
0.319155
-nan
0.422199
0.421875
0.419479
0.414595
0.412639
0.403669
-nan
0.430405
0.428113
0.424583
0.427847
0.421863
0.421134
-nan
0.487674
0.483542
0.47669
0.479687
0.487211
0.47412
-nan
0.52
0.521354
0.511736
0.509375
0.507407
0.515116
-nan
0.596366
0.597535
0.590752
0.593079
0.584988
0.584838
-nan
0.631458
0.626794
0.622697
0.627905
0.621308
0.619398
-nan
0.653553
0.654479
0.649005
0.650509
0.653229
0.647338
-nan
0.687361
0.687141
0.685822
0.681481
0.678252
0.676169
-nan
0.66015
0.662859
0.654676
0.657454
0.655046
0.653646
-nan
0.659468
0.655845
0.660451
0.650822
0.654537
0.648287
-nan
0.64912
0.651389
0.638171
0.645521
0.643773
0.640231
-nan
0.664711
0.666389
0.66419
0.65537
0.654051
0.649248
-nan
0.659086
0.655579
0.655162
0.648958
0.645289
0.644514
-nan
0.647558
0.640891
0.640648
0.634294
0.639225
0.640741
-nan
0.643484
0.646238
0.640822
0.63125
0.630833
0.628981
-nan
0.637234
0.633588
0.619873
0.627662
0.625046
0.62
-nan
0.616412
0.611389
0.606748
0.612766
0.603032
0.601331
-nan
0.591609
0.580775
0.588553
0.578241
0.580486
0.582639
-nan
0.576308
0.58022
0.56853
0.567975
0.562558
0.559375
-nan
0.545625
0.544537
0.541262
0.550498
0.53147
0.534005
-nan
0.520741
0.508669
0.512697
0.518519
0.503727
0.502222
-nan
0.504954
0.504583
0.493669
0.489109
0.493403
0.488646
-nan
0.476111
0.46603
0.469051
0.466655
0.454769
0.453588
-nan
0.442743
0.448611
0.451863
0.439398
0.434803
0.430972
-nan
0.424745
0.416563
0.426898
0.413403
0.413229
0.406065
-nan
0.416227
0.41316
0.403507
0.412014
0.397708
0.400995
-nan
0.388275
0.383704
0.375856
0.376354
0.369606
0.373681
-nan
0.365162
0.36169
0.366725
0.352037
0.356042
0.352662
-nan
0.345417
0.340822
0.333993
0.349039
0.34
0.329213
-nan
0.34684
0.335822
0.334329
0.328796
0.323391
0.318044
-nan
0.314144
0.314734
0.30544
0.303252
0.297442
0.292951
-nan
0.289641
0.287685
0.29412
0.289086
0.281447
0.277222
-nan
0.293218
0.284815
0.28441
0.274167
0.278414
0.271134
-nan
0.263241
0.258391
0.255301
0.252836
0.249329
0.242743
-nan
0.235984
0.232326
0.228843
0.224699
0.219306
0.215347
-nan
0.213218
0.208843
0.194931
0.202593
0.204803
0.197836
-nan
0.208912
0.201366
0.204329
0.209687
0.197083
0.192975
-nan
0.183588
0.171968
0.171308
0.170058
0.177535
0.163495
-nan
0.159641
0.153576
0.157523
0.152963
0.149734
0.144942
-nan
0.163218
0.162245
0.163692
0.153565
0.152141
0.149132
-nan
0.138472
0.13559
0.127257
0.131343
0.12713
0.126481
-nan
0.118843
0.126516
0.122755
0.121794
0.115405
0.114132
-nan
0.106273
0.104363
0.100185
0.106458
0.0975926
0.101146
-nan
0.108715
0.101933
0.105093
0.101609
0.100856
0.0971412
-nan
0.0883912
0.0827546
0.0858912
0.0815278
0.0794329
0.0791319
-nan
0.0748958
0.0715509
0.070162
0.0663426
0.0681597
0.0644329
-nan
0.0805208
0.0800231
0.0717361
0.0741204
0.0751968
0.0745255
-nan
0.0628819
0.0623611
0.0607639
0.0577894
0.0588079
0.0579167
-nan
0.0574074
0.0582986
0.0566435
0.0545718
0.0525579
0.0529282
-nan
0.0521412
0.0515162
0.051412
0.049838
0.0510069
0.0475926
-nan
0.0531366
0.051169
0.0487384
0.0503009
0.0485417
0.0478472
-nan
0.0450926
0.0446875
0.0445023
0.0435532
0.0424884
0.0419676
-nan
0.0388542
0.0395718
0.0398032
0.039919
0.0375694
0.0389468
-nan
0.0391088
0.0384954
0.0374537
0.0390625
0.0381829
0.0358218
-nan
0.0379514
0.0371875
0.0364468
0.0359954
0.0340046
0.0336343
-nan
0.0262616
0.0259259
0.0253704
0.0250926
0.0235995
0.023831
-nan
0.0172106
0.0181829
0.0174421
0.0182639
0.0165278
0.0162731
-nan
0.0171759
0.0158333
0.0157755
0.0155093
0.0157176
0.0152315
-nan
0.0157176
0.014375
0.0148843
0.0145486
0.0143287
0.0142477
-nan
0.0175
0.0185301
0.0165741
0.0170023
0.0163426
0.0162731
-nan
0.0215625
0.0214815
0.0209144
0.0205208
0.0206829
0.0206481
-nan
0.0233912
0.0223727
0.0217361
0.0216551
0.0220023
0.0215162
-nan
0.0194329
0.0188889
0.018669
0.0186806
0.0184491
0.018044
-nan
0.0159838
0.0159954
0.0162037
0.015787
0.0152778
0.0156134
-nan
0.0216667
0.0203588
0.0200926
0.0198611
0.0197454
0.0195023
-nan
0.0196065
0.0196065
0.0196412
0.019537
0.0191667
0.0185532
-nan
0.0222106
0.0215278
0.0219676
0.021331
0.021412
0.0202083
-nan
0.0197685
0.0193981
0.0196759
0.0188542
0.018912
0.0190509
-nan
0.0176968
0.0167708
0.0169907
0.0175926
0.0169792
0.0167593
-nan
0.0100231
0.00988426
0.00988426
0.0097338
0.00981481
0.00958333
-nan
0.00597222
0.00644676
0.00581019
0.00498843
0.00530093
0.005
-nan
0.00769676
0.00752315
0.00699074
0.00697917
0.00679398
0.0068287
-nan
0.00479167
0.00491898
0.00480324
0.00427083
0.00488426
0.00471065
-nan
0.00429398
0.00422454
0.00398148
0.00383102
0.00378472
0.00387731
-nan
0.0033912
0.003125
0.00321759
0.00310185
0.00314815
0.00305556
-nan
0.00353009
0.0030787
0.00277778
0.00283565
0.00275463
0.0027662
-nan
0.00238426
0.00224537
0.00215278
0.00231481
0.00219907
0.00208333
-nan
0.00162037
0.00155093
0.00138889
0.00155093
0.00143519
0.00148148
-nan
0.00148148
0.0012963
0.00128472
0.00134259
0.00125
0.00148148
-nan
0.00209491
0.0021412
0.00180556
0.00193287
0.00179398
0.00172454
-nan
0.0074537
0.00752315
0.0071875
0.00732639
0.00696759
0.0069213
-nan
0.0102894
0.0101042
0.0099537
0.0099537
0.0101273
0.0100579
-nan
0.00909722
0.00918981
0.00891204
0.00871528
0.00824074
0.00846065
-nan
0.00662037
0.00637731
0.00615741
0.00630787
0.00634259
0.00628472
-nan
0.00603009
0.00592593
0.00586806
0.00560185
0.00578704
0.00572917
-nan
0.00825231
0.00793981
0.00774306
0.00782407
0.00780093
0.00769676
-nan
0.00899306
0.00929398
0.0084375
0.00914352
0.00880787
0.00877315
-nan
0.00726852
0.00710648
0.00672454
0.00734954
0.00673611
0.00679398
-nan
0.00246528
0.00251157
0.00238426
0.0024537
0.00234954
0.00228009
-nan
0.00597222
0.00599537
0.00603009
0.00597222
0.00561343
0.0055787
-nan
0.0105093
0.010544
0.0107986
0.0104051
0.0103472
0.00981481
-nan
0.013125
0.0128009
0.0130903
0.0128356
0.0130208
0.0124884
-nan
0.0106134
0.0105208
0.0105093
0.0107639
0.010162
0.0104861
-nan
0.0201968
0.0201736
0.0204861
0.0203356
0.0197801
0.0197222
-nan
0.017662
0.0170139
0.0168634
0.018669
0.0172569
0.0166667
-nan
0.0160764
0.0159028
0.0144792
0.0158218
0.0145023
0.0151736
-nan
0.0134259
0.0125694
0.0133565
0.0133102
0.0130556
0.0132176
-nan
0.0124653
0.0127083
0.0125694
0.0121875
0.0122801
0.012419
-nan
0.015162
0.0141319
0.0150926
0.0148264
0.0142245
0.0138773
-nan
0.0155556
0.0152431
0.0150579
0.0148264
0.0145486
0.0146412
-nan
0.0110069
0.0105556
0.0108102
0.010544
0.0109606
0.0106134
-nan
0.00891204
0.00862269
0.00877315
0.00854167
0.00854167
0.00849537
-nan
0.0166898
0.0146528
0.0145486
0.0145718
0.0144329
0.0143171
-nan
0.0280324
0.0266667
0.0272569
0.0259954
0.0257292
0.0261111
-nan
0.0336458
0.0313079
0.0319097
0.0312037
0.030787
0.030081
-nan
0.0388194
0.0375116
0.0370833
0.0367593
0.0361343
0.0375
-nan
0.0423958
0.0402546
0.0398264
0.0387037
0.0374884
0.0380787
-nan
0.0395139
0.0373264
0.0360069
0.0367245
0.0370255
0.0368403
-nan
0.0419097
0.0395255
0.0392708
0.0397454
0.038912
0.0386458
-nan
0.0412153
0.0396296
0.04
0.0391667
0.0387847
0.0388079
-nan
0.0390856
0.0392593
0.0372569
0.0361111
0.0367014
0.0356366
-nan
0.0371181
0.0364005
0.0359375
0.035544
0.0361111
0.0355208
-nan
0.0439583
0.0426968
0.0434954
0.0420139
0.0415278
0.041713
-nan
0.0410764
0.0407986
0.0390625
0.0392593
0.0397685
0.03875
-nan
0.0390509
0.0381944
0.0376389
0.0374537
0.0378241
0.0368403
-nan
0.0416435
0.0410417
0.0409722
0.0408218
0.0403472
0.0405208
-nan
0.0524653
0.0521644
0.0488773
0.0496528
0.0492708
0.0484954
-nan
0.0597569
0.0591898
0.0595486
0.05875
0.0584838
0.0579514
-nan
0.0655787
0.0646875
0.0640741
0.0633681
0.0628356
0.0626042
-nan
0.0678472
0.0661806
0.0659375
0.0656481
0.0652083
0.0656366
-nan
0.0645602
0.0638194
0.0643287
0.0633565
0.0630208
0.0635069
-nan
0.0664583
0.0660417
0.0652083
0.0649769
0.0652778
0.064537
-nan
0.0680556
0.0675231
0.0671759
0.0665625
0.0670255
0.0668056
-nan
0.0677199
0.0672569
0.0666667
0.0665625
0.0660301
0.0660764
-nan
0.0676273
0.068287
0.0670255
0.0665625
0.0658681
0.0648264
-nan
0.0696875
0.0689931
0.0691898
0.0677431
0.0678588
0.0671181
-nan
0.0659028
0.0636806
0.0646065
0.0644097
0.0639352
0.0629051
-nan
0.0622917
0.0614931
0.0609722
0.060463
0.0594792
0.0599884
-nan
0.0616204
0.0602894
0.0605787
0.0595486
0.0593403
0.0588194
-nan
0.0562847
0.0552778
0.0545833
0.0555903
0.0542593
0.052963
-nan
0.0660185
0.06625
0.0649653
0.0646412
0.0630208
0.0638773
-nan
0.0588889
0.0570718
0.0578472
0.0566667
0.0558333
0.0549421
-nan
0.0507292
0.0497338
0.0483333
0.0478009
0.0487153
0.0465856
-nan
0.0442014
0.0426042
0.0424769
0.0430208
0.0422801
0.0423264
-nan
0.0382407
0.0384606
0.0387847
0.0366551
0.0375
0.0372222
-nan
0.0360764
0.0354514
0.0347917
0.0342593
0.0336227
0.0353819
-nan
0.0344676
0.0339236
0.0335764
0.033206
0.0328819
0.0326273
-nan
0.0289468
0.0290278
0.0282292
0.0283449
0.0279861
0.0275
-nan
0.0269444
0.0267014
0.0261111
0.026169
0.0249074
0.0255093
-nan
0.0261458
0.0265278
0.0254977
0.0272454
0.0265278
0.0253819
-nan
0.0221412
0.021875
0.0213194
0.020463
0.0204514
0.019919
-nan
0.0214931
0.020544
0.0202431
0.0206366
0.0198958
0.0194097
-nan
0.0226157
0.0216319
0.0220139
0.0216204
0.0208333
0.0212037
-nan
0.0169676
0.0169097
0.0169444
0.0167361
0.0171991
0.0164583
-nan
0.0141319
0.0149653
0.0141898
0.0140394
0.01375
0.013669
-nan
0.0135532
0.0134722
0.0126273
0.0134028
0.0126389
0.0120833
-nan
0.0111806
0.0114468
0.0104745
0.0111111
0.0103241
0.0102778
-nan
0.0110069
0.0109838
0.0105093
0.0108681
0.0101389
0.0101042
-nan
0.026875
0.0259028
0.0262731
0.0257523
0.025081
0.0255903
-nan
0.0191319
0.0189583
0.0191204
0.0188542
0.0191435
0.0185417
-nan
0.018588
0.0186806
0.01875
0.0185069
0.0184954
0.018044
-nan
0.0119792
0.0114236
0.0113426
0.0113542
0.0111458
0.0104977
-nan
0.00649306
0.00626157
0.00635417
0.00641204
0.00603009
0.00604167
-nan
0.00722222
0.00706019
0.00684028
0.006875
0.00680556
0.00689815
-nan
0.00836806
0.00763889
0.00732639
0.00835648
0.00787037
0.00768519
-nan
0.0250347
0.0237731
0.0241435
0.02375
0.0240625
0.0233333
-nan
0.018287
0.0180556
0.018044
0.0181597
0.0176389
0.0176157
-nan
0.0103819
0.0103241
0.0101736
0.00993056
0.00982639
0.00950231
-nan
0.00961806
0.0090625
0.00929398
0.00927083
0.00908565
0.00883102
-nan
0.0108565
0.0106597
0.0102546
0.00965278
0.0096875
0.00975694
-nan
0.0181134
0.0180903
0.0165278
0.0171991
0.0167361
0.0167593
-nan
0.0226273
0.0213542
0.0219213
0.02125
0.0219444
0.0209375
-nan
0.0288079
0.0282639
0.0274884
0.0272222
0.0273611
0.0272685
-nan
0.0295949
0.0277431
0.0276042
0.0272917
0.026875
0.0267245
-nan
0.0407639
0.04
0.0389815
0.0417477
0.0384954
0.0391319
-nan
0.0862847
0.0871875
0.086169
0.0815972
0.0846875
0.0790509
-nan
0.127917
0.12544
0.12478
0.123403
0.122083
0.121829
-nan
0.156354
0.15662
0.159792
0.153438
0.152222
0.1511
-nan
0.193333
0.190694
0.193333
0.191308
0.189363
0.187049
-nan
0.239329
0.237917
0.239028
0.234803
0.226493
0.227986
-nan
0.289549
0.287766
0.289375
0.282558
0.280521
0.280104
-nan
0.342245
0.338692
0.336921
0.334873
0.333345
0.33265
-nan
0.381181
0.372743
0.375961
0.371991
0.372384
0.372396
-nan
0.410544
0.403819
0.401701
0.399687
0.398113
0.402569
-nan
0.457164
0.447639
0.456076
0.447766
0.453646
0.446134
-nan
0.537523
0.538414
0.525162
0.526204
0.522766
0.520544
-nan
0.599155
0.590891
0.585764
0.585486
0.587604
0.588333
-nan
0.617211
0.60588
0.613657
0.60125
0.602118
0.607708
-nan
0.607766
0.608935
0.589479
0.573229
0.560231
0.510833
-nan
0.617812
0.613704
0.613021
0.615579
0.600347
0.595787
-nan
0.69103
0.689294
0.680972
0.675417
0.675023
0.669687
-nan
0.757222
0.75919
0.754965
0.751551
0.747292
0.742361
-nan
0.79735
0.79191
0.788438
0.788299
0.78478
0.78125
-nan
0.780069
0.77412
0.770451
0.769167
0.769769
0.763206
-nan
0.795694
0.805521
0.794537
0.790556
0.787431
0.786481
-nan
0.796296
0.795058
0.80103
0.79728
0.788287
0.790289
-nan
0.75787
0.75125
0.752257
0.745451
0.745787
0.745556
-nan
0.792361
0.785127
0.795266
0.79412
0.778356
0.774653
-nan
0.775648
0.766192
0.766759
0.76162
0.762465
0.759028
-nan
0.764086
0.758657
0.76228
0.753738
0.757245
0.753426
-nan
0.767373
0.75897
0.757269
0.752569
0.755185
0.754097
-nan
0.754711
0.747002
0.74463
0.744352
0.744537
0.740556
-nan
0.77838
0.770752
0.767569
0.764306
0.771042
0.762824
-nan
0.787326
0.781736
0.778495
0.781736
0.779074
0.772697
-nan
0.786157
0.780914
0.782975
0.776782
0.779225
0.777245
-nan
0.781597
0.782222
0.776319
0.774144
0.774051
0.771563
-nan
0.779769
0.773403
0.775035
0.767616
0.766042
0.772512
-nan
0.771215
0.777234
0.770185
0.765035
0.762234
0.760845
-nan
0.746863
0.749028
0.758565
0.750718
0.743611
0.74191
-nan
0.741863
0.735799
0.728299
0.725972
0.729803
0.726852
-nan
0.740231
0.728426
0.728461
0.721331
0.721366
0.720347
-nan
0.728461
0.727118
0.733183
0.734016
0.734051
0.725278
-nan
0.737049
0.733437
0.730243
0.722419
0.719155
0.721562
-nan
0.726863
0.728565
0.725498
0.712951
0.717905
0.715208
-nan
0.730174
0.732951
0.717072
0.727361
0.719618
0.716412
-nan
0.69772
0.701782
0.695694
0.690833
0.692373
0.689734
-nan
0.68566
0.679722
0.676215
0.674988
0.668368
0.670255
-nan
0.692454
0.69603
0.687708
0.679884
0.684815
0.680637
-nan
0.726782
0.715625
0.716782
0.717164
0.710289
0.707257
-nan
0.73706
0.737396
0.737685
0.729583
0.686076
0.682454
-nan
0.735845
0.729896
0.726771
0.722546
0.729977
0.725972
-nan
0.724954
0.720278
0.719618
0.722812
0.725613
0.720266
-nan
0.712963
0.711157
0.718414
0.707847
0.705347
0.703484
-nan
0.740544
0.730104
0.730544
0.730104
0.724711
0.727674
-nan
0.750544
0.738507
0.735475
0.740405
0.732731
0.730694
-nan
0.728333
0.724549
0.715
0.720498
0.713854
0.715243
-nan
0.692002
0.694236
0.689375
0.682801
0.684097
0.678056
-nan
0.685463
0.688565
0.678542
0.674086
0.673507
0.673009
-nan
0.643704
0.637419
0.632847
0.636771
0.631389
0.628611
-nan
0.625116
0.636806
0.62441
0.625451
0.622234
0.623206
-nan
0.678137
0.685012
0.674063
0.673715
0.669248
0.667963
-nan
0.691238
0.686042
0.686725
0.680278
0.67478
0.677292
-nan
0.695289
0.686505
0.68375
0.689109
0.680116
0.679236
-nan
0.652025
0.642975
0.641343
0.637384
0.63397
0.631968
-nan
0.602072
0.592153
0.585556
0.586597
0.590463
0.584236
-nan
0.606933
0.601921
0.58515
0.584491
0.580891
0.590648
-nan
0.632812
0.625035
0.624722
0.61603
0.615683
0.608137
-nan
0.629155
0.615243
0.611516
0.610613
0.609583
0.602778
-nan
0.610174
0.594294
0.597535
0.588461
0.587049
0.589271
-nan
0.587245
0.587824
0.566238
0.59015
0.562361
0.56147
-nan
0.560486
0.563889
0.555613
0.559225
0.548368
0.54066
-nan
0.551505
0.545949
0.535764
0.534109
0.539167
0.531146
-nan
0.528472
0.528924
0.515382
0.514167
0.524317
0.508252
-nan
0.476493
0.463704
0.467951
0.456933
0.457153
0.45669
-nan
0.459641
0.453183
0.451007
0.444722
0.438854
0.43566
-nan
0.471424
0.462106
0.452917
0.449421
0.457731
0.457523
-nan
0.44853
0.43978
0.443611
0.444271
0.432535
0.427326
-nan
0.471481
0.474699
0.472407
0.479896
0.481586
0.46015
-nan
0.448056
0.444051
0.449479
0.430613
0.434271
0.437523
-nan
0.407604
0.408623
0.403102
0.39691
0.392326
0.393681
-nan
0.379468
0.369248
0.368669
0.365127
0.362176
0.357361
-nan
0.345116
0.34059
0.335174
0.327269
0.32941
0.323588
-nan
0.325671
0.327303
0.322396
0.313935
0.309144
0.31169
-nan
0.371424
0.37625
0.373056
0.360417
0.355984
0.360359
-nan
0.38169
0.375475
0.375231
0.372315
0.365046
0.365046
-nan
0.371748
0.361377
0.358808
0.352766
0.354248
0.35647
-nan
0.389155
0.388831
0.380509
0.375162
0.372697
0.370694
-nan
0.404699
0.391887
0.393472
0.386435
0.386262
0.385313
-nan
0.403368
0.393981
0.39037
0.397639
0.391597
0.388889
-nan
0.392731
0.384884
0.384201
0.384826
0.376563
0.37353
-nan
0.36919
0.358229
0.361285
0.356979
0.356319
0.353947
-nan
0.331053
0.322326
0.326701
0.32463
0.318785
0.320324
-nan
0.303993
0.299722
0.300266
0.288877
0.297326
0.285104
-nan
0.379329
0.378634
0.375891
0.348843
0.371968
0.360671
-nan
0.363877
0.353565
0.350336
0.345787
0.347593
0.347917
-nan
0.374942
0.372292
0.363345
0.36191
0.353634
0.354444
-nan
0.333356
0.327188
0.334583
0.322639
0.316354
0.333113
-nan
0.297755
0.291921
0.294722
0.288032
0.297882
0.280625
-nan
0.324583
0.312616
0.321562
0.314537
0.308472
0.304838
-nan
0.297361
0.277963
0.272789
0.286782
0.281389
0.288414
-nan
0.253079
0.256887
0.246551
0.253495
0.243519
0.239815
-nan
0.229919
0.2289
0.222095
0.227755
0.218831
0.213646
-nan
0.20875
0.207234
0.206597
0.200104
0.191134
0.190509
-nan
0.173542
0.178472
0.163067
0.170093
0.172187
0.16
-nan
0.150289
0.151053
0.142326
0.143391
0.131771
0.137199
-nan
0.127442
0.113102
0.118738
0.123403
0.114722
0.109271
-nan
0.104248
0.101736
0.10081
0.0979514
0.0926852
0.0914699
-nan
0.078206
0.0827778
0.0731019
0.0784028
0.0809722
0.0736458
-nan
0.0617593
0.0676505
0.0623032
0.0566782
0.0556481
0.0655324
-nan
0.0534954
0.0522685
0.0490741
0.0485532
0.0449884
0.0425579
-nan
0.0396991
0.0393981
0.0360301
0.0365741
0.033912
0.0319097
-nan
0.028287
0.025544
0.0285417
0.0278819
0.0238194
0.0223148
-nan
0.0202431
0.0180093
0.0195486
0.018669
0.0175347
0.0169792
-nan
0.0177083
0.0165509
0.014375
0.0151042
0.0135301
0.0158565
-nan
0.0216204
0.0196528
0.02
0.0212847
0.0215278
0.0215162
-nan
0.0132986
0.0129051
0.0126968
0.0107176
0.0119444
0.0111806
-nan
0.0332639
0.0331597
0.0329514
0.0316319
0.031169
0.0315856
-nan
0.0494676
0.0475231
0.0476968
0.0464931
0.0456944
0.0453472
-nan
0.0948495
0.0928125
0.0929861
0.0902083
0.0915972
0.0899884
-nan
0.121204
0.112465
0.115139
0.111343
0.109965
0.109468
-nan
0.114549
0.114097
0.111308
0.113194
0.109329
0.107083
-nan
0.105127
0.105058
0.105938
0.104537
0.102743
0.0992708
-nan
0.0733218
0.0732639
0.0735069
0.0727778
0.072662
0.0725
-nan
0.0520833
0.0519329
0.0524884
0.0510648
0.0505556
0.0504167
-nan
0.0590972
0.0544444
0.0545602
0.0538773
0.0538194
0.0535301
-nan
0.0721528
0.0620718
0.0629051
0.060625
0.0594444
0.0591551
-nan
0.0776389
0.070162
0.0773611
0.0692245
0.0715972
0.0693056
-nan
0.0869329
0.0856944
0.0789236
0.0862037
0.0827315
0.0802083
-nan
0.0876042
0.0872106
0.0871528
0.0868981
0.0826389
0.0843981
-nan
0.0636806
0.0630208
0.0634954
0.061169
0.0608681
0.0618287
-nan
0.0152662
0.014919
0.014537
0.014838
0.0143634
0.0146296
-nan
0.00506944
0.00452546
0.00434028
0.0046875
0.00454861
0.0044213
-nan
0.00583333
0.00596065
0.00585648
0.00527778
0.00513889
0.00520833
-nan
0.0117014
0.0108333
0.00947917
0.00946759
0.00943287
0.0106481
-nan
0.0253356
0.0236458
0.023669
0.0233681
0.0235417
0.0237731
-nan
0.0856944
0.0823264
0.0810648
0.0811806
0.0809028
0.0804051
-nan
0.174005
0.173657
0.173056
0.168437
0.167164
0.167465
-nan
0.279155
0.27235
0.271667
0.272662
0.275
0.270347
-nan
0.345139
0.339236
0.338368
0.337187
0.335903
0.334537
-nan
0.312535
0.312326
0.311007
0.311273
0.312014
0.308183
-nan
0.264653
0.265104
0.265949
0.265394
0.264421
0.260868
-nan
0.234722
0.232222
0.234063
0.232326
0.231968
0.231586
-nan
0.200903
0.201181
0.201782
0.201065
0.199687
0.199965
-nan
0.128322
0.12625
0.127049
0.127326
0.125903
0.125301
-nan
0.0529514
0.0535764
0.0518981
0.0535764
0.0534722
0.0524537
-nan
0.00121528
0.0012037
0.00126157
0.00105324
0.00101852
0.00107639
-nan
0.00261574
0.0021875
0.00228009
0.00215278
0.00215278
0.00224537
-nan
0.00118056
0.000833333
0.000960648
0.00101852
0.000798611
0.000891204
-nan
0
0
9.25926e-05
9.25926e-05
0
0
-nan
0
0
2.31481e-05
0.000162037
0
9.25926e-05
-nan
0
9.25926e-05
0
2.31481e-05
0
9.25926e-05
-nan
0
0
9.25926e-05
2.31481e-05
0.000162037
0
-nan
2.31481e-05
9.25926e-05
0
9.25926e-05
0
0
-nan
0
0
0.000162037
2.31481e-05
0
9.25926e-05
-nan
0
9.25926e-05
0
9.25926e-05
2.31481e-05
0.000162037
-nan
2.31481e-05
0
0
0.000162037
0
9.25926e-05
-nan
0
9.25926e-05
9.25926e-05
0
0
2.31481e-05
-nan
0
2.31481e-05
0
0
0.000162037
9.25926e-05
-nan
2.31481e-05
9.25926e-05
9.25926e-05
0
0
0
-nan
2.31481e-05
0
0
0.000162037
0
9.25926e-05
-nan
0
9.25926e-05
0
9.25926e-05
2.31481e-05
0
-nan
0
2.31481e-05
9.25926e-05
0.000162037
0
0
-nan
0
0
0
9.25926e-05
2.31481e-05
9.25926e-05
-nan
3.47222e-05
9.25926e-05
2.31481e-05
0
0
0.000162037
-nan
0
2.31481e-05
9.25926e-05
9.25926e-05
0
0
-nan
0.0402431
0.038044
0.0381134
0.0379745
0.0377778
0.0376736
-nan
0.0513542
0.0500347
0.0499884
0.0498611
0.0497106
0.0496065
-nan
0.0587153
0.0558218
0.0563426
0.0548148
0.0545486
0.0545139
-nan
0.0633912
0.0620486
0.0621528
0.0606944
0.0597801
0.0595023
-nan
0.0906829
0.0928009
0.0921065
0.0930208
0.0890972
0.0879861
-nan
0.154097
0.148044
0.147118
0.148079
0.147153
0.145961
-nan
0.190961
0.184502
0.184641
0.185312
0.185729
0.183056
-nan
0.197187
0.199618
0.194826
0.195093
0.191065
0.193356
-nan
0.204363
0.198912
0.197604
0.195937
0.196238
0.194062
-nan
0.190926
0.188889
0.188079
0.186655
0.184062
0.181516
-nan
0.196285
0.194433
0.190926
0.189965
0.190961
0.189757
-nan
0.201181
0.19559
0.198495
0.193773
0.193704
0.198322
-nan
0.208981
0.204618
0.203403
0.205995
0.202697
0.201493
-nan
0.224225
0.225058
0.222917
0.219167
0.220579
0.218843
-nan
0.263044
0.258576
0.252951
0.256238
0.254988
0.251458
-nan
0.257627
0.252812
0.255579
0.254433
0.255856
0.249375
-nan
0.262257
0.252905
0.254086
0.25184
0.256586
0.251146
-nan
0.256215
0.256007
0.253391
0.249676
0.246481
0.248322
-nan
0.282037
0.271528
0.276134
0.271528
0.273704
0.268403
-nan
0.302211
0.299884
0.29228
0.29478
0.292847
0.289861
-nan
0.285139
0.283889
0.282037
0.277662
0.278322
0.274757
-nan
0.270475
0.262523
0.26316
0.264363
0.264988
0.259306
-nan
0.266181
0.267106
0.263299
0.262315
0.261562
0.258843
-nan
0.301944
0.298912
0.296134
0.300961
0.290648
0.291736
-nan
0.307211
0.304653
0.304676
0.299965
0.30169
0.29875
-nan
0.350752
0.339537
0.343229
0.345718
0.34603
0.33875
-nan
0.407176
0.403507
0.400822
0.404028
0.397801
0.396146
-nan
0.412639
0.408241
0.404468
0.401447
0.404965
0.398611
-nan
0.415509
0.41059
0.408356
0.405035
0.406007
0.405822
-nan
0.406562
0.399641
0.403958
0.401412
0.402315
0.394433
-nan
0.404329
0.395799
0.398333
0.392766
0.39544
0.389201
-nan
0.391215
0.387847
0.384433
0.390243
0.379861
0.381458
-nan
0.422014
0.418252
0.415301
0.413889
0.411273
0.408403
-nan
0.468322
0.468229
0.466076
0.462778
0.461528
0.457766
-nan
0.469815
0.471065
0.470833
0.466701
0.464294
0.464896
-nan
0.492708
0.48978
0.486875
0.483183
0.483704
0.47919
-nan
0.481204
0.480868
0.479086
0.472813
0.470822
0.474954
-nan
0.508704
0.494595
0.505185
0.501991
0.489965
0.503727
-nan
0.516123
0.513715
0.510324
0.507269
0.502917
0.50066
-nan
0.525312
0.523947
0.519954
0.515174
0.514468
0.509051
-nan
0.527975
0.519745
0.526458
0.519363
0.526111
0.512153
-nan
0.548438
0.542188
0.546435
0.537512
0.530764
0.52412
-nan
0.525428
0.524086
0.522141
0.52537
0.515579
0.5086
-nan
0.516308
0.507211
0.510231
0.499583
0.505694
0.494919
-nan
0.519745
0.517211
0.511065
0.515486
0.51934
0.500799
-nan
0.5136
0.50559
0.504583
0.498877
0.497106
0.493009
-nan
0.507419
0.499757
0.496863
0.490023
0.483854
0.492604
-nan
0.506481
0.506806
0.510509
0.4936
0.493403
0.500058
-nan
0.532025
0.5264
0.510613
0.5264
0.513299
0.509595
-nan
0.490856
0.497975
0.488495
0.481319
0.4775
0.473681
-nan
0.470023
0.462824
0.451725
0.462581
0.449178
0.448947
-nan
0.476192
0.47412
0.463727
0.472685
0.464734
0.455856
-nan
0.438843
0.439861
0.43941
0.442593
0.427396
0.433113
-nan
0.422315
0.420891
0.412743
0.409259
0.401829
0.410556
-nan
0.404687
0.39478
0.395174
0.399225
0.390266
0.386736
-nan
0.451551
0.446505
0.441956
0.438727
0.445984
0.453947
-nan
0.414826
0.421829
0.418333
0.408461
0.405498
0.402118
-nan
0.393808
0.384294
0.388981
0.384062
0.378472
0.379016
-nan
0.398715
0.399502
0.396505
0.388437
0.383056
0.376435
-nan
0.358981
0.349699
0.354306
0.346169
0.341725
0.340926
-nan
0.331667
0.331609
0.334456
0.324248
0.323252
0.322083
-nan
0.309745
0.308171
0.308264
0.300336
0.29515
0.304363
-nan
0.30309
0.295845
0.293542
0.287789
0.285324
0.283738
-nan
0.279502
0.274086
0.263773
0.270069
0.266481
0.263056
-nan
0.258218
0.257373
0.248623
0.25603
0.257002
0.242824
-nan
0.246678
0.242581
0.237095
0.240255
0.23706
0.232627
-nan
0.292836
0.290891
0.282882
0.285266
0.285
0.273044
-nan
0.251192
0.246505
0.241227
0.237766
0.241331
0.233866
-nan
