0
0
0
6.93356e-310
0.086331
0.0881019
0.0866898
6.93356e-310
0.115324
0.114491
0.114491
6.93356e-310
0.130949
0.130324
0.129873
6.93356e-310
0.152512
0.151331
0.149977
6.93356e-310
0.151377
0.150995
0.15103
6.93356e-310
0.156366
0.156331
0.156192
6.93356e-310
0.164421
0.164074
0.163796
6.93356e-310
0.163762
0.16338
0.163275
6.93356e-310
0.164734
0.164421
0.164282
6.93356e-310
0.162894
0.162697
0.162581
6.93356e-310
0.160475
0.160081
0.159734
6.93356e-310
0.157963
0.15772
0.15765
6.93356e-310
0.169039
0.168241
0.168009
6.93356e-310
0.177512
0.176609
0.176678
6.93356e-310
0.182477
0.181852
0.182199
6.93356e-310
0.176435
0.175463
0.17588
6.93356e-310
0.174352
0.174606
0.173588
6.93356e-310
0.168993
0.168935
0.167569
6.93356e-310
0.168993
0.168623
0.168056
6.93356e-310
0.17816
0.1775
0.177396
6.93356e-310
0.208507
0.207234
0.20691
6.93356e-310
0.246505
0.244734
0.243588
6.93356e-310
0.281701
0.281215
0.278542
6.93356e-310
0.291701
0.290625
0.290104
6.93356e-310
0.3
0.299306
0.299201
6.93356e-310
0.29397
0.293032
0.292963
6.93356e-310
0.272431
0.270671
0.270139
6.93356e-310
0.27125
0.269271
0.268368
6.93356e-310
0.260012
0.258229
0.25875
6.93356e-310
0.260243
0.259479
0.259132
6.93356e-310
0.260208
0.259375
0.25875
6.93356e-310
0.265764
0.264722
0.264722
6.93356e-310
0.268646
0.267361
0.266528
6.93356e-310
0.270521
0.269653
0.268507
6.93356e-310
0.267014
0.265729
0.263924
6.93356e-310
0.261458
0.259896
0.259826
6.93356e-310
0.253194
0.252396
0.251424
6.93356e-310
0.247002
0.246273
0.244641
6.93356e-310
0.241042
0.240278
0.239722
6.93356e-310
0.23316
0.232743
0.231701
6.93356e-310
0.228113
0.227315
0.226273
6.93356e-310
0.227488
0.225822
0.226655
6.93356e-310
0.219907
0.219988
0.21875
6.93356e-310
0.216458
0.216181
0.215
6.93356e-310
0.212951
0.210556
0.211458
6.93356e-310
0.205972
0.205243
0.204687
6.93356e-310
0.201667
0.199931
0.199757
6.93356e-310
0.201806
0.201979
0.200451
6.93356e-310
0.198333
0.197187
0.195868
6.93356e-310
0.19566
0.193438
0.193681
6.93356e-310
0.190938
0.19066
0.190799
6.93356e-310
0.191042
0.190174
0.189306
6.93356e-310
0.187743
0.186701
0.185799
6.93356e-310
0.189433
0.188912
0.187975
6.93356e-310
0.184306
0.183958
0.182847
6.93356e-310
0.18059
0.180903
0.180903
6.93356e-310
0.178854
0.177639
0.177604
6.93356e-310
0.176806
0.174167
0.176007
6.93356e-310
0.168958
0.167813
0.167222
6.93356e-310
0.167882
0.167569
0.165764
6.93356e-310
0.169375
0.165069
0.166701
6.93356e-310
0.162292
0.160833
0.158889
6.93356e-310
0.157465
0.156562
0.155069
6.93356e-310
0.153125
0.151806
0.151042
6.93356e-310
0.150764
0.148576
0.149479
6.93356e-310
0.146979
0.145694
0.145139
6.93356e-310
0.148912
0.147315
0.147593
6.93356e-310
0.142211
0.13985
0.140197
6.93356e-310
0.141319
0.139687
0.139375
6.93356e-310
0.153299
0.152431
0.151285
6.93356e-310
0.159201
0.158229
0.156354
6.93356e-310
0.155833
0.153993
0.152951
6.93356e-310
0.157847
0.154167
0.154271
6.93356e-310
0.145104
0.143681
0.142917
6.93356e-310
0.135104
0.133472
0.13309
6.93356e-310
0.129201
0.127361
0.127743
6.93356e-310
0.125938
0.128229
0.125833
6.93356e-310
0.1275
0.126146
0.125382
6.93356e-310
0.13353
0.132037
0.130856
6.93356e-310
0.122882
0.121563
0.120417
6.93356e-310
0.115868
0.115035
0.114687
6.93356e-310
0.112153
0.110243
0.110174
6.93356e-310
0.108507
0.105417
0.107014
6.93356e-310
0.106667
0.105972
0.105313
6.93356e-310
0.104201
0.101979
0.0994097
6.93356e-310
0.109896
0.107083
0.108333
6.93356e-310
0.102813
0.100868
0.0995486
6.93356e-310
0.0971875
0.095625
0.0946181
6.93356e-310
0.0924306
0.0922222
0.0927778
6.93356e-310
0.0897222
0.0879167
0.0870486
6.93356e-310
0.0867361
0.0862153
0.0852083
6.93356e-310
0.0929514
0.0906944
0.0898264
6.93356e-310
0.0895833
0.0882639
0.0863542
6.93356e-310
0.08375
0.0823958
0.0819444
6.93356e-310
0.0799306
0.0794097
0.0787153
6.93356e-310
0.0842014
0.0826389
0.0822917
6.93356e-310
0.0924306
0.0910069
0.0900347
6.93356e-310
0.101389
0.101007
0.0997917
6.93356e-310
0.0958681
0.0950347
0.0939583
6.93356e-310
0.0986806
0.0975
0.09625
6.93356e-310
0.11265
0.111354
0.112153
6.93356e-310
0.141759
0.138646
0.13934
6.93356e-310
0.17125
0.169896
0.17
6.93356e-310
0.225197
0.223252
0.220231
6.93356e-310
0.242708
0.240903
0.240069
6.93356e-310
0.271944
0.269931
0.269583
6.93356e-310
0.29375
0.292431
0.292569
6.93356e-310
0.321285
0.319444
0.319167
6.93356e-310
0.339896
0.338264
0.337187
6.93356e-310
0.352535
0.351736
0.350382
6.93356e-310
0.388993
0.38625
0.387153
6.93356e-310
0.394028
0.391528
0.391146
6.93356e-310
0.398646
0.397083
0.395972
6.93356e-310
0.410694
0.409653
0.408958
6.93356e-310
0.417674
0.416667
0.416076
6.93356e-310
0.419595
0.41875
0.41713
6.93356e-310
0.435903
0.434792
0.433125
6.93356e-310
0.434815
0.433356
0.431308
6.93356e-310
0.430937
0.429306
0.430174
6.93356e-310
0.429688
0.429306
0.427951
6.93356e-310
0.427778
0.426563
0.425833
6.93356e-310
0.423669
0.42235
0.422801
6.93356e-310
0.431181
0.427326
0.426563
6.93356e-310
0.426215
0.425312
0.425903
6.93356e-310
0.434699
0.434213
0.433623
6.93356e-310
0.447535
0.446632
0.445278
6.93356e-310
0.4575
0.455799
0.456424
6.93356e-310
0.464306
0.462014
0.462847
6.93356e-310
0.488854
0.485625
0.485521
6.93356e-310
0.488889
0.487257
0.486007
6.93356e-310
0.488125
0.48625
0.486007
6.93356e-310
0.489271
0.48691
0.487778
6.93356e-310
0.491308
0.488495
0.49044
6.93356e-310
0.489549
0.488125
0.486944
6.93356e-310
0.49375
0.4925
0.491042
6.93356e-310
0.509236
0.506042
0.503368
6.93356e-310
0.50478
0.50235
0.500162
6.93356e-310
0.493021
0.491806
0.489653
6.93356e-310
0.488819
0.486319
0.48434
6.93356e-310
0.485556
0.483646
0.482083
6.93356e-310
0.490243
0.487986
0.48809
6.93356e-310
0.489861
0.486007
0.487639
6.93356e-310
0.488403
0.485208
0.486667
6.93356e-310
0.490521
0.488854
0.487118
6.93356e-310
0.492986
0.490451
0.488646
6.93356e-310
0.49184
0.489826
0.486806
6.93356e-310
0.491829
0.489329
0.489641
6.93356e-310
0.512523
0.511169
0.507731
6.93356e-310
0.512025
0.509988
0.508275
6.93356e-310
0.51265
0.50956
0.506991
6.93356e-310
0.520127
0.516204
0.514294
6.93356e-310
0.524815
0.521273
0.521794
6.93356e-310
0.529433
0.525266
0.524363
6.93356e-310
0.565266
0.560336
0.557975
6.93356e-310
0.553113
0.547627
0.549653
6.93356e-310
0.546586
0.543669
0.546065
6.93356e-310
0.548495
0.544086
0.546308
6.93356e-310
0.53985
0.538322
0.5361
6.93356e-310
0.534086
0.52919
0.526725
6.93356e-310
0.526273
0.520961
0.523148
6.93356e-310
0.541806
0.538646
0.532778
6.93356e-310
0.530382
0.527083
0.524792
6.93356e-310
0.525486
0.521632
0.521458
6.93356e-310
0.519479
0.513576
0.509896
6.93356e-310
0.507743
0.505139
0.502083
6.93356e-310
0.504826
0.499792
0.496493
6.93356e-310
0.508681
0.504618
0.49941
6.93356e-310
0.492824
0.483576
0.489271
6.93356e-310
0.48316
0.476771
0.477187
6.93356e-310
0.473646
0.469201
0.46566
6.93356e-310
0.460972
0.45566
0.455868
6.93356e-310
0.449479
0.442708
0.445243
6.93356e-310
0.461771
0.455833
0.454514
6.93356e-310
0.440243
0.435451
0.432708
6.93356e-310
0.428611
0.422465
0.418785
6.93356e-310
0.414583
0.407292
0.405278
6.93356e-310
0.404896
0.398333
0.397986
6.93356e-310
0.397153
0.3925
0.388889
6.93356e-310
0.44316
0.433924
0.426285
6.93356e-310
0.404826
0.399062
0.394826
6.93356e-310
0.385556
0.380243
0.378437
6.93356e-310
0.368681
0.364201
0.362847
6.93356e-310
0.350139
0.347049
0.343646
6.93356e-310
0.337187
0.332396
0.333194
6.93356e-310
0.323472
0.319618
0.315104
6.93356e-310
0.342512
0.3325
0.326562
6.93356e-310
0.31684
0.312188
0.308924
6.93356e-310
0.302639
0.300486
0.295278
6.93356e-310
0.288889
0.284271
0.282569
6.93356e-310
0.278333
0.275451
0.27316
6.93356e-310
0.268958
0.262188
0.264167
6.93356e-310
0.307755
0.29772
0.294838
6.93356e-310
0.275845
0.274352
0.270775
6.93356e-310
0.256852
0.252569
0.252743
6.93356e-310
0.244664
0.240833
0.240694
6.93356e-310
0.231748
0.227639
0.227153
6.93356e-310
0.222049
0.21691
0.215174
6.93356e-310
0.228264
0.219375
0.216181
6.93356e-310
0.210174
0.206111
0.205833
6.93356e-310
0.199549
0.194306
0.194375
6.93356e-310
0.189826
0.189236
0.18684
6.93356e-310
0.182986
0.180521
0.177917
6.93356e-310
0.177639
0.167882
0.172049
6.93356e-310
0.227951
0.212569
0.219514
6.93356e-310
0.203194
0.198125
0.193958
6.93356e-310
0.192188
0.190069
0.187674
6.93356e-310
0.185347
0.18191
0.178333
6.93356e-310
0.172569
0.170208
0.167951
6.93356e-310
0.162639
0.160556
0.160139
6.93356e-310
0.15309
0.151424
0.14875
6.93356e-310
0.168507
0.162882
0.16059
6.93356e-310
0.145347
0.141076
0.143056
6.93356e-310
0.132986
0.129583
0.126771
6.93356e-310
0.119688
0.117326
0.115035
6.93356e-310
0.112083
0.109583
0.110069
6.93356e-310
0.106146
0.102257
0.104201
6.93356e-310
0.11662
0.111806
0.111424
6.93356e-310
0.104618
0.102014
0.101389
6.93356e-310
0.103368
0.0996875
0.0985995
6.93356e-310
0.08875
0.0866667
0.0860764
6.93356e-310
0.0803472
0.0789583
0.0778704
6.93356e-310
0.0711458
0.0691319
0.06875
6.93356e-310
0.0694213
0.0678704
0.0675347
6.93356e-310
0.0645486
0.0623611
0.0623958
6.93356e-310
0.0621181
0.0594097
0.0600231
6.93356e-310
0.0667014
0.0640278
0.0624306
6.93356e-310
0.0563773
0.0545833
0.0528125
6.93356e-310
0.0509722
0.0496181
0.0474306
6.93356e-310
0.0389236
0.0385648
0.0367014
6.93356e-310
0.0367708
0.0360417
0.0348264
6.93356e-310
0.0344792
0.0333218
0.0327778
6.93356e-310
0.0440972
0.041875
0.0405556
6.93356e-310
0.0352431
0.0345718
0.0343056
6.93356e-310
0.0367245
0.0353472
0.0338542
6.93356e-310
0.0344329
0.0336806
0.0320139
6.93356e-310
0.0322569
0.0316319
0.0318056
6.93356e-310
0.0307639
0.0301736
0.0292593
6.93356e-310
0.0367014
0.0351389
0.0339931
6.93356e-310
0.0305787
0.0297222
0.0293056
6.93356e-310
0.0253125
0.024375
0.0246181
6.93356e-310
0.0236111
0.0232292
0.0233218
6.93356e-310
0.0242708
0.0235764
0.0236806
6.93356e-310
0.0233681
0.0222569
0.0223843
6.93356e-310
0.0310417
0.02875
0.0290972
6.93356e-310
0.0298148
0.0294792
0.0296181
6.93356e-310
0.0264931
0.0258681
0.0264931
6.93356e-310
0.0230787
0.0223958
0.0221875
6.93356e-310
0.0228819
0.0220833
0.0217361
6.93356e-310
0.0218287
0.0211111
0.0211458
6.93356e-310
0.0218056
0.02125
0.0207986
6.93356e-310
0.0223148
0.0215625
0.0211806
6.93356e-310
0.0301736
0.0288542
0.02875
6.93356e-310
0.0249306
0.0247454
0.0242014
6.93356e-310
0.0218056
0.0218403
0.0216319
6.93356e-310
0.0187153
0.018669
0.0178819
6.93356e-310
0.0166319
0.0164931
0.0160764
6.93356e-310
0.0157176
0.015
0.0153819
6.93356e-310
0.0184028
0.0171875
0.0170139
6.93356e-310
0.0155208
0.0151042
0.0150926
6.93356e-310
0.0139931
0.0139931
0.0138889
6.93356e-310
0.0145023
0.0143403
0.0140278
6.93356e-310
0.0121065
0.0119097
0.0119792
6.93356e-310
0.0111343
0.0112037
0.0109722
6.93356e-310
0.0096875
0.00944444
0.00944444
6.93356e-310
0.0115278
0.0117593
0.0111458
6.93356e-310
0.00965278
0.00947917
0.00965278
6.93356e-310
0.0096875
0.00922454
0.00871528
6.93356e-310
0.00798611
0.00763889
0.0075
6.93356e-310
0.00663194
0.00690972
0.00634259
6.93356e-310
0.00697917
0.00642361
0.00642361
6.93356e-310
0.00991898
0.00927083
0.00895833
6.93356e-310
0.0104861
0.0101736
0.0102083
6.93356e-310
0.0111458
0.0110995
0.0107639
6.93356e-310
0.0126736
0.0128588
0.0121875
6.93356e-310
0.0131713
0.012419
0.0122569
6.93356e-310
0.0132755
0.0122917
0.0123264
6.93356e-310
0.0145023
0.0140046
0.0133681
6.93356e-310
0.0126389
0.0123264
0.0124306
6.93356e-310
0.0122454
0.0117361
0.0123032
6.93356e-310
0.0128125
0.0124653
0.012963
6.93356e-310
0.0161574
0.0152083
0.0152662
6.93356e-310
0.0182407
0.0164931
0.0169097
6.93356e-310
0.0199537
0.0198032
0.0192708
6.93356e-310
0.0168056
0.0169907
0.0165278
6.93356e-310
0.0158218
0.0161227
0.0154861
6.93356e-310
0.0161458
0.0160069
0.0164699
6.93356e-310
0.0159028
0.0159259
0.0162616
6.93356e-310
0.0143519
0.0133681
0.0132292
6.93356e-310
0.0150347
0.0150231
0.0153241
6.93356e-310
0.0171528
0.0169792
0.0174421
6.93356e-310
0.0163657
0.0157523
0.0152083
6.93356e-310
0.0132986
0.0136921
0.0131597
6.93356e-310
0.0113889
0.0112037
0.011713
6.93356e-310
0.00944444
0.00976852
0.00920139
6.93356e-310
0.00997685
0.00892361
0.00915509
6.93356e-310
0.00869213
0.00784722
0.00784722
6.93356e-310
0.0075463
0.00652778
0.00659722
6.93356e-310
0.00760417
0.00827546
0.0075
6.93356e-310
0.0065625
0.00886574
0.00657407
6.93356e-310
0.00626157
0.00820602
0.00559028
6.93356e-310
0.00584491
0.00527778
0.00789352
6.93356e-310
0.0081713
0.00545139
0.00601852
6.93356e-310
0.00600694
0.00640046
0.00844907
6.93356e-310
0.00621528
0.00664352
0.00869213
6.93356e-310
0.0091088
0.00645833
0.00702546
6.93356e-310
0.00739583
0.00775463
0.00997685
6.93356e-310
0.0117708
0.0107292
0.0108449
6.93356e-310
0.0152199
0.0137847
0.0143519
6.93356e-310
0.0149074
0.0154398
0.0140625
6.93356e-310
0.0173032
0.0165625
0.0165625
6.93356e-310
0.0164583
0.0168866
0.0163194
6.93356e-310
0.0148958
0.0154282
0.0146875
6.93356e-310
0.0142361
0.0142014
0.0144907
6.93356e-310
0.0137847
0.0142824
0.0136458
6.93356e-310
0.0145833
0.0147685
0.0143403
6.93356e-310
0.0133565
0.013831
0.0132639
6.93356e-310
0.0142361
0.0146296
0.0139236
6.93356e-310
0.0144097
0.0138889
0.0140046
6.93356e-310
0.0150694
0.014838
0.0142708
6.93356e-310
0.014375
0.0146644
0.0138542
6.93356e-310
0.0161458
0.0165394
0.0155903
6.93356e-310
0.017581
0.0168056
0.0167708
6.93356e-310
0.0176389
0.0177546
0.0172917
6.93356e-310
0.0165741
0.0160764
0.0160417
6.93356e-310
0.0134722
0.0134722
0.0140046
6.93356e-310
0.0144444
0.0149074
0.0141667
6.93356e-310
0.0118403
0.0123032
0.0117361
6.93356e-310
0.00885417
0.00928241
0.00871528
6.93356e-310
0.0087963
0.00798611
0.00798611
6.93356e-310
0.00751157
0.00670139
0.00642361
6.93356e-310
0.005625
0.00545139
0.00594907
6.93356e-310
0.00368056
0.00421296
0.00364583
6.93356e-310
0.00469907
0.0040625
0.00395833
6.93356e-310
0.00569444
0.00524306
0.00556713
6.93356e-310
0.00935185
0.00784722
0.00784722
6.93356e-310
0.0164352
0.0150347
0.0154977
6.93356e-310
0.0226157
0.0211806
0.0202894
6.93356e-310
0.0305324
0.0305556
0.0308102
6.93356e-310
0.0342014
0.0343866
0.0336574
6.93356e-310
0.038206
0.0379282
0.0380208
6.93356e-310
0.039537
0.0398611
0.0392708
6.93356e-310
0.0415741
0.0420949
0.0411806
6.93356e-310
0.0408218
0.041412
0.0408449
6.93356e-310
0.0410764
0.0409838
0.0416088
6.93356e-310
0.0400463
0.0393403
0.039456
6.93356e-310
0.0378241
0.0378125
0.0382407
6.93356e-310
0.0384838
0.0373727
0.0374653
6.93356e-310
0.0357755
0.0358102
0.0353125
6.93356e-310
0.0335069
0.0337269
0.0331713
6.93356e-310
0.0341782
0.0334838
0.0334028
6.93356e-310
0.0326736
0.032581
0.0329977
6.93356e-310
0.0372569
0.036956
0.0376157
6.93356e-310
0.0412269
0.0405903
0.0405671
6.93356e-310
0.0478241
0.0456019
0.046875
6.93356e-310
0.0559491
0.0553472
0.0546296
6.93356e-310
0.0729977
0.0713542
0.0716435
6.93356e-310
0.0938194
0.0913426
0.0903125
6.93356e-310
0.123056
0.118171
0.116817
6.93356e-310
0.152951
0.151956
0.152581
6.93356e-310
0.187303
0.187373
0.186771
6.93356e-310
0.22765
0.225949
0.224965
6.93356e-310
0.273056
0.268113
0.266319
6.93356e-310
0.305394
0.304329
0.302106
6.93356e-310
0.327431
0.325116
0.324838
6.93356e-310
0.351354
0.350046
0.349525
6.93356e-310
0.375324
0.370069
0.372407
6.93356e-310
0.411273
0.402141
0.399213
6.93356e-310
0.474792
0.474525
0.47331
6.93356e-310
0.492755
0.487778
0.484317
6.93356e-310
0.521146
0.517025
0.516678
6.93356e-310
0.545949
0.535637
0.533576
6.93356e-310
0.570822
0.563148
0.564838
6.93356e-310
0.596921
0.590833
0.592164
6.93356e-310
0.615116
0.60934
0.607512
6.93356e-310
0.631597
0.625984
0.62647
6.93356e-310
0.641308
0.632824
0.636516
6.93356e-310
0.659757
0.651065
0.650174
6.93356e-310
0.680752
0.67022
0.670162
6.93356e-310
0.696146
0.69037
0.690868
6.93356e-310
0.712257
0.706667
0.702627
6.93356e-310
0.720984
0.717373
0.717257
6.93356e-310
0.733079
0.730058
0.729491
6.93356e-310
0.750046
0.743519
0.743125
6.93356e-310
0.725567
0.719803
0.716736
6.93356e-310
0.751157
0.743519
0.743403
6.93356e-310
0.75713
0.75191
0.751921
6.93356e-310
0.770509
0.760984
0.763148
6.93356e-310
0.784086
0.777326
0.779549
6.93356e-310
0.783148
0.778241
0.779873
6.93356e-310
0.797106
0.790625
0.79309
6.93356e-310
0.793009
0.78684
0.788889
6.93356e-310
0.809792
0.803657
0.805347
6.93356e-310
0.803264
0.800312
0.800301
6.93356e-310
0.79419
0.791597
0.789792
6.93356e-310
0.785799
0.781991
0.781053
6.93356e-310
0.773576
0.769803
0.770428
6.93356e-310
0.766875
0.761574
0.762303
6.93356e-310
0.766609
0.7625
0.760081
6.93356e-310
0.766898
0.76184
0.759236
6.93356e-310
0.798588
0.791597
0.790602
6.93356e-310
0.815775
0.808819
0.807824
6.93356e-310
0.806852
0.803032
0.798993
6.93356e-310
0.802083
0.79772
0.795775
6.93356e-310
0.79331
0.785451
0.784838
6.93356e-310
0.784132
0.781053
0.778102
6.93356e-310
0.785845
0.780359
0.782986
6.93356e-310
0.794398
0.788738
0.78956
6.93356e-310
0.793287
0.789549
0.788611
6.93356e-310
0.773183
0.766875
0.764861
6.93356e-310
0.740625
0.734167
0.734954
6.93356e-310
0.707616
0.701852
0.701875
6.93356e-310
0.69875
0.693206
0.69081
6.93356e-310
0.694514
0.688414
0.689039
6.93356e-310
0.686458
0.68265
0.68022
6.93356e-310
0.694086
0.687778
0.685799
6.93356e-310
0.69934
0.692164
0.691366
6.93356e-310
0.700174
0.694664
0.691262
6.93356e-310
0.669595
0.663403
0.663854
6.93356e-310
0.688264
0.682477
0.680127
6.93356e-310
0.704456
0.697442
0.695556
6.93356e-310
0.707743
0.699931
0.69706
6.93356e-310
0.702604
0.696157
0.692361
6.93356e-310
0.727639
0.720972
0.722338
6.93356e-310
0.741667
0.734502
0.731944
6.93356e-310
0.748785
0.742234
0.741215
6.93356e-310
0.741771
0.732824
0.73588
6.93356e-310
0.734433
0.731319
0.72978
6.93356e-310
0.729236
0.724954
0.722662
6.93356e-310
0.740822
0.735949
0.734977
6.93356e-310
0.710498
0.704792
0.705104
6.93356e-310
0.696667
0.692106
0.69162
6.93356e-310
0.696713
0.692106
0.686956
6.93356e-310
0.722674
0.713519
0.710694
6.93356e-310
0.721528
0.711053
0.706146
6.93356e-310
0.756319
0.74625
0.74338
6.93356e-310
0.774757
0.767789
0.763437
6.93356e-310
0.781412
0.777604
0.776933
6.93356e-310
0.780648
0.772593
0.769792
6.93356e-310
0.769433
0.762755
0.757928
6.93356e-310
0.758495
0.752025
0.748519
6.93356e-310
0.73544
0.726343
0.726586
6.93356e-310
0.719618
0.711887
0.711308
6.93356e-310
0.714086
0.700081
0.704838
6.93356e-310
0.698484
0.691586
0.686343
6.93356e-310
0.685336
0.681262
0.67669
6.93356e-310
0.671389
0.665914
0.659757
6.93356e-310
0.659803
0.653947
0.649352
6.93356e-310
0.63809
0.632442
0.627361
6.93356e-310
0.634861
0.622581
0.626528
6.93356e-310
0.62735
0.616007
0.617627
6.93356e-310
0.635336
0.628218
0.624236
6.93356e-310
0.634225
0.624525
0.618171
6.93356e-310
0.61316
0.604595
0.604549
6.93356e-310
0.590579
0.5814
0.574387
6.93356e-310
0.57831
0.571007
0.565035
6.93356e-310
0.570833
0.562442
0.563056
6.93356e-310
0.565764
0.557465
0.553692
6.93356e-310
0.563692
0.55265
0.554815
6.93356e-310
0.539398
0.525498
0.53272
6.93356e-310
0.514294
0.501157
0.506262
6.93356e-310
0.486076
0.477836
0.478009
6.93356e-310
0.45934
0.451863
0.451968
6.93356e-310
0.42897
0.423299
0.423611
6.93356e-310
0.431806
0.423044
0.425613
6.93356e-310
0.427558
0.422569
0.418646
6.93356e-310
0.428588
0.425856
0.420498
6.93356e-310
0.439884
0.431447
0.42985
6.93356e-310
0.43397
0.430706
0.430995
6.93356e-310
0.455856
0.453507
0.447627
6.93356e-310
0.498449
0.49103
0.493715
6.93356e-310
0.542477
0.538229
0.538681
6.93356e-310
0.564954
0.559664
0.562512
6.93356e-310
0.577269
0.576273
0.572269
6.93356e-310
0.578449
0.572593
0.568044
6.93356e-310
0.604144
0.601343
0.598866
6.93356e-310
0.609028
0.602789
0.602812
6.93356e-310
0.574063
0.567014
0.567269
6.93356e-310
0.551389
0.547164
0.543958
6.93356e-310
0.515938
0.511667
0.509942
6.93356e-310
0.489271
0.484803
0.481875
6.93356e-310
0.452049
0.448403
0.447546
6.93356e-310
0.432604
0.427639
0.42647
6.93356e-310
0.397859
0.391701
0.394132
6.93356e-310
0.374745
0.370833
0.367419
6.93356e-310
0.367488
0.364051
0.362465
6.93356e-310
0.345637
0.342187
0.339201
6.93356e-310
0.314792
0.3125
0.313032
6.93356e-310
0.280764
0.27691
0.277338
6.93356e-310
0.245995
0.244178
0.239803
6.93356e-310
0.219225
0.217373
0.216956
6.93356e-310
0.193171
0.189375
0.187049
6.93356e-310
0.173889
0.167905
0.171285
6.93356e-310
0.161319
0.158345
0.155833
6.93356e-310
0.157442
0.157025
0.155475
6.93356e-310
0.152789
0.151863
0.148542
6.93356e-310
0.157176
0.153391
0.153738
6.93356e-310
0.144051
0.141354
0.143044
6.93356e-310
0.137396
0.13684
0.134352
6.93356e-310
0.128553
0.128044
0.125046
6.93356e-310
0.162095
0.158993
0.157569
6.93356e-310
0.223773
0.220752
0.218715
6.93356e-310
0.292431
0.290451
0.28816
6.93356e-310
0.36125
0.358808
0.358287
6.93356e-310
0.436204
0.42963
0.426898
6.93356e-310
0.470266
0.468137
0.467488
6.93356e-310
0.488773
0.487049
0.486736
6.93356e-310
0.473542
0.470729
0.470012
6.93356e-310
0.463345
0.456181
0.45434
6.93356e-310
0.405313
0.400671
0.402465
6.93356e-310
0.349838
0.346389
0.346806
6.93356e-310
0.332014
0.329468
0.328773
6.93356e-310
0.285
0.284711
0.282095
6.93356e-310
0.244502
0.240012
0.241736
6.93356e-310
0.214444
0.212685
0.212431
6.93356e-310
0.180544
0.179063
0.178854
6.93356e-310
0.148866
0.146354
0.145625
6.93356e-310
0.116968
0.116644
0.11647
6.93356e-310
0.0862847
0.0830556
0.0824074
6.93356e-310
0.0665625
0.0670949
0.0636458
6.93356e-310
0.0591667
0.0596991
0.0605208
6.93356e-310
0.0635764
0.0608218
0.0591667
6.93356e-310
0.0534491
0.0540162
0.0512269
6.93356e-310
0.0500694
0.0489931
0.0484144
6.93356e-310
0.0558449
0.055081
0.0538194
6.93356e-310
0.0790972
0.0759606
0.0758565
6.93356e-310
0.10706
0.10441
0.102639
6.93356e-310
0.146169
0.142859
0.141366
6.93356e-310
0.174618
0.171389
0.170081
6.93356e-310
0.205868
0.201285
0.202789
6.93356e-310
0.248924
0.239931
0.240637
6.93356e-310
0.29625
0.291019
0.287326
6.93356e-310
0.307535
0.302986
0.303935
6.93356e-310
0.330787
0.327361
0.32537
6.93356e-310
0.333426
0.328241
0.32588
6.93356e-310
0.331435
0.325625
0.327986
6.93356e-310
0.327083
0.323333
0.322512
6.93356e-310
0.309688
0.305278
0.303044
6.93356e-310
0.303206
0.298611
0.296597
6.93356e-310
0.301759
0.301053
0.298993
6.93356e-310
0.291528
0.288542
0.288449
6.93356e-310
0.282083
0.280347
0.279803
6.93356e-310
0.251215
0.250081
0.252523
6.93356e-310
0.21044
0.21044
0.210208
6.93356e-310
0.175671
0.176447
0.175567
6.93356e-310
0.141944
0.141597
0.142685
6.93356e-310
0.108553
0.108495
0.108495
6.93356e-310
0.0782639
0.0789352
0.0774306
6.93356e-310
0.0515278
0.0528009
0.0514352
6.93356e-310
0.0361227
0.0345486
0.0342014
6.93356e-310
0.0247685
0.0246528
0.0238542
6.93356e-310
0.0158681
0.0166435
0.0164583
6.93356e-310
0.0159722
0.0161458
0.0162963
6.93356e-310
0.014213
0.0153819
0.0131597
6.93356e-310
0.0122917
0.0104514
0.011331
6.93356e-310
0.0104167
0.0115972
0.0106366
6.93356e-310
0.00885417
0.0114931
0.00966435
6.93356e-310
0.00829861
0.0113889
0.00980324
6.93356e-310
0.0104167
0.00833333
0.00983796
6.93356e-310
0.005625
0.00671296
0.00819444
6.93356e-310
0.00472222
0.00673611
0.00528935
6.93356e-310
0.00556713
0.00684028
0.00458333
6.93356e-310
0.00760417
0.00569444
0.00594907
6.93356e-310
0.00798611
0.00653935
0.00597222
6.93356e-310
0.00836806
0.00702546
0.00642361
6.93356e-310
0.0069213
0.00826389
0.00638889
6.93356e-310
0.0157755
0.0169097
0.0149306
6.93356e-310
0.0400116
0.0380903
0.0401042
6.93356e-310
0.0539931
0.0534144
0.0547222
6.93356e-310
0.0670023
0.0642824
0.0662269
6.93356e-310
0.0765741
0.0733333
0.0750347
6.93356e-310
0.0773958
0.0745255
0.0763542
6.93356e-310
0.09
0.0848958
0.0849769
6.93356e-310
0.0858681
0.0832755
0.0819444
6.93356e-310
0.0970255
0.0946181
0.0954861
6.93356e-310
0.106944
0.105185
0.10691
6.93356e-310
0.0986458
0.0995139
0.0980671
6.93356e-310
0.0907986
0.0880671
0.0865625
6.93356e-310
0.0823958
0.0776736
0.078206
6.93356e-310
0.0712153
0.0704977
0.0712847
6.93356e-310
0.055625
0.0554282
0.0564583
6.93356e-310
0.0434722
0.0437616
0.0446528
6.93356e-310
0.040706
0.0385995
0.0379977
6.93356e-310
0.0325231
0.0331366
0.030463
6.93356e-310
0.0306829
0.0292824
0.0286921
6.93356e-310
0.0246875
0.0227083
0.0229282
6.93356e-310
0.0135764
0.0155556
0.0142477
6.93356e-310
0.0111806
0.010463
0.0125347
6.93356e-310
0.00850694
0.0100347
0.00827546
6.93356e-310
0.0104977
0.00916667
0.0110417
6.93356e-310
0.0141782
0.0150694
0.0130903
6.93356e-310
0.0179977
0.0171528
0.0190972
6.93356e-310
0.0198958
0.0173611
0.0181019
6.93356e-310
0.016956
0.0183681
0.0164236
6.93356e-310
0.0189236
0.0174421
0.0169792
6.93356e-310
0.0130324
0.0139236
0.0119792
6.93356e-310
0.0451157
0.0422222
0.0441319
6.93356e-310
0.0674306
0.0658102
0.0670139
6.93356e-310
0.0714931
0.0686921
0.0703819
6.93356e-310
0.069375
0.0695833
0.0677894
6.93356e-310
0.0708102
0.0685417
0.0702431
6.93356e-310
0.0783333
0.0793056
0.0781019
6.93356e-310
0.0791319
0.0776505
0.0764583
6.93356e-310
0.0586227
0.0565856
0.0569792
6.93356e-310
0.0401736
0.0386806
0.0392824
6.93356e-310
0.0165972
0.0152546
0.0146528
6.93356e-310
0
0.00056713
0.00194444
6.93356e-310
0.00640046
0.00559028
0.00753472
6.93356e-310
0.0322222
0.0336111
0.0323032
6.93356e-310
0.0419097
0.039375
0.0398727
6.93356e-310
0.0444792
0.0422569
0.0427546
6.93356e-310
0.0491319
0.0505208
0.0491088
6.93356e-310
0.0546991
0.0554514
0.0535069
6.93356e-310
0.0569792
0.0588889
0.0574421
6.93356e-310
0.0587847
0.0604861
0.0592477
6.93356e-310
0.0504514
0.0485069
0.0487616
6.93356e-310
0.0326736
0.0326736
0.0334144
6.93356e-310
0.0176736
0.0182407
0.0176389
6.93356e-310
0.00571759
0.00568287
0.00628472
6.93356e-310
0.0103588
0.00981481
0.00947917
6.93356e-310
0.0140972
0.0142477
0.0136111
6.93356e-310
0.0159375
0.0155556
0.0160532
6.93356e-310
0.0173264
0.0176157
0.0167708
6.93356e-310
0.0210532
0.0203472
0.0204167
6.93356e-310
0.0228472
0.0233796
0.0222917
6.93356e-310
0.0242361
0.0242708
0.024838
6.93356e-310
0.0223032
0.0217014
0.0216319
6.93356e-310
0.0351157
0.0340278
0.0346296
6.93356e-310
0.055081
0.0535069
0.0532986
6.93356e-310
0.0590625
0.0564931
0.0571296
6.93356e-310
0.0666898
0.064456
0.0636806
6.93356e-310
0.0703125
0.0672338
0.06625
6.93356e-310
0.0741319
0.0723958
0.071956
6.93356e-310
0.0776042
0.0753125
0.0753588
6.93356e-310
0.0839931
0.0836806
0.0842477
6.93356e-310
0.087662
0.0877083
0.0874421
6.93356e-310
0.0854861
0.0860185
0.0848611
6.93356e-310
0.0743519
0.0736806
0.0727778
6.93356e-310
0.0503472
0.0504514
0.0507755
6.93356e-310
0.0267593
0.0267245
0.0272569
6.93356e-310
0.0103356
0.00983796
0.00966435
6.93356e-310
0.00184028
0.00180556
0.00240741
6.93356e-310
0.00138889
0.0019213
0.00135417
6.93356e-310
0.00195602
0.00138889
0.00138889
6.93356e-310
0.00145833
0.00142361
0.00199074
6.93356e-310
0.00131944
0.00188657
0.00131944
6.93356e-310
0.00185185
0.00125
0.00118056
6.93356e-310
0.00209491
0.0015625
0.00152778
6.93356e-310
0.00219907
0.00163194
0.00163194
6.93356e-310
0.0015625
0.00212963
0.0015625
6.93356e-310
0.00149306
0.00206019
0.00149306
6.93356e-310
0.00219907
0.00152778
0.00163194
6.93356e-310
0.00135417
0.00135417
0.0019213
6.93356e-310
0.00118056
0.00219907
0.00163194
6.93356e-310
0.00185185
0.00128472
0.00128472
6.93356e-310
0.00121528
0.00174769
0.00114583
6.93356e-310
0.0176389
0.0174653
0.0177199
6.93356e-310
0.0361111
0.0362963
0.0356597
6.93356e-310
0.0426852
0.0419444
0.0418403
6.93356e-310
0.0630903
0.0611806
0.0616782
6.93356e-310
0.100984
0.0973958
0.0974653
6.93356e-310
0.133854
0.130625
0.131053
6.93356e-310
0.172153
0.168449
0.166875
6.93356e-310
0.182708
0.178299
0.177616
6.93356e-310
0.192014
0.188021
0.190775
6.93356e-310
0.190833
0.184965
0.186748
6.93356e-310
0.173588
0.172697
0.170498
6.93356e-310
0.177361
0.176748
0.176042
6.93356e-310
0.175289
0.172164
0.169792
6.93356e-310
0.162743
0.15831
0.160683
6.93356e-310
0.155451
0.154884
0.154907
6.93356e-310
0.143067
0.141655
0.141076
6.93356e-310
0.118738
0.116771
0.117234
6.93356e-310
0.0989931
0.0972801
0.0976505
6.93356e-310
0.0773611
0.0766898
0.0758796
6.93356e-310
0.0603472
0.0590046
0.0578704
6.93356e-310
0.0603241
0.0592593
0.05875
6.93356e-310
0.0609491
0.0600694
0.0599884
6.93356e-310
0.0643519
0.0637384
0.0617014
6.93356e-310
0.0610185
0.0603125
0.0603704
6.93356e-310
0.0633102
0.0610417
0.0612384
6.93356e-310
0.0659606
0.0662963
0.0658333
6.93356e-310
0.0815741
0.0809028
0.0808912
6.93356e-310
0.0951968
0.0945139
0.0940509
6.93356e-310
0.105498
0.10441
0.103576
6.93356e-310
0.109907
0.108889
0.108229
6.93356e-310
0.112789
0.111458
0.111562
6.93356e-310
0.120324
0.118611
0.11816
6.93356e-310
0.124549
0.123924
0.123657
6.93356e-310
0.128299
0.127442
0.127014
6.93356e-310
0.129583
0.128785
0.12897
6.93356e-310
0.134699
0.133368
0.133472
6.93356e-310
0.135185
0.133785
0.133264
6.93356e-310
0.138079
0.138437
0.137697
6.93356e-310
0.141424
0.140394
0.140208
6.93356e-310
0.147813
0.146111
0.147338
6.93356e-310
0.14691
0.145579
0.145405
6.93356e-310
0.147118
0.145903
0.146887
6.93356e-310
0.146956
0.145625
0.145035
6.93356e-310
0.148692
0.147917
0.1475
6.93356e-310
0.148576
0.146944
0.147963
6.93356e-310
0.146644
0.146933
0.146192
6.93356e-310
0.145486
0.144537
0.144537
6.93356e-310
0.145521
0.144583
0.145463
6.93356e-310
0.143993
0.143993
0.144248
6.93356e-310
0.144248
0.143299
0.143368
6.93356e-310
0.142708
0.142396
0.142095
6.93356e-310
0.139861
0.139456
0.138576
6.93356e-310
0.13941
0.139375
0.139491
6.93356e-310
0.137743
0.138414
0.136632
6.93356e-310
0.13375
0.133854
0.133796
6.93356e-310
0.132442
0.130903
0.131111
6.93356e-310
0.137581
0.136076
0.134583
6.93356e-310
0.149178
0.148368
0.148287
6.93356e-310
0.137639
0.138414
0.136424
6.93356e-310
0.128611
0.126215
0.127338
6.93356e-310
0.123993
0.123611
0.122894
6.93356e-310
0.123299
0.122465
0.12206
6.93356e-310
0.121493
0.119977
0.118299
6.93356e-310
0.114757
0.113935
0.112708
6.93356e-310
0.120035
0.118657
0.119375
6.93356e-310
0.12191
0.120347
0.119873
6.93356e-310
0.123206
0.120694
0.121458
6.93356e-310
0.118507
0.1164
0.116111
6.93356e-310
0.115671
0.114931
0.114421
6.93356e-310
0.111007
0.110845
0.110278
6.93356e-310
0.112465
0.110787
0.111366
6.93356e-310
0.115116
0.112951
0.111875
6.93356e-310
0.110556
0.109769
0.109306
6.93356e-310
0.105984
0.104896
0.103403
6.93356e-310
0.104699
0.10316
0.103403
6.93356e-310
0.101979
0.10191
0.104039
6.93356e-310
0.102188
0.101053
0.101215
6.93356e-310
0.108831
0.107153
0.106563
6.93356e-310
0.10265
0.101991
0.100856
6.93356e-310
0.113843
0.111644
0.110856
6.93356e-310
0.129873
0.128449
0.129329
6.93356e-310
0.154433
0.150741
0.15206
6.93356e-310
0.172708
0.172269
0.172153
6.93356e-310
0.193125
0.191644
0.190914
6.93356e-310
0.234803
0.231146
0.22941
6.93356e-310
0.255521
0.252951
0.252269
6.93356e-310
0.27647
0.272639
0.271736
6.93356e-310
0.298854
0.295556
0.295498
6.93356e-310
0.314074
0.31184
0.311042
6.93356e-310
0.329618
0.326991
0.327813
6.93356e-310
0.398056
0.394051
0.390266
6.93356e-310
0.404757
0.402847
0.401817
6.93356e-310
0.414942
0.412674
0.409896
6.93356e-310
0.452535
0.450359
0.447188
6.93356e-310
0.469942
0.466007
0.463681
6.93356e-310
0.491088
0.487083
0.484271
6.93356e-310
0.548438
0.539769
0.542535
6.93356e-310
0.58037
0.577975
0.581146
6.93356e-310
0.603264
0.596968
0.598704
6.93356e-310
0.622338
0.619757
0.61691
6.93356e-310
0.639178
0.635069
0.632812
6.93356e-310
0.650625
0.64706
0.645521
6.93356e-310
0.672118
0.670174
0.670046
6.93356e-310
0.661447
0.658021
0.657801
6.93356e-310
0.649086
0.648438
0.646516
6.93356e-310
0.648333
0.64603
0.6436
6.93356e-310
0.647292
0.645093
0.643947
6.93356e-310
0.645938
0.640162
0.640961
6.93356e-310
0.650683
0.646493
0.647975
6.93356e-310
0.662222
0.661563
0.658345
6.93356e-310
0.661979
0.65978
0.65831
6.93356e-310
0.661771
0.65434
0.656817
6.93356e-310
0.659109
0.655
0.651493
6.93356e-310
0.64853
0.645417
0.642245
6.93356e-310
0.645671
0.63934
0.64265
6.93356e-310
0.647454
0.64375
0.64397
6.93356e-310
0.642396
0.636806
0.638519
6.93356e-310
0.640613
0.634873
0.636701
6.93356e-310
0.627801
0.622095
0.622789
6.93356e-310
0.618461
0.613345
0.611609
6.93356e-310
0.605602
0.599873
0.596516
6.93356e-310
0.600243
0.593356
0.589745
6.93356e-310
0.582164
0.57875
0.57331
6.93356e-310
0.571701
0.567153
0.560683
6.93356e-310
0.550174
0.54441
0.544572
6.93356e-310
0.533785
0.529664
0.523912
6.93356e-310
0.521273
0.51463
0.512708
6.93356e-310
0.521991
0.513993
0.508495
6.93356e-310
0.500706
0.495961
0.492118
6.93356e-310
0.486493
0.480822
0.478866
6.93356e-310
0.473889
0.470266
0.466053
6.93356e-310
0.462604
0.459005
0.453808
6.93356e-310
0.449861
0.442025
0.442836
6.93356e-310
0.439063
0.434815
0.429248
6.93356e-310
0.434676
0.426528
0.423345
6.93356e-310
0.416539
0.411308
0.406736
6.93356e-310
0.399271
0.394572
0.395324
6.93356e-310
0.385787
0.38022
0.377292
6.93356e-310
0.377731
0.372153
0.371806
6.93356e-310
0.365625
0.360729
0.359363
6.93356e-310
0.375579
0.369271
0.364271
6.93356e-310
0.359745
0.354306
0.349942
6.93356e-310
0.345833
0.34044
0.335903
6.93356e-310
0.329086
0.323356
0.319282
6.93356e-310
0.316563
0.311389
0.305301
6.93356e-310
0.305937
0.29809
0.300266
6.93356e-310
0.312488
0.304826
0.307083
6.93356e-310
0.293194
0.29066
0.286863
6.93356e-310
0.279398
0.27684
0.273924
6.93356e-310
0.265035
0.259294
0.259653
6.93356e-310
0.254618
0.251481
0.247384
6.93356e-310
0.247002
0.243079
0.238715
6.93356e-310
0.255926
0.250694
0.245891
6.93356e-310
0.233125
0.229051
0.226134
6.93356e-310
0.221343
0.217245
0.214236
6.93356e-310
0.207419
0.20434
0.200961
6.93356e-310
0.198704
0.194294
0.193924
6.93356e-310
0.186481
0.18184
0.180544
6.93356e-310
0.180162
0.175787
0.172778
6.93356e-310
0.193461
0.18875
0.184051
6.93356e-310
0.174965
0.172558
0.170336
6.93356e-310
0.167419
0.165208
0.161898
6.93356e-310
0.161412
0.155521
0.156516
6.93356e-310
0.149676
0.147801
0.145313
6.93356e-310
0.140648
0.137731
0.134306
6.93356e-310
0.145069
0.137627
0.138495
6.93356e-310
0.127836
0.123113
0.122535
6.93356e-310
0.118715
0.11419
0.116933
6.93356e-310
0.10816
0.106412
0.10728
6.93356e-310
0.103472
0.10169
0.101273
6.93356e-310
0.0966551
0.0935532
0.0943171
6.93356e-310
0.115093
0.109259
0.110243
6.93356e-310
0.0973843
0.0948611
0.0948843
6.93356e-310
0.0893981
0.086412
0.0841667
6.93356e-310
0.0834144
0.0796759
0.0809491
6.93356e-310
0.0789468
0.0769444
0.0771759
6.93356e-310
0.0768981
0.0760648
0.0738889
6.93356e-310
0.0832523
0.079919
0.0776042
6.93356e-310
0.0727315
0.0718981
0.0713889
6.93356e-310
0.0660301
0.0639236
0.0639236
6.93356e-310
0.059537
0.0586343
0.0570833
6.93356e-310
0.0566319
0.055625
0.0540509
6.93356e-310
0.0547454
0.0532523
0.053125
6.93356e-310
0.0528125
0.0520139
0.0513079
6.93356e-310
0.0648495
0.0604167
0.059375
6.93356e-310
0.0493403
0.0485417
0.048044
6.93356e-310
0.0399306
0.0388426
0.0384028
6.93356e-310
0.0356597
0.0334028
0.033912
6.93356e-310
0.0289236
0.028287
0.0275694
6.93356e-310
0.0234954
0.0229861
0.0226736
6.93356e-310
0.0281597
0.026412
0.02625
6.93356e-310
0.0226968
0.0208333
0.0210764
6.93356e-310
0.0252083
0.024919
0.0242708
6.93356e-310
0.0261111
0.0249537
0.0249653
6.93356e-310
0.0279861
0.0268056
0.0266204
6.93356e-310
0.0289236
0.0272569
0.0274884
6.93356e-310
0.0333565
0.0319792
0.0315278
6.93356e-310
0.0271875
0.0268634
0.0259722
6.93356e-310
0.0240972
0.0229514
0.0233218
6.93356e-310
0.0228125
0.0214583
0.0217593
6.93356e-310
0.0209375
0.0203704
0.0198958
6.93356e-310
0.0193634
0.0187153
0.0184722
6.93356e-310
0.0286806
0.0271759
0.0274306
6.93356e-310
0.0242014
0.0240625
0.0231481
6.93356e-310
0.0213773
0.0210069
0.0212153
6.93356e-310
0.0221412
0.0211806
0.0212847
6.93356e-310
0.0221528
0.0216898
0.0213194
6.93356e-310
0.0210417
0.0206481
0.0201736
6.93356e-310
0.018912
0.0185069
0.0183333
6.93356e-310
0.0198611
0.019294
0.0187153
6.93356e-310
0.0175579
0.0172917
0.0167708
6.93356e-310
0.0107292
0.0102778
0.0106481
6.93356e-310
0.0059375
0.00603009
0.00590278
6.93356e-310
0.00600694
0.0059375
0.00592593
6.93356e-310
0.00596065
0.00555556
0.00576389
6.93356e-310
0.00572917
0.00506944
0.0049537
6.93356e-310
0.0053125
0.00537037
0.00524306
6.93356e-310
0.00552083
0.00527778
0.00530093
6.93356e-310
0.00357639
0.0034375
0.00353009
6.93356e-310
0.00416667
0.00354167
0.00363426
6.93356e-310
0.00302083
0.00311343
0.00302083
6.93356e-310
0.00465278
0.00388889
0.00381944
6.93356e-310
0.00340278
0.00333333
0.003125
6.93356e-310
0.00239583
0.00232639
0.00232639
6.93356e-310
0.00173611
0.00173611
0.00177083
6.93356e-310
0.00138889
0.00131944
0.00131944
6.93356e-310
0.00121528
0.00118056
0.00114583
6.93356e-310
0.00274306
0.00222222
0.00246528
6.93356e-310
0.00135417
0.00128472
0.00128472
6.93356e-310
0.001875
0.00170139
0.00170139
6.93356e-310
0.00607639
0.00597222
0.00586806
6.93356e-310
0.00836806
0.00815972
0.00819444
6.93356e-310
0.00958333
0.00947917
0.00947917
6.93356e-310
0.00954861
0.00961806
0.00954861
6.93356e-310
0.008125
0.00805556
0.00763889
6.93356e-310
0.00708333
0.00680556
0.00701389
6.93356e-310
0.00618056
0.00583333
0.00569444
6.93356e-310
0.00569444
0.005625
0.005625
6.93356e-310
0.00694444
0.00694444
0.00684028
6.93356e-310
0.00864583
0.00850694
0.00854167
6.93356e-310
0.0090625
0.00899306
0.00895833
6.93356e-310
0.009375
0.00909722
0.00902778
6.93356e-310
0.00840278
0.00802083
0.00815972
6.93356e-310
0.00565972
0.00347222
0.00347222
6.93356e-310
0.00197917
0.00173611
0.00170139
6.93356e-310
0.00525463
0.00322917
0.00322917
6.93356e-310
0.0053125
0.00538194
0.00527778
6.93356e-310
0.00715278
0.00921296
0.0071875
6.93356e-310
0.0139583
0.015544
0.0138889
6.93356e-310
0.0159028
0.0172454
0.0151736
6.93356e-310
0.0104861
0.0114352
0.010625
6.93356e-310
0.0105324
0.00961806
0.00951389
6.93356e-310
0.0152894
0.0142361
0.0142361
6.93356e-310
0.0199884
0.0205208
0.0193634
6.93356e-310
0.0179514
0.0178125
0.0177778
6.93356e-310
0.0173264
0.0168056
0.0164931
6.93356e-310
0.0153472
0.0153125
0.0152778
6.93356e-310
0.0138542
0.0138542
0.0138542
6.93356e-310
0.0132292
0.0133681
0.0131944
6.93356e-310
0.0124306
0.0123264
0.0124653
6.93356e-310
0.0122917
0.0121528
0.0120139
6.93356e-310
0.0123611
0.0122569
0.0121528
6.93356e-310
0.0138194
0.0132986
0.0138542
6.93356e-310
0.0138194
0.0139583
0.0138889
6.93356e-310
0.0152778
0.0151736
0.0147222
6.93356e-310
0.0131019
0.0102778
0.0103472
6.93356e-310
0.00796296
0.00803241
0.0104745
6.93356e-310
0.0111921
0.00829861
0.00826389
6.93356e-310
0.0132639
0.015081
0.0127083
6.93356e-310
0.01625
0.0144792
0.0166667
6.93356e-310
0.0242593
0.0206597
0.0203472
6.93356e-310
0.026331
0.0221181
0.0220833
6.93356e-310
0.0301273
0.0259722
0.0257986
6.93356e-310
0.0320833
0.0341667
0.0313889
6.93356e-310
0.0347222
0.0342014
0.0334722
6.93356e-310
0.0375694
0.0363889
0.0364005
6.93356e-310
0.038206
0.0372917
0.0371181
6.93356e-310
0.035
0.0344213
0.0341319
6.93356e-310
0.0370833
0.0357986
0.035706
6.93356e-310
0.0363542
0.0355903
0.0352778
6.93356e-310
0.0361111
0.0354861
0.0353472
6.93356e-310
0.0363889
0.0356944
0.0351389
6.93356e-310
0.0364236
0.0351736
0.0352778
6.93356e-310
0.0341319
0.0332986
0.0332639
6.93356e-310
0.0354514
0.0351389
0.0351042
6.93356e-310
0.0378356
0.0377431
0.0374306
6.93356e-310
0.0442245
0.0413889
0.0402778
6.93356e-310
0.0414583
0.0399653
0.0416204
6.93356e-310
0.0384722
0.039919
0.0371875
6.93356e-310
0.0400579
0.0374653
0.0371875
6.93356e-310
0.0360417
0.0353819
0.036794
6.93356e-310
0.0386806
0.039375
0.0372222
6.93356e-310
0.0407986
0.0387847
0.0401505
6.93356e-310
0.0475
0.0448264
0.045
6.93356e-310
0.0545833
0.0530556
0.0549884
6.93356e-310
0.0580556
0.0568056
0.0562847
6.93356e-310
0.0652083
0.0634375
0.0626389
6.93356e-310
0.0654514
0.0639583
0.0642593
6.93356e-310
0.0670139
0.065
0.0654167
6.93356e-310
0.06375
0.0633333
0.0628472
6.93356e-310
0.0617014
0.0610764
0.0611806
6.93356e-310
0.0617708
0.06125
0.0611458
6.93356e-310
0.0623611
0.0618403
0.0619444
6.93356e-310
0.0647917
0.0641319
0.06375
6.93356e-310
0.0656829
0.0645833
0.0642708
6.93356e-310
0.0661111
0.0674537
0.0646875
6.93356e-310
0.0651042
0.0645139
0.0644329
6.93356e-310
0.0670486
0.0648611
0.0644097
6.93356e-310
0.0669097
0.0665278
0.0661343
6.93356e-310
0.0669792
0.0660069
0.0672222
6.93356e-310
0.0663426
0.0654514
0.0649653
6.93356e-310
0.0619097
0.0607292
0.0619444
6.93356e-310
0.0596181
0.0591204
0.0581944
6.93356e-310
0.0615278
0.0586806
0.0587847
6.93356e-310
0.0593403
0.0579745
0.0587847
6.93356e-310
0.0567708
0.0560417
0.0576042
6.93356e-310
0.0545139
0.0529398
0.0535069
6.93356e-310
0.0653125
0.0625347
0.0614583
6.93356e-310
0.0650347
0.0634606
0.0639931
6.93356e-310
0.0607292
0.0594444
0.0605208
6.93356e-310
0.0532639
0.0525926
0.0505208
6.93356e-310
0.0485764
0.048125
0.0497569
6.93356e-310
0.0455903
0.0452778
0.0450579
6.93356e-310
0.0442361
0.0429861
0.045
6.93356e-310
0.0418403
0.0412731
0.0408333
6.93356e-310
0.0390278
0.0384722
0.0399653
6.93356e-310
0.0393403
0.0385995
0.0385069
6.93356e-310
0.0359028
0.0331944
0.0335417
6.93356e-310
0.035
0.0348148
0.0349653
6.93356e-310
0.0340625
0.0354861
0.0329514
6.93356e-310
0.0294792
0.0288773
0.0286111
6.93356e-310
0.0302778
0.0277778
0.0278472
6.93356e-310
0.0266898
0.0265278
0.0261806
6.93356e-310
0.0311111
0.0288889
0.0284375
6.93356e-310
0.0272801
0.0268403
0.0264931
6.93356e-310
0.0253472
0.0270833
0.0253125
6.93356e-310
0.0254514
0.0240509
0.0238194
6.93356e-310
0.0230556
0.0247569
0.0227083
6.93356e-310
0.0236458
0.0232292
0.0227662
6.93356e-310
0.0273958
0.0269792
0.0290625
6.93356e-310
0.0234954
0.0231597
0.0233681
6.93356e-310
0.0174306
0.0170833
0.0188889
6.93356e-310
0.0182986
0.0173148
0.0173264
6.93356e-310
0.0188889
0.0168056
0.0168403
6.93356e-310
0.0165856
0.0162153
0.0160069
6.93356e-310
0.015625
0.015625
0.0173958
6.93356e-310
0.0151736
0.015
0.0150231
6.93356e-310
0.0161806
0.0178125
0.0159028
6.93356e-310
0.0208218
0.020625
0.0197917
6.93356e-310
0.0263542
0.0263194
0.0279514
6.93356e-310
0.0289931
0.0285764
0.0287731
6.93356e-310
0.0232639
0.0228819
0.0249306
6.93356e-310
0.0219097
0.0213773
0.0213426
6.93356e-310
0.0244097
0.0257639
0.0235995
6.93356e-310
0.0191667
0.0188773
0.0188426
6.93356e-310
0.0141319
0.0137731
0.0155556
6.93356e-310
0.0100926
0.0099537
0.0100347
6.93356e-310
0.00953704
0.00954861
0.0109722
6.93356e-310
0.0105093
0.0104167
0.0101968
6.93356e-310
0.0139236
0.0115162
0.0117361
6.93356e-310
0.0126042
0.012419
0.012419
6.93356e-310
0.0261111
0.024375
0.0238426
6.93356e-310
0.0242014
0.0239468
0.0238079
6.93356e-310
0.0235417
0.0211343
0.0214583
6.93356e-310
0.0159259
0.0156944
0.0156829
6.93356e-310
0.0144097
0.0126389
0.0121759
6.93356e-310
0.0141667
0.0137731
0.0128704
6.93356e-310
0.0138194
0.0113426
0.010625
6.93356e-310
0.010544
0.00971065
0.0104514
6.93356e-310
0.0150579
0.0146181
0.0161111
6.93356e-310
0.018912
0.0187037
0.0179514
6.93356e-310
0.0236806
0.0210301
0.0210764
6.93356e-310
0.0233912
0.0227778
0.0223843
6.93356e-310
0.0340278
0.0313426
0.0313889
6.93356e-310
0.028044
0.0275694
0.0273843
6.93356e-310
0.0279861
0.0259028
0.025787
6.93356e-310
0.0355093
0.0347801
0.0348611
6.93356e-310
0.0397801
0.0393056
0.0375347
6.93356e-310
0.0575926
0.0551042
0.0540509
6.93356e-310
0.0872569
0.0859375
0.0835301
6.93356e-310
0.115625
0.112315
0.112558
6.93356e-310
0.130301
0.130799
0.127986
6.93356e-310
0.154398
0.151007
0.150093
6.93356e-310
0.172083
0.170799
0.167975
6.93356e-310
0.188368
0.186273
0.183889
6.93356e-310
0.206551
0.203137
0.204086
6.93356e-310
0.240382
0.238333
0.235822
6.93356e-310
0.264583
0.262037
0.262743
6.93356e-310
0.299699
0.294711
0.295289
6.93356e-310
0.333102
0.330822
0.328947
6.93356e-310
0.348657
0.345023
0.343426
6.93356e-310
0.372558
0.368264
0.369861
6.93356e-310
0.390532
0.387315
0.387245
6.93356e-310
0.406736
0.401551
0.403333
6.93356e-310
0.432975
0.427581
0.426863
6.93356e-310
0.45515
0.462558
0.457905
6.93356e-310
0.502685
0.496528
0.494942
6.93356e-310
0.547836
0.536366
0.538044
6.93356e-310
0.591481
0.585579
0.582373
6.93356e-310
0.611505
0.607616
0.607396
6.93356e-310
0.608588
0.601597
0.600081
6.93356e-310
0.603067
0.596505
0.595278
6.93356e-310
0.601157
0.593924
0.591019
6.93356e-310
0.633472
0.62691
0.620856
6.93356e-310
0.648958
0.639815
0.637743
6.93356e-310
0.670833
0.6636
0.661111
6.93356e-310
0.71228
0.705278
0.701667
6.93356e-310
0.750938
0.743947
0.740174
6.93356e-310
0.77088
0.765417
0.765324
6.93356e-310
0.792315
0.786227
0.782627
6.93356e-310
0.783021
0.776319
0.776377
6.93356e-310
0.788854
0.783461
0.778125
6.93356e-310
0.787581
0.780833
0.777616
6.93356e-310
0.798669
0.788877
0.792789
6.93356e-310
0.791204
0.786597
0.784861
6.93356e-310
0.765312
0.758808
0.757431
6.93356e-310
0.748681
0.741632
0.739086
6.93356e-310
0.786863
0.780301
0.780116
6.93356e-310
0.790706
0.784653
0.782442
6.93356e-310
0.76772
0.764352
0.762431
6.93356e-310
0.753611
0.748773
0.746875
6.93356e-310
0.756898
0.751667
0.749028
6.93356e-310
0.762546
0.754977
0.757014
6.93356e-310
0.7561
0.751875
0.750035
6.93356e-310
0.753113
0.747917
0.748681
6.93356e-310
0.735521
0.727523
0.729167
6.93356e-310
0.744595
0.739097
0.735706
6.93356e-310
0.77963
0.773704
0.770023
6.93356e-310
0.773889
0.768958
0.766412
6.93356e-310
0.760405
0.755799
0.754201
6.93356e-310
0.768646
0.761447
0.76169
6.93356e-310
0.761597
0.754977
0.756088
6.93356e-310
0.774433
0.768704
0.769676
6.93356e-310
0.76735
0.762014
0.760521
6.93356e-310
0.757569
0.753322
0.751285
6.93356e-310
0.758137
0.751435
0.74978
6.93356e-310
0.739965
0.730833
0.728368
6.93356e-310
0.723403
0.718021
0.717639
6.93356e-310
0.732546
0.72434
0.724618
6.93356e-310
0.72125
0.716875
0.71294
6.93356e-310
0.718495
0.708264
0.708125
6.93356e-310
0.707882
0.703692
0.70125
6.93356e-310
0.714063
0.707083
0.7025
6.93356e-310
0.720243
0.713113
0.716875
6.93356e-310
0.708519
0.702836
0.705162
6.93356e-310
0.692766
0.686771
0.683958
6.93356e-310
0.714063
0.708287
0.707523
6.93356e-310
0.714595
0.71272
0.710139
6.93356e-310
0.706134
0.701667
0.697604
6.93356e-310
0.686424
0.681181
0.678634
6.93356e-310
0.682153
0.677188
0.674306
6.93356e-310
0.664606
0.660509
0.658391
6.93356e-310
0.667303
0.659387
0.659965
6.93356e-310
0.675127
0.670301
0.669641
6.93356e-310
0.699375
0.692998
0.691146
6.93356e-310
0.711343
0.704502
0.702176
6.93356e-310
0.723785
0.721389
0.720579
6.93356e-310
0.722106
0.71956
0.718148
6.93356e-310
0.73044
0.726968
0.725961
6.93356e-310
0.713252
0.709109
0.709815
6.93356e-310
0.704676
0.699977
0.700741
6.93356e-310
0.710856
0.704479
0.702917
6.93356e-310
0.712523
0.703403
0.705729
6.93356e-310
0.717905
0.710046
0.710347
6.93356e-310
0.741076
0.734792
0.733021
6.93356e-310
0.731644
0.725729
0.727153
6.93356e-310
0.719074
0.711424
0.713646
6.93356e-310
0.700116
0.694317
0.691181
6.93356e-310
0.677384
0.671644
0.66956
6.93356e-310
0.673796
0.666042
0.663727
6.93356e-310
0.674201
0.663877
0.66522
6.93356e-310
0.64794
0.6439
0.64228
6.93356e-310
0.63066
0.622512
0.624028
6.93356e-310
0.62691
0.620405
0.619074
6.93356e-310
0.632743
0.620845
0.622604
6.93356e-310
0.665833
0.672454
0.665
6.93356e-310
0.675833
0.670162
0.669016
6.93356e-310
0.681088
0.673565
0.670023
6.93356e-310
0.678322
0.674213
0.673623
6.93356e-310
0.674676
0.670706
0.67088
6.93356e-310
0.668125
0.662049
0.656863
6.93356e-310
0.634687
0.628148
0.623623
6.93356e-310
0.593912
0.583391
0.586354
6.93356e-310
0.577025
0.569711
0.56206
6.93356e-310
0.582905
0.580081
0.572894
6.93356e-310
0.599688
0.589155
0.589618
6.93356e-310
0.624595
0.611285
0.609931
6.93356e-310
0.624051
0.616111
0.613958
6.93356e-310
0.617986
0.610301
0.607801
6.93356e-310
0.597569
0.598576
0.588148
6.93356e-310
0.594826
0.592292
0.587373
6.93356e-310
0.579595
0.581632
0.576262
6.93356e-310
0.562674
0.556632
0.5514
6.93356e-310
0.549398
0.540046
0.534398
6.93356e-310
0.54831
0.536458
0.540729
6.93356e-310
0.531817
0.527894
0.523021
6.93356e-310
0.522894
0.514838
0.516204
6.93356e-310
0.509491
0.505463
0.50559
6.93356e-310
0.480718
0.476481
0.468368
6.93356e-310
0.463484
0.458218
0.454815
6.93356e-310
0.45478
0.447708
0.444468
6.93356e-310
0.465058
0.459352
0.455093
6.93356e-310
0.4689
0.461458
0.456701
6.93356e-310
0.449549
0.442975
0.439201
6.93356e-310
0.459306
0.452049
0.451192
6.93356e-310
0.474502
0.468727
0.470845
6.93356e-310
0.465
0.460301
0.454606
6.93356e-310
0.452465
0.445359
0.441296
6.93356e-310
0.425729
0.419306
0.415394
6.93356e-310
0.406181
0.403438
0.400266
6.93356e-310
0.381875
0.38022
0.37684
6.93356e-310
0.375243
0.369931
0.369329
6.93356e-310
0.351597
0.346817
0.342002
6.93356e-310
0.338981
0.330544
0.329421
6.93356e-310
0.329907
0.325301
0.324838
6.93356e-310
0.370463
0.364572
0.35853
6.93356e-310
0.38066
0.374676
0.370822
6.93356e-310
0.383854
0.374757
0.37235
6.93356e-310
0.36419
0.354873
0.356609
6.93356e-310
0.371829
0.361563
0.362025
6.93356e-310
0.388218
0.38669
0.386562
6.93356e-310
0.389618
0.384225
0.384097
6.93356e-310
0.395486
0.389375
0.389155
6.93356e-310
0.407199
0.401238
0.396424
6.93356e-310
0.399896
0.395602
0.390451
6.93356e-310
0.388137
0.379954
0.382697
6.93356e-310
0.38625
0.379525
0.380694
6.93356e-310
0.383866
0.378669
0.37353
6.93356e-310
0.356539
0.352812
0.353924
6.93356e-310
0.335729
0.333368
0.328565
6.93356e-310
0.330347
0.32735
0.323218
6.93356e-310
0.313958
0.310822
0.308819
6.93356e-310
0.337477
0.323391
0.326817
6.93356e-310
0.367141
0.360891
0.364387
6.93356e-310
0.353657
0.349259
0.348345
6.93356e-310
0.355023
0.35235
0.344178
6.93356e-310
0.368113
0.366331
0.360394
6.93356e-310
0.357234
0.353414
0.351875
6.93356e-310
0.330648
0.327257
0.322245
6.93356e-310
0.307627
0.307535
0.304988
6.93356e-310
0.29059
0.28831
0.283264
6.93356e-310
0.301458
0.29162
0.296123
6.93356e-310
0.313542
0.309734
0.314097
6.93356e-310
0.294039
0.291991
0.295752
6.93356e-310
0.272928
0.273391
0.269097
6.93356e-310
0.2561
0.25353
0.25272
6.93356e-310
0.240937
0.237245
0.232558
6.93356e-310
0.225914
0.222407
0.21669
6.93356e-310
0.22044
0.21735
0.214641
6.93356e-310
0.200486
0.198403
0.200475
6.93356e-310
0.189907
0.180266
0.185532
6.93356e-310
0.172269
0.165822
0.168588
6.93356e-310
0.154745
0.151829
0.146146
6.93356e-310
0.141123
0.135822
0.138391
6.93356e-310
0.129745
0.126134
0.122118
6.93356e-310
0.115451
0.113507
0.110104
6.93356e-310
0.101875
0.0992708
0.100556
6.93356e-310
0.0930787
0.0904282
0.0878009
6.93356e-310
0.084537
0.0783218
0.0813079
6.93356e-310
0.0733796
0.0696644
0.0693171
6.93356e-310
0.0637269
0.0610185
0.0626852
6.93356e-310
0.0574769
0.0546991
0.0508449
6.93356e-310
0.047963
0.0436574
0.0439352
6.93356e-310
0.0381713
0.039213
0.0367824
6.93356e-310
0.0362963
0.0355671
0.033831
6.93356e-310
0.0311227
0.031956
0.0300463
6.93356e-310
0.0249421
0.0251157
0.0249421
6.93356e-310
0.0224769
0.0217477
0.0201273
6.93356e-310
0.0210648
0.0207176
0.0193981
6.93356e-310
0.0231481
0.0218634
0.0209954
6.93356e-310
0.0250926
0.0245023
0.0235417
6.93356e-310
0.0186806
0.0183681
0.0181597
6.93356e-310
0.0132639
0.0127778
0.0120139
6.93356e-310
0.0314236
0.0302083
0.030625
6.93356e-310
0.0389583
0.0387847
0.0386458
6.93356e-310
0.0522917
0.0499306
0.0502778
6.93356e-310
0.0830903
0.0826389
0.0809028
6.93356e-310
0.101875
0.096875
0.0964931
6.93356e-310
0.117326
0.11309
0.112361
6.93356e-310
0.121285
0.117569
0.118125
6.93356e-310
0.120035
0.117292
0.115
6.93356e-310
0.111215
0.110556
0.108507
6.93356e-310
0.109213
0.109178
0.10831
6.93356e-310
0.0940856
0.0935301
0.0937731
6.93356e-310
0.0713194
0.0713194
0.0703472
6.93356e-310
0.051331
0.0508333
0.050625
6.93356e-310
0.0520833
0.05
0.0505556
6.93356e-310
0.0561806
0.0532986
0.0530903
6.93356e-310
0.0595486
0.0555556
0.0555903
6.93356e-310
0.0690625
0.0651736
0.064375
6.93356e-310
0.0717361
0.0686806
0.0669792
6.93356e-310
0.0783333
0.0751042
0.0736458
6.93356e-310
0.0852778
0.0835417
0.0845486
6.93356e-310
0.0898264
0.0894097
0.0883681
6.93356e-310
0.0864236
0.0849306
0.0836458
6.93356e-310
0.0823611
0.0821875
0.0818403
6.93356e-310
0.062338
0.0623032
0.0620255
6.93356e-310
0.0308912
0.0306134
0.0306481
6.93356e-310
0.0135417
0.0128125
0.0132639
6.93356e-310
0.00979167
0.00958333
0.00975694
6.93356e-310
0.00412037
0.00319444
0.00354167
6.93356e-310
0.00423611
0.00388889
0.00371528
6.93356e-310
0.00701389
0.00642361
0.00625
6.93356e-310
0.00961806
0.00947917
0.00930556
6.93356e-310
0.0132639
0.0129861
0.0129861
6.93356e-310
0.0283333
0.0275
0.0260417
6.93356e-310
0.0653819
0.0635069
0.0621528
6.93356e-310
0.105625
0.103472
0.103368
6.93356e-310
0.151944
0.149375
0.148785
6.93356e-310
0.206123
0.202951
0.201979
6.93356e-310
0.268333
0.263924
0.263819
6.93356e-310
0.310521
0.308299
0.306701
6.93356e-310
0.338403
0.334549
0.334271
6.93356e-310
0.318507
0.318333
0.317569
6.93356e-310
0.303715
0.299792
0.299479
6.93356e-310
0.271794
0.269537
0.26985
6.93356e-310
0.245347
0.243854
0.243194
6.93356e-310
0.231435
0.230035
0.23059
6.93356e-310
0.220081
0.219549
0.21875
6.93356e-310
0.199653
0.197778
0.198646
6.93356e-310
0.157153
0.157222
0.157222
6.93356e-310
0.108403
0.107986
0.106979
6.93356e-310
0.0620139
0.0614583
0.0605556
6.93356e-310
0.0217708
0.0217014
0.0218403
6.93356e-310
0.00105324
0.000914352
0.000798611
6.93356e-310
0
0
0.000173611
6.93356e-310
0.00295139
0.00277778
0.00295139
6.93356e-310
0.0021875
0.001875
0.00190972
6.93356e-310
0
0
0.000173611
6.93356e-310
0.000173611
0.000208333
0
6.93356e-310
0
0.000173611
5.78704e-05
6.93356e-310
0.000173611
0.000208333
0
6.93356e-310
5.78704e-05
0.000173611
0
6.93356e-310
0
0.000208333
0.000173611
6.93356e-310
5.78704e-05
0
0.000173611
6.93356e-310
0.000208333
0
0.000173611
6.93356e-310
5.78704e-05
0.000173611
0
6.93356e-310
0.000208333
0
0
6.93356e-310
5.78704e-05
0
0
6.93356e-310
0.000208333
0
0
6.93356e-310
0
5.78704e-05
0
6.93356e-310
0.000208333
0
0
6.93356e-310
0
5.78704e-05
0.000173611
6.93356e-310
0
0.000208333
0
6.93356e-310
0
5.78704e-05
0
6.93356e-310
0.000208333
0
0
6.93356e-310
0
0
5.78704e-05
6.93356e-310
0.000208333
0
0
6.93356e-310
0.000347222
0.000405093
0.000347222
6.93356e-310
0.000208333
0
0
6.93356e-310
0
5.78704e-05
0
6.93356e-310
0
0.000208333
0
6.93356e-310
0
0
5.78704e-05
6.93356e-310
0
0.000208333
0
6.93356e-310
5.78704e-05
0
0
6.93356e-310
3.47222e-05
0.000208333
0
6.93356e-310
5.78704e-05
0
0
6.93356e-310
0
0.000208333
0
6.93356e-310
0.0131597
0.0129861
0.013044
6.93356e-310
0.0371065
0.0367361
0.0365972
6.93356e-310
0.0444676
0.0433218
0.0431597
6.93356e-310
0.0490972
0.0469444
0.0469097
6.93356e-310
0.0523264
0.0494097
0.0498148
6.93356e-310
0.0536458
0.0530208
0.0532639
6.93356e-310
0.0572569
0.0555093
0.0552662
6.93356e-310
0.063125
0.0616319
0.0622222
6.93356e-310
0.0865625
0.0839931
0.0845718
6.93356e-310
0.121944
0.117604
0.116979
6.93356e-310
0.145139
0.141597
0.140579
6.93356e-310
0.163021
0.158958
0.157639
6.93356e-310
0.174016
0.168993
0.166979
6.93356e-310
0.181146
0.177049
0.177292
6.93356e-310
0.185833
0.181169
0.182535
6.93356e-310
0.184583
0.18066
0.178924
6.93356e-310
0.177523
0.175347
0.175104
6.93356e-310
0.172639
0.170208
0.171111
6.93356e-310
0.174167
0.172257
0.172766
6.93356e-310
0.182778
0.182847
0.183368
6.93356e-310
0.184826
0.18309
0.182384
6.93356e-310
0.194062
0.192431
0.191146
6.93356e-310
0.194792
0.192674
0.193218
6.93356e-310
0.198958
0.195625
0.196458
6.93356e-310
0.215961
0.21375
0.213576
6.93356e-310
0.236146
0.230799
0.22941
6.93356e-310
0.245961
0.239826
0.240243
6.93356e-310
0.244826
0.241493
0.239931
6.93356e-310
0.246794
0.244722
0.243924
6.93356e-310
0.24625
0.243958
0.243194
6.93356e-310
0.249722
0.244931
0.243461
6.93356e-310
0.245347
0.239479
0.23875
6.93356e-310
0.253611
0.24912
0.247049
6.93356e-310
0.274549
0.272465
0.269167
6.93356e-310
0.288438
0.281933
0.283565
6.93356e-310
0.28684
0.283715
0.281632
6.93356e-310
0.276146
0.272836
0.270613
6.93356e-310
0.263646
0.257153
0.258368
6.93356e-310
0.255486
0.254051
0.251076
6.93356e-310
0.252986
0.250729
0.251354
6.93356e-310
0.270683
0.268113
0.267951
6.93356e-310
0.280451
0.276875
0.273993
6.93356e-310
0.285058
0.280451
0.280903
6.93356e-310
0.290347
0.292743
0.292118
6.93356e-310
0.31559
0.312662
0.310972
6.93356e-310
0.340451
0.336771
0.337917
6.93356e-310
0.365556
0.36294
0.360972
6.93356e-310
0.3975
0.391354
0.395382
6.93356e-310
0.400359
0.396308
0.395405
6.93356e-310
0.402535
0.396979
0.395243
6.93356e-310
0.397188
0.393461
0.393958
6.93356e-310
0.394236
0.390521
0.388125
6.93356e-310
0.390208
0.385313
0.385995
6.93356e-310
0.386644
0.381887
0.37772
6.93356e-310
0.37331
0.369225
0.37044
6.93356e-310
0.375174
0.373021
0.373229
6.93356e-310
0.390162
0.383819
0.385243
6.93356e-310
0.405313
0.402917
0.397465
6.93356e-310
0.423611
0.420139
0.417488
6.93356e-310
0.450313
0.44809
0.443715
6.93356e-310
0.453391
0.450139
0.447535
6.93356e-310
0.455521
0.451146
0.451458
6.93356e-310
0.461991
0.458067
0.458229
6.93356e-310
0.464977
0.461609
0.46331
6.93356e-310
0.457477
0.455
0.455498
6.93356e-310
0.483889
0.47309
0.477396
6.93356e-310
0.470231
0.466192
0.464039
6.93356e-310
0.475382
0.471771
0.468125
6.93356e-310
0.4825
0.475556
0.47353
6.93356e-310
0.492188
0.484583
0.481667
6.93356e-310
0.493056
0.485833
0.485891
6.93356e-310
0.496563
0.487951
0.490312
6.93356e-310
0.520868
0.513611
0.509954
6.93356e-310
0.504826
0.497083
0.500938
6.93356e-310
0.492523
0.487604
0.485868
6.93356e-310
0.487211
0.479988
0.480336
6.93356e-310
0.478727
0.470336
0.471308
6.93356e-310
0.477894
0.472685
0.47294
6.93356e-310
0.496771
0.48662
0.481389
6.93356e-310
0.485694
0.480799
0.477604
6.93356e-310
0.479722
0.47669
0.47316
6.93356e-310
0.484097
0.480417
0.475451
6.93356e-310
0.493542
0.487697
0.488993
6.93356e-310
0.489792
0.484757
0.480556
6.93356e-310
0.526424
0.520752
0.512708
6.93356e-310
0.50059
0.494097
0.494479
6.93356e-310
0.489433
0.483461
0.48522
6.93356e-310
0.475509
0.469988
0.470995
6.93356e-310
0.465949
0.459421
0.455937
6.93356e-310
0.450475
0.440822
0.445683
6.93356e-310
0.476285
0.470752
0.464826
6.93356e-310
0.454688
0.448403
0.44309
6.93356e-310
0.437037
0.432257
0.427847
6.93356e-310
0.425312
0.420938
0.417639
6.93356e-310
0.41522
0.411076
0.406262
6.93356e-310
0.398993
0.391562
0.39434
6.93356e-310
0.390995
0.387465
0.382847
6.93356e-310
0.454988
0.439259
0.446354
6.93356e-310
0.42625
0.42294
0.418333
6.93356e-310
0.410521
0.406979
0.402569
6.93356e-310
0.397222
0.39162
0.392014
6.93356e-310
0.383715
0.375312
0.379583
6.93356e-310
0.374688
0.369097
0.364051
6.93356e-310
0.391319
0.380556
0.377639
6.93356e-310
0.365069
0.355938
0.36044
6.93356e-310
0.347604
0.343785
0.341424
6.93356e-310
0.339329
0.334167
0.33559
6.93356e-310
0.329965
0.325347
0.322326
6.93356e-310
0.312743
0.310475
0.306875
6.93356e-310
0.315208
0.310208
0.304688
6.93356e-310
0.290822
0.286725
0.285359
6.93356e-310
0.282141
0.275764
0.275336
6.93356e-310
0.26978
0.264838
0.264699
6.93356e-310
0.266412
0.263287
0.260995
6.93356e-310
0.263009
0.258229
0.25559
6.93356e-310
0.335775
0.332083
0.330255
6.93356e-310
0.305683
0.303785
0.30309
6.93356e-310
0.289097
0.283472
0.283472
6.93356e-310
0.269896
0.266308
0.262708
6.93356e-310
0.255833
0.252118
0.247917
6.93356e-310
