0.00217593
0
0
0.00268519
0
0
0
0
0.00365741
0
1.57105e-255
0.168299
0.167951
0.168889
0.166424
0.162049
0.16838
0.166806
0.161597
0.164352
0.161181
1.57105e-255
0.185903
0.186285
0.188553
0.184167
0.188206
0.186331
0.183194
0.183333
0.184306
0.183715
1.57105e-255
0.185208
0.182639
0.185868
0.186505
0.185938
0.185046
0.182917
0.184097
0.182292
0.185602
1.57105e-255
0.187928
0.182604
0.184549
0.183333
0.183021
0.183854
0.181493
0.181562
0.184838
0.180938
1.57105e-255
0.198669
0.198738
0.201354
0.198935
0.196933
0.195405
0.192986
0.193808
0.198229
0.194745
1.57105e-255
0.186076
0.186493
0.182778
0.182789
0.187269
0.181632
0.181215
0.183403
0.179965
0.179653
1.57105e-255
0.219907
0.221319
0.222025
0.217292
0.215833
0.215938
0.213958
0.212616
0.218993
0.212396
1.57105e-255
0.292049
0.294687
0.292917
0.299722
0.292396
0.292431
0.289653
0.289745
0.290949
0.286574
1.57105e-255
0.297546
0.291586
0.290278
0.28853
0.29147
0.287002
0.28559
0.284653
0.282743
0.282014
1.57105e-255
0.227176
0.229167
0.222361
0.224201
0.229201
0.226053
0.225868
0.225336
0.222361
0.22235
1.57105e-255
0.250972
0.254549
0.2514
0.254907
0.247604
0.247014
0.247778
0.245417
0.24691
0.24728
1.57105e-255
0.25669
0.256516
0.261991
0.254745
0.259398
0.252535
0.256493
0.251065
0.249954
0.252384
1.57105e-255
0.249653
0.25059
0.246493
0.242963
0.243819
0.244676
0.241898
0.240752
0.24838
0.242801
1.57105e-255
0.231921
0.228495
0.227639
0.225729
0.224375
0.221319
0.221667
0.221111
0.218611
0.217326
1.57105e-255
0.214097
0.21213
0.215243
0.213299
0.207697
0.211736
0.208646
0.209549
0.205139
0.209352
1.57105e-255
0.199618
0.195243
0.201123
0.196944
0.194537
0.194167
0.191042
0.191493
0.190382
0.191042
1.57105e-255
0.192014
0.190752
0.191424
0.191123
0.189965
0.184306
0.185833
0.185799
0.185208
0.186991
1.57105e-255
0.180035
0.180486
0.177847
0.176076
0.175139
0.173125
0.176806
0.174167
0.17228
0.173472
1.57105e-255
0.178727
0.174572
0.176319
0.175856
0.173981
0.172766
0.177604
0.176076
0.171655
0.171829
1.57105e-255
0.167882
0.16684
0.166076
0.162361
0.164931
0.162396
0.163368
0.160486
0.166331
0.162697
1.57105e-255
0.156493
0.156806
0.152222
0.150949
0.151725
0.152986
0.149132
0.147292
0.148785
0.146701
1.57105e-255
0.147546
0.146516
0.144919
0.147627
0.141968
0.143877
0.139398
0.140613
0.139884
0.136516
1.57105e-255
0.135023
0.130231
0.133495
0.128461
0.130312
0.126759
0.129259
0.123993
0.12397
0.122037
1.57105e-255
0.125914
0.121794
0.118079
0.119815
0.124398
0.12669
0.118981
0.116713
0.12059
0.115718
1.57105e-255
0.138079
0.134051
0.138299
0.13478
0.137523
0.13265
0.135822
0.13044
0.131759
0.132917
1.57105e-255
0.136424
0.135567
0.132847
0.131042
0.127986
0.130799
0.126725
0.126007
0.128438
0.124479
1.57105e-255
0.113634
0.107072
0.112523
0.109213
0.11044
0.104433
0.107141
0.105972
0.105579
0.103322
1.57105e-255
0.108171
0.105833
0.101285
0.105313
0.101667
0.104792
0.0980556
0.10169
0.0960764
0.100069
1.57105e-255
0.0974769
0.0908102
0.094838
0.0946528
0.0902894
0.0936227
0.0881366
0.0884144
0.0912963
0.0857176
1.57105e-255
0.0860648
0.0834491
0.0842593
0.0851968
0.0819329
0.0805093
0.0824884
0.0835301
0.0803704
0.0792245
1.57105e-255
0.0876042
0.0850694
0.0814931
0.0843403
0.0813542
0.0842361
0.0823611
0.0797106
0.0800463
0.0787847
1.57105e-255
0.0734606
0.0748495
0.0735995
0.0708912
0.0716898
0.0690162
0.0714352
0.0698148
0.0687731
0.0676273
1.57105e-255
0.0743634
0.0758565
0.074919
0.0714815
0.0691898
0.0690856
0.0671181
0.0680787
0.0702199
0.0697801
1.57105e-255
0.0677083
0.0690972
0.0665278
0.0689236
0.0655093
0.0669792
0.0650694
0.0661111
0.064375
0.06375
1.57105e-255
0.0870486
0.0820023
0.0827778
0.0830903
0.0849306
0.08
0.0797917
0.0809375
0.0793866
0.0794792
1.57105e-255
0.0996528
0.0960417
0.0940625
0.0974306
0.0939583
0.0942361
0.0945718
0.0929861
0.0946528
0.0948958
1.57105e-255
0.172072
0.172813
0.171389
0.170451
0.169236
0.169167
0.169965
0.168715
0.168345
0.167465
1.57105e-255
0.269919
0.264676
0.269155
0.262928
0.268634
0.267766
0.261655
0.260856
0.263148
0.26485
1.57105e-255
0.334097
0.332917
0.331736
0.331238
0.332292
0.329028
0.326944
0.32934
0.328762
0.327153
1.57105e-255
0.387558
0.38125
0.379421
0.382975
0.380961
0.3836
0.378137
0.378449
0.37713
0.377407
1.57105e-255
0.406632
0.406644
0.40309
0.402454
0.403715
0.40375
0.400625
0.398507
0.399861
0.400174
1.57105e-255
0.426354
0.421979
0.420799
0.422882
0.419097
0.420139
0.419618
0.417292
0.418634
0.418021
1.57105e-255
0.422454
0.42059
0.420208
0.421852
0.417465
0.420451
0.417257
0.417674
0.415556
0.415903
1.57105e-255
0.425035
0.42478
0.422743
0.421667
0.417222
0.417257
0.416493
0.414722
0.421979
0.41485
1.57105e-255
0.431979
0.434294
0.429861
0.429352
0.431632
0.431215
0.425069
0.427014
0.427604
0.423819
1.57105e-255
0.456875
0.456389
0.452986
0.453889
0.454062
0.454792
0.449271
0.451215
0.450127
0.447674
1.57105e-255
0.478947
0.481736
0.479792
0.476424
0.475324
0.471528
0.470764
0.473125
0.472049
0.473889
1.57105e-255
0.483588
0.480359
0.478275
0.480428
0.476678
0.473924
0.478657
0.473414
0.471157
0.468449
1.57105e-255
0.492743
0.484236
0.490868
0.49184
0.486424
0.479965
0.485486
0.480093
0.476644
0.474236
1.57105e-255
0.467037
0.470035
0.46441
0.469549
0.473542
0.461875
0.462153
0.457569
0.458472
0.457431
1.57105e-255
0.467431
0.463264
0.454479
0.459514
0.457813
0.456389
0.450336
0.453681
0.448067
0.446597
1.57105e-255
0.463368
0.461412
0.452743
0.465347
0.462014
0.462604
0.44934
0.453576
0.44691
0.449201
1.57105e-255
0.465833
0.463924
0.46059
0.456806
0.457986
0.449606
0.449132
0.44772
0.451875
0.451701
1.57105e-255
0.492604
0.484271
0.481354
0.488125
0.482986
0.478403
0.478981
0.472083
0.470451
0.474711
1.57105e-255
0.512766
0.513021
0.50544
0.498924
0.49191
0.491493
0.495139
0.496806
0.501458
0.489942
1.57105e-255
0.520451
0.530833
0.519549
0.513924
0.516563
0.510382
0.506447
0.503044
0.502292
0.500694
1.57105e-255
0.503704
0.507257
0.493854
0.497153
0.497431
0.489028
0.489167
0.484479
0.481632
0.478449
1.57105e-255
0.50191
0.499965
0.492431
0.48875
0.483681
0.468924
0.481516
0.472118
0.47
0.462882
1.57105e-255
0.467049
0.461655
0.46125
0.447477
0.452396
0.452014
0.441701
0.457882
0.441563
0.435104
1.57105e-255
0.464062
0.454271
0.447257
0.444896
0.449514
0.441042
0.432569
0.428333
0.42412
0.432812
1.57105e-255
0.412118
0.415486
0.427118
0.423299
0.402187
0.407083
0.40022
0.391007
0.394479
0.389016
1.57105e-255
0.382951
0.385937
0.381065
0.369757
0.363854
0.366215
0.370104
0.350139
0.358576
0.362674
1.57105e-255
0.372639
0.370764
0.358021
0.369306
0.366597
0.34669
0.347153
0.364757
0.356817
0.352292
1.57105e-255
0.346875
0.338368
0.329514
0.333113
0.317326
0.311111
0.335556
0.324826
0.314757
0.319757
1.57105e-255
0.350174
0.333576
0.344479
0.324282
0.334826
0.343924
0.309826
0.328079
0.315486
0.313194
1.57105e-255
0.291458
0.292535
0.280139
0.300544
0.28816
0.282257
0.27316
0.26941
0.283368
0.27441
1.57105e-255
0.290486
0.277292
0.280174
0.281701
0.268437
0.26316
0.264282
0.266458
0.260405
0.257778
1.57105e-255
0.250231
0.243472
0.241563
0.231597
0.236563
0.231736
0.237014
0.227847
0.235313
0.223472
1.57105e-255
0.272801
0.257083
0.256458
0.241215
0.244329
0.2586
0.254167
0.237373
0.250069
0.237187
1.57105e-255
0.205764
0.213819
0.204757
0.210197
0.195521
0.204479
0.201979
0.190104
0.189688
0.18816
1.57105e-255
0.178333
0.174375
0.172118
0.179699
0.166528
0.165104
0.167187
0.160174
0.160694
0.157801
1.57105e-255
0.168472
0.163403
0.160069
0.160729
0.154826
0.149618
0.150312
0.155995
0.145139
0.143021
1.57105e-255
0.137234
0.138461
0.131875
0.12941
0.143021
0.132639
0.129722
0.130972
0.120451
0.123715
1.57105e-255
0.155556
0.151771
0.168472
0.155556
0.152188
0.142917
0.143264
0.142569
0.137743
0.137211
1.57105e-255
0.129028
0.127917
0.135926
0.126736
0.125
0.119074
0.121389
0.123368
0.118785
0.115868
1.57105e-255
0.134479
0.123611
0.126701
0.131979
0.127882
0.12816
0.120972
0.114329
0.112951
0.11816
1.57105e-255
0.0980556
0.0903125
0.0956597
0.0931134
0.0912153
0.0877894
0.0869444
0.083125
0.0847569
0.0817361
1.57105e-255
0.0786806
0.0799306
0.0777083
0.0747917
0.0746528
0.0707292
0.0713889
0.0687384
0.0670486
0.0689931
1.57105e-255
0.0827778
0.0782986
0.0754167
0.0744097
0.0765625
0.0697222
0.068125
0.0709954
0.0665741
0.0665625
1.57105e-255
0.0558218
0.0520833
0.0511111
0.0483681
0.0515972
0.0475347
0.0464236
0.0445139
0.0445486
0.0428472
1.57105e-255
0.0426736
0.0418519
0.0425347
0.0413194
0.0392361
0.0395718
0.0388194
0.0376736
0.0366319
0.03625
1.57105e-255
0.0411458
0.0406597
0.0390278
0.0409028
0.0382176
0.0395139
0.0359375
0.0356944
0.0344792
0.0347222
1.57105e-255
0.0248958
0.0240741
0.0234375
0.0220023
0.0222917
0.0238889
0.0209722
0.0202431
0.0205208
0.0217708
1.57105e-255
0.0277083
0.0243056
0.0230208
0.0228472
0.0244097
0.0224306
0.0245486
0.0237847
0.0213773
0.021875
1.57105e-255
0.0261458
0.023125
0.0239931
0.0231713
0.0240278
0.0216319
0.0217014
0.0215278
0.0209954
0.0217014
1.57105e-255
0.0248611
0.0252662
0.0255556
0.0233333
0.0226042
0.0223958
0.0218403
0.0228125
0.021875
0.0210069
1.57105e-255
0.0187847
0.0192708
0.0182292
0.018125
0.0183449
0.0176042
0.0175579
0.0175347
0.0173611
0.0170486
1.57105e-255
0.0201273
0.0200347
0.0199653
0.0192361
0.0199653
0.0192014
0.0185069
0.0179514
0.0179514
0.0186111
1.57105e-255
0.0215278
0.0212153
0.0206944
0.0209722
0.0204861
0.0202083
0.0202894
0.0198611
0.0198843
0.0197917
1.57105e-255
0.0201042
0.0183333
0.0201389
0.0213542
0.0203704
0.018125
0.0200694
0.0190278
0.0177431
0.0178125
1.57105e-255
0.0251389
0.025625
0.0253125
0.0252431
0.0234375
0.0232292
0.0267014
0.0229398
0.0262616
0.0228935
1.57105e-255
0.0207986
0.0173611
0.0174306
0.0165972
0.0172106
0.0163889
0.0169792
0.0162153
0.0171528
0.0161111
1.57105e-255
0.0150231
0.0148958
0.0148611
0.0145833
0.0144444
0.0144444
0.0145486
0.0143171
0.0146875
0.0173611
1.57105e-255
0.0153125
0.0153819
0.0148495
0.0139236
0.0166551
0.0140625
0.0132292
0.0142014
0.0137153
0.0134028
1.57105e-255
0.0103819
0.0133218
0.0109028
0.010625
0.013206
0.0103935
0.0101736
0.0107639
0.0102315
0.0100347
1.57105e-255
0.0111921
0.00871528
0.0090162
0.00864583
0.00840278
0.008125
0.008125
0.00829861
0.0110301
0.008125
1.57105e-255
0.00708333
0.00967593
0.00646991
0.00642361
0.00649306
0.00652778
0.00648148
0.00945602
0.00642361
0.00635417
1.57105e-255
0.00875
0.00982639
0.0114005
0.00819444
0.0115972
0.00859954
0.00840278
0.0117477
0.00802083
0.00836806
1.57105e-255
0.014456
0.0125
0.0161574
0.0122222
0.0120486
0.011956
0.0122106
0.0150463
0.0118403
0.0150116
1.57105e-255
0.0152431
0.0165394
0.0184144
0.0146528
0.0130208
0.0148958
0.0130093
0.0134028
0.0128125
0.0127778
1.57105e-255
0.0119444
0.0115856
0.0136806
0.0146759
0.0116435
0.0115972
0.01125
0.0115278
0.0111806
0.0114236
1.57105e-255
0.018669
0.0209491
0.0189931
0.0202894
0.016794
0.0176042
0.0169444
0.0168056
0.0170139
0.0203241
1.57105e-255
0.0169329
0.0164699
0.0162847
0.0155903
0.0190046
0.0155093
0.0159838
0.0184144
0.0151736
0.0151042
1.57105e-255
0.0140278
0.0132986
0.0134722
0.0135995
0.0129167
0.0134028
0.0125347
0.0123264
0.0165394
0.0128472
1.57105e-255
0.0170139
0.0168056
0.0204282
0.0166667
0.0168403
0.0161458
0.0174653
0.0162384
0.0161458
0.0161574
1.57105e-255
0.0105556
0.0105903
0.0102431
0.0105556
0.0113426
0.0129977
0.0101736
0.00979167
0.00972222
0.0096875
1.57105e-255
0.00881944
0.00881944
0.00833333
0.0119907
0.00815972
0.00826389
0.00805556
0.00804398
0.00811343
0.0116088
1.57105e-255
0.0107755
0.00741898
0.00722222
0.011088
0.0071875
0.00708333
0.00715278
0.00744213
0.00701389
0.00708333
1.57105e-255
0.00565972
0.00552083
0.00576389
0.00552083
0.00868056
0.00541667
0.00545139
0.0053125
0.00519676
0.00523148
1.57105e-255
0.00659722
0.00631944
0.00635417
0.00648148
0.00631944
0.00631944
0.00631944
0.00951389
0.00631944
0.00621528
1.57105e-255
0.0112847
0.014456
0.0109722
0.00979167
0.00996528
0.0105556
0.0109722
0.00972222
0.0096875
0.00946759
1.57105e-255
0.0168981
0.0167708
0.0157639
0.0155208
0.0157639
0.0187847
0.0156944
0.0156597
0.0155208
0.0155208
1.57105e-255
0.0157639
0.0150694
0.0155208
0.0151389
0.0152431
0.015
0.0152431
0.0148264
0.0147106
0.0145833
1.57105e-255
0.0153472
0.0153009
0.0149653
0.0146875
0.014375
0.0146181
0.0142361
0.0139583
0.0174306
0.0144097
1.57105e-255
0.0157292
0.0154167
0.0155903
0.0146875
0.0185069
0.0156944
0.0151389
0.0147569
0.0152315
0.0146875
1.57105e-255
0.0164583
0.0161458
0.0165509
0.0163194
0.015625
0.0159028
0.015625
0.0156944
0.0188773
0.0155208
1.57105e-255
0.0187384
0.0180556
0.02125
0.0184028
0.0176736
0.0183333
0.0185417
0.0184722
0.0178819
0.0181597
1.57105e-255
0.0151736
0.0150347
0.0149653
0.0151042
0.0146875
0.0179398
0.0148843
0.0148611
0.0146528
0.0144444
1.57105e-255
0.00791667
0.0100579
0.00805556
0.00753472
0.00777778
0.00770833
0.00729167
0.00759259
0.00729167
0.00725694
1.57105e-255
0.005
0.005
0.00451389
0.00451389
0.00482639
0.00451389
0.00451389
0.00502315
0.00451389
0.00451389
1.57105e-255
0.00791667
0.0065625
0.00722222
0.00659722
0.00725694
0.00731481
0.00670139
0.0065625
0.0065625
0.0065625
1.57105e-255
0.0263889
0.0256944
0.0276389
0.0255903
0.0255556
0.0256829
0.0253819
0.0254514
0.0254861
0.0254514
1.57105e-255
0.0390972
0.0390394
0.0378819
0.0390278
0.0386458
0.0410648
0.0373958
0.0384722
0.0386806
0.0375231
1.57105e-255
0.0432523
0.0428125
0.0425
0.0422917
0.0422222
0.0420833
0.0423958
0.0424653
0.0417014
0.041875
1.57105e-255
0.0400347
0.0401389
0.0395139
0.0390972
0.0391319
0.0391667
0.0389583
0.0386343
0.0388889
0.0389236
1.57105e-255
0.0343403
0.0347454
0.0329861
0.0324653
0.0325
0.0334028
0.0326389
0.0334375
0.0323264
0.0345486
1.57105e-255
0.0338889
0.0336111
0.0338194
0.0328472
0.0319097
0.0325694
0.0313889
0.0319329
0.0326736
0.0319444
1.57105e-255
0.0475579
0.045
0.0443056
0.0452083
0.0463542
0.0454167
0.0433681
0.0438889
0.0448958
0.0446181
1.57105e-255
0.0747569
0.0789236
0.0772917
0.0728819
0.0772222
0.0752083
0.0756597
0.0732986
0.0740162
0.0725
1.57105e-255
0.17184
0.163993
0.167569
0.161412
0.165243
0.164051
0.160799
0.162951
0.163438
0.15875
1.57105e-255
0.282454
0.276863
0.272558
0.276725
0.27265
0.272662
0.267488
0.269919
0.268565
0.276887
1.57105e-255
0.352986
0.359144
0.355787
0.349444
0.350035
0.350243
0.344965
0.347014
0.345961
0.348438
1.57105e-255
0.456319
0.451597
0.445093
0.449896
0.469167
0.4425
0.450752
0.444965
0.438229
0.439896
1.57105e-255
0.543681
0.533229
0.535579
0.545694
0.540382
0.53559
0.531146
0.525694
0.528102
0.521771
1.57105e-255
0.611319
0.612685
0.606806
0.606944
0.620694
0.598854
0.602292
0.600208
0.603056
0.59669
1.57105e-255
0.666389
0.655764
0.648044
0.65044
0.653449
0.655868
0.655104
0.646308
0.647951
0.644745
1.57105e-255
0.705914
0.706134
0.707512
0.704039
0.694167
0.687905
0.691782
0.699144
0.686412
0.694537
1.57105e-255
0.750764
0.749028
0.748576
0.738299
0.740718
0.74956
0.732257
0.736979
0.735104
0.729896
1.57105e-255
0.758461
0.757778
0.756806
0.751285
0.752222
0.727778
0.740231
0.724826
0.72441
0.733889
1.57105e-255
0.788669
0.795741
0.787245
0.783912
0.783252
0.779884
0.774537
0.775961
0.775787
0.773808
1.57105e-255
0.817373
0.80963
0.812593
0.810012
0.806678
0.802963
0.796921
0.797095
0.79566
0.803032
1.57105e-255
0.828507
0.835799
0.831331
0.832616
0.828345
0.821979
0.82956
0.825116
0.824664
0.819063
1.57105e-255
0.821887
0.8164
0.818021
0.808981
0.810914
0.806991
0.806088
0.808553
0.801562
0.806412
1.57105e-255
0.797928
0.803611
0.795937
0.791944
0.78537
0.791285
0.782535
0.789514
0.78809
0.782778
1.57105e-255
0.836354
0.842326
0.832917
0.827535
0.826562
0.831238
0.828472
0.824861
0.821748
0.820347
1.57105e-255
0.837847
0.831076
0.829479
0.825301
0.829063
0.829271
0.821458
0.822014
0.817847
0.819201
1.57105e-255
0.82022
0.832986
0.823333
0.824479
0.817743
0.826146
0.814097
0.812627
0.825104
0.811389
1.57105e-255
0.804931
0.801725
0.793924
0.798785
0.805312
0.788021
0.794306
0.784873
0.783542
0.790486
1.57105e-255
0.735382
0.731111
0.730139
0.717569
0.724444
0.718368
0.71353
0.715104
0.717257
0.708993
1.57105e-255
0.72316
0.714479
0.714549
0.711979
0.705139
0.695799
0.70037
0.701215
0.695231
0.699201
1.57105e-255
0.7289
0.72162
0.714086
0.712662
0.713808
0.71353
0.710231
0.703495
0.705544
0.70294
1.57105e-255
0.749421
0.739317
0.751019
0.733044
0.738819
0.732604
0.718993
0.73522
0.721898
0.726933
1.57105e-255
0.744873
0.737685
0.734317
0.733796
0.731678
0.722095
0.723576
0.711366
0.720116
0.715428
1.57105e-255
0.772708
0.775266
0.764583
0.76566
0.763611
0.753993
0.757257
0.75434
0.756389
0.75934
1.57105e-255
0.760359
0.76838
0.757512
0.761123
0.747477
0.748345
0.750324
0.742222
0.744109
0.7414
1.57105e-255
0.729988
0.737836
0.729954
0.719317
0.7211
0.711667
0.723391
0.716574
0.716551
0.714051
1.57105e-255
0.782778
0.776458
0.772639
0.76309
0.757847
0.767662
0.762431
0.758194
0.757882
0.755833
1.57105e-255
0.842419
0.83897
0.850521
0.84625
0.827882
0.831273
0.822245
0.831736
0.81919
0.816632
1.57105e-255
0.853646
0.847847
0.840521
0.841632
0.839861
0.836354
0.831829
0.82794
0.83103
0.829271
1.57105e-255
0.83581
0.830012
0.828623
0.831065
0.815544
0.813773
0.814294
0.817801
0.819572
0.812731
1.57105e-255
0.80853
0.807049
0.816076
0.801146
0.799028
0.796759
0.788958
0.790613
0.782211
0.783634
1.57105e-255
0.787234
0.789734
0.776539
0.760498
0.770278
0.767859
0.780312
0.764491
0.772338
0.754028
1.57105e-255
0.776458
0.765417
0.765694
0.753866
0.759479
0.756065
0.749225
0.744178
0.740185
0.743009
1.57105e-255
0.760799
0.760139
0.756944
0.764687
0.749444
0.736111
0.736632
0.740382
0.7261
0.73
1.57105e-255
0.716088
0.704016
0.690023
0.702766
0.689155
0.693102
0.680428
0.673414
0.675683
0.672002
1.57105e-255
0.679375
0.688611
0.686354
0.667535
0.665625
0.664861
0.650556
0.656875
0.648854
0.645301
1.57105e-255
0.611887
0.602685
0.606944
0.623947
0.588866
0.58662
0.600625
0.584826
0.581157
0.572315
1.57105e-255
0.58169
0.583391
0.56397
0.547095
0.569514
0.556481
0.559479
0.554954
0.545856
0.533137
1.57105e-255
0.585729
0.571644
0.572396
0.553981
0.569028
0.538102
0.550613
0.546377
0.543218
0.556412
1.57105e-255
0.583183
0.581308
0.589491
0.569572
0.561968
0.582697
0.546898
0.544676
0.557141
0.555509
1.57105e-255
0.6636
0.656169
0.6561
0.644745
0.645405
0.635139
0.647558
0.653634
0.633252
0.629745
1.57105e-255
0.675694
0.668056
0.658819
0.651701
0.662245
0.646528
0.641597
0.647014
0.65691
0.652083
1.57105e-255
0.618333
0.607049
0.598322
0.592639
0.608854
0.590382
0.599618
0.599549
0.587882
0.595833
1.57105e-255
0.524387
0.52456
0.519352
0.517234
0.508345
0.504525
0.503692
0.504525
0.500625
0.493623
1.57105e-255
0.461852
0.458229
0.453646
0.439965
0.441088
0.436852
0.43059
0.426389
0.422951
0.431088
1.57105e-255
0.41169
0.402095
0.405255
0.398345
0.395382
0.3914
0.39015
0.384352
0.393912
0.382407
1.57105e-255
0.326076
0.325521
0.328403
0.309363
0.295625
0.315451
0.302465
0.295
0.302083
0.293646
1.57105e-255
0.2586
0.247199
0.246273
0.237674
0.230868
0.234155
0.238472
0.224803
0.222292
0.217859
1.57105e-255
0.229919
0.22985
0.225266
0.218345
0.208507
0.213819
0.205637
0.19875
0.197986
0.195949
1.57105e-255
0.209051
0.197257
0.205787
0.183044
0.197176
0.184641
0.180509
0.190579
0.182454
0.180891
1.57105e-255
0.184086
0.177593
0.161447
0.17728
0.160197
0.170799
0.164259
0.155185
0.171447
0.171134
1.57105e-255
0.342708
0.328947
0.325961
0.339931
0.331215
0.319433
0.336319
0.316481
0.315995
0.319074
1.57105e-255
0.506759
0.501238
0.499225
0.503576
0.490035
0.484583
0.48809
0.479028
0.483356
0.481308
1.57105e-255
0.479387
0.467789
0.470521
0.462199
0.463623
0.468171
0.455359
0.466296
0.458692
0.457824
1.57105e-255
0.36059
0.357928
0.358565
0.356644
0.353241
0.355255
0.350498
0.347361
0.347593
0.348287
1.57105e-255
0.252998
0.251725
0.242951
0.240799
0.247083
0.247639
0.242535
0.24787
0.238889
0.240405
1.57105e-255
0.158391
0.158218
0.156366
0.150729
0.155347
0.153472
0.147998
0.14684
0.148889
0.146227
1.57105e-255
0.080625
0.0807986
0.0777662
0.0744097
0.0695718
0.0764236
0.0711458
0.0781944
0.0779745
0.07
1.57105e-255
0.0693634
0.074375
0.0677431
0.0663773
0.0728125
0.0672917
0.0720139
0.0644329
0.0601736
0.0597569
1.57105e-255
0.0717708
0.0724653
0.0683565
0.0653819
0.0693981
0.0660069
0.0631944
0.0623611
0.0676968
0.0657986
1.57105e-255
0.156551
0.147917
0.150972
0.146528
0.145093
0.144931
0.154537
0.143148
0.143958
0.141111
1.57105e-255
0.267731
0.264039
0.263183
0.264884
0.243958
0.240463
0.260914
0.252442
0.243368
0.242963
1.57105e-255
0.336319
0.322419
0.341817
0.319468
0.332419
0.31669
0.313947
0.316053
0.312141
0.324213
1.57105e-255
0.339167
0.337245
0.338611
0.332257
0.324074
0.322326
0.3214
0.319873
0.324965
0.317199
1.57105e-255
0.327535
0.329236
0.32
0.327731
0.3211
0.318981
0.32191
0.315208
0.315312
0.320787
1.57105e-255
0.30419
0.301829
0.303484
0.297975
0.302269
0.297766
0.293044
0.292593
0.291725
0.29713
1.57105e-255
0.202859
0.200637
0.202535
0.195451
0.200382
0.194456
0.199144
0.193796
0.195799
0.191435
1.57105e-255
0.108333
0.107257
0.105336
0.106493
0.105729
0.104514
0.102986
0.104271
0.103021
0.103611
1.57105e-255
0.0397569
0.0380208
0.0364583
0.0371759
0.0403125
0.0409722
0.0417245
0.0413542
0.0363542
0.0377778
1.57105e-255
0.0195139
0.0193056
0.0176389
0.0163194
0.0162037
0.0193056
0.0167014
0.0148495
0.0210301
0.0161458
1.57105e-255
0.0157523
0.0112731
0.00961806
0.0111806
0.0119329
0.00899306
0.00954861
0.00986111
0.009375
0.00982639
1.57105e-255
0.00902778
0.00871528
0.00940972
0.00707176
0.00833333
0.00802083
0.00866898
0.00836806
0.00725694
0.00972222
1.57105e-255
0.00819444
0.00663194
0.00770833
0.0080787
0.00679398
0.00837963
0.00621528
0.00607639
0.00708333
0.00631944
1.57105e-255
0.0100347
0.0100347
0.0134259
0.0105208
0.00954861
0.00875
0.0090162
0.00840278
0.00857639
0.00898148
1.57105e-255
0.0128472
0.00944444
0.00956019
0.00938657
0.00907407
0.009375
0.00869213
0.00907407
0.00869213
0.00914352
1.57105e-255
0.06375
0.0638079
0.0622917
0.0611458
0.0620023
0.0617708
0.0604514
0.0614236
0.0602778
0.0604514
1.57105e-255
0.0852431
0.085
0.0782986
0.0761343
0.0775579
0.0767014
0.07625
0.075625
0.0750347
0.0754861
1.57105e-255
0.106424
0.0977662
0.0942477
0.103785
0.0980208
0.0966319
0.0938889
0.0960069
0.0925579
0.0924653
1.57105e-255
0.103472
0.101759
0.102396
0.0965625
0.10191
0.0989005
0.100382
0.100972
0.0966435
0.0980787
1.57105e-255
0.0675579
0.0659028
0.0694444
0.0631829
0.0638542
0.0632986
0.0654398
0.0642014
0.0631944
0.0623958
1.57105e-255
0.0384606
0.0390625
0.0405903
0.0384028
0.0396528
0.0381597
0.0372917
0.038044
0.037419
0.0377083
1.57105e-255
0.0259375
0.0255093
0.0244444
0.0247454
0.0238194
0.0238542
0.0248148
0.0239583
0.0239931
0.0240741
1.57105e-255
0.0100463
0.0111574
0.0105671
0.00976852
0.00989583
0.0106019
0.0106829
0.00976852
0.00987269
0.00961806
1.57105e-255
0.0158912
0.0164236
0.0151042
0.0149884
0.0141667
0.014919
0.0141782
0.0148958
0.0140278
0.0140625
1.57105e-255
0.0163889
0.0164005
0.0163194
0.0162847
0.0151042
0.0149537
0.0153472
0.015
0.0154514
0.014919
1.57105e-255
0.0342708
0.0346759
0.0329745
0.0325694
0.0324306
0.03125
0.0321181
0.0322801
0.0314005
0.0311111
1.57105e-255
0.0755903
0.0759028
0.0760764
0.068125
0.0653704
0.0719907
0.0664583
0.0655903
0.0662384
0.0693171
1.57105e-255
0.0790509
0.0790162
0.0808796
0.0822569
0.0784722
0.08
0.0781134
0.0782639
0.0780208
0.0775347
1.57105e-255
0.0389583
0.0387616
0.0384259
0.0386921
0.0387616
0.038831
0.0378472
0.0386458
0.0377894
0.0392824
1.57105e-255
0.00491898
0.00496528
0.00489583
0.00502315
0.00491898
0.00475694
0.00527778
0.00487269
0.0046875
0.00469907
1.57105e-255
0.0417824
0.0417361
0.0410764
0.0410764
0.0410764
0.0416319
0.0409259
0.041169
0.0409606
0.0408333
1.57105e-255
0.0558681
0.0553356
0.0550231
0.0547569
0.0545833
0.0542593
0.0542708
0.0543519
0.0542361
0.0542824
1.57105e-255
0.0488542
0.0483449
0.0472917
0.0484259
0.0470486
0.0472917
0.0482639
0.0472801
0.0471528
0.0470718
1.57105e-255
0.00978009
0.00908565
0.00972222
0.0090625
0.00914352
0.00978009
0.0091088
0.00951389
0.00954861
0.0090625
1.57105e-255
0.0152083
0.0148264
0.014375
0.0143056
0.0145833
0.0143634
0.0144213
0.0142708
0.0142593
0.0141898
1.57105e-255
0.0213426
0.0211227
0.0205903
0.0203356
0.0205208
0.0214468
0.0210185
0.0202431
0.0202778
0.0202083
1.57105e-255
0.0225694
0.0224653
0.0218403
0.0220718
0.0217708
0.0218171
0.0217593
0.0218056
0.0222569
0.0224884
1.57105e-255
0.0610301
0.0588542
0.0593866
0.0597338
0.0580556
0.0578472
0.059294
0.0579514
0.0579745
0.0575347
1.57105e-255
0.0796065
0.079375
0.0787384
0.0790972
0.0704861
0.0698495
0.0750347
0.0692361
0.069456
0.0688889
1.57105e-255
0.08875
0.0881366
0.0867708
0.082662
0.0822801
0.0831597
0.0885185
0.0833565
0.085625
0.0818056
1.57105e-255
0.0753819
0.075544
0.0724074
0.0754861
0.0721181
0.0754861
0.073206
0.0727778
0.0716088
0.0719329
1.57105e-255
0.013831
0.013831
0.0136806
0.0137384
0.0129514
0.0127662
0.0128356
0.0136458
0.0135069
0.0126389
1.57105e-255
0.00145833
0.00152778
0.00141204
0.00190972
0.00152778
0.0015162
0.00141204
0.00138889
0.00143519
0.00135417
1.57105e-255
0.00144676
0.00143519
0.00128472
0.00134259
0.00128472
0.00131944
0.0012963
0.00134259
0.00128472
0.00128472
1.57105e-255
0.00162037
0.00145833
0.00149306
0.00138889
0.00138889
0.00137731
0.00137731
0.00142361
0.00197917
0.00140046
1.57105e-255
0.00152778
0.00152778
0.00152778
0.0016088
0.00158565
0.00155093
0.00149306
0.00149306
0.00149306
0.00150463
1.57105e-255
0.00135417
0.00141204
0.0015162
0.00135417
0.00190972
0.00135417
0.00136574
0.00135417
0.00128472
0.00134259
1.57105e-255
0.0250463
0.0255208
0.0249884
0.0249537
0.0249421
0.0250579
0.0247917
0.0249306
0.0246875
0.0246875
1.57105e-255
0.0651042
0.0634375
0.0632986
0.0635648
0.0631134
0.0629977
0.0630208
0.0632639
0.063125
0.062662
1.57105e-255
0.173218
0.167361
0.168819
0.166991
0.168437
0.165498
0.168287
0.166273
0.165069
0.166389
1.57105e-255
0.211389
0.209259
0.212257
0.20787
0.207431
0.198958
0.199282
0.199931
0.200359
0.197454
1.57105e-255
0.193553
0.193461
0.192674
0.186655
0.191319
0.183762
0.18184
0.181146
0.185995
0.18066
1.57105e-255
0.16544
0.165775
0.166829
0.165231
0.162558
0.163206
0.164502
0.163079
0.158704
0.159167
1.57105e-255
0.113634
0.111366
0.110347
0.113704
0.109618
0.111817
0.110972
0.109167
0.110035
0.109051
1.57105e-255
0.0635417
0.0635417
0.0617014
0.063287
0.0613194
0.0616667
0.0615394
0.0617361
0.0613426
0.0608218
1.57105e-255
0.0672454
0.0673495
0.065081
0.0652431
0.0642361
0.0642014
0.064294
0.0645486
0.0645949
0.0640625
1.57105e-255
0.069919
0.0699306
0.0700347
0.0702431
0.0676389
0.0686227
0.0683333
0.0687384
0.0687037
0.0671875
1.57105e-255
0.108171
0.109502
0.106748
0.10559
0.10669
0.105775
0.105208
0.105162
0.105938
0.104792
1.57105e-255
0.123461
0.122292
0.123125
0.124271
0.12191
0.121852
0.121771
0.121551
0.121551
0.120625
1.57105e-255
0.135914
0.133125
0.135961
0.134838
0.135382
0.132222
0.134919
0.132882
0.132697
0.132153
1.57105e-255
0.143113
0.143287
0.141447
0.1425
0.143229
0.142986
0.141389
0.14081
0.141076
0.141424
1.57105e-255
0.154977
0.15353
0.152535
0.153738
0.154479
0.151354
0.152222
0.15037
0.150486
0.150602
1.57105e-255
0.155336
0.154479
0.155579
0.15485
0.152338
0.152569
0.151736
0.15316
0.152535
0.151354
1.57105e-255
0.155162
0.154815
0.153773
0.152755
0.154329
0.152778
0.151053
0.15331
0.152153
0.151933
1.57105e-255
0.155046
0.152697
0.153194
0.152766
0.150799
0.153669
0.153866
0.150139
0.151007
0.1514
1.57105e-255
0.151644
0.150498
0.14934
0.151528
0.146308
0.148356
0.148056
0.148113
0.151146
0.145937
1.57105e-255
0.14809
0.147604
0.145336
0.1436
0.146632
0.142813
0.146076
0.142361
0.141377
0.141921
1.57105e-255
0.13691
0.137396
0.137755
0.13441
0.135243
0.135023
0.133194
0.132523
0.136539
0.134086
1.57105e-255
0.144028
0.146586
0.144248
0.141725
0.145139
0.139792
0.14191
0.141204
0.143889
0.138542
1.57105e-255
0.132361
0.128634
0.125382
0.125139
0.122211
0.131181
0.121227
0.12522
0.124433
0.121771
1.57105e-255
0.121296
0.122049
0.123148
0.118391
0.116319
0.116632
0.115127
0.120486
0.11566
0.114201
1.57105e-255
0.125694
0.124931
0.123438
0.121447
0.125625
0.124468
0.117685
0.123715
0.118623
0.119016
1.57105e-255
0.114317
0.112523
0.113414
0.109583
0.108125
0.11103
0.105856
0.107083
0.107292
0.109398
1.57105e-255
0.113264
0.112269
0.114306
0.113426
0.107014
0.110312
0.106192
0.105139
0.106701
0.106887
1.57105e-255
0.103646
0.102234
0.101065
0.0970486
0.0988773
0.100937
0.102986
0.102222
0.0967245
0.0983681
1.57105e-255
0.105856
0.101655
0.100208
0.0976042
0.0976852
0.102396
0.0958681
0.0970949
0.101343
0.0973264
1.57105e-255
0.127188
0.127708
0.124225
0.125729
0.126655
0.122778
0.123183
0.120347
0.121366
0.121146
1.57105e-255
0.187963
0.185475
0.18625
0.18463
0.187292
0.183461
0.18309
0.182141
0.182292
0.182257
1.57105e-255
0.27816
0.285069
0.274016
0.277014
0.27316
0.276111
0.271968
0.27412
0.271678
0.270451
1.57105e-255
0.333171
0.3361
0.324549
0.326609
0.328472
0.33103
0.32191
0.32125
0.320833
0.320822
1.57105e-255
0.485289
0.495648
0.48338
0.482072
0.463681
0.455694
0.460093
0.464676
0.471678
0.450926
1.57105e-255
0.565602
0.549155
0.546817
0.563495
0.555822
0.539294
0.532639
0.553414
0.540741
0.532072
1.57105e-255
0.599861
0.615833
0.612361
0.6
0.605683
0.599595
0.596551
0.586597
0.588148
0.589537
1.57105e-255
0.665197
0.65691
0.667523
0.654444
0.655289
0.648021
0.658067
0.651181
0.656088
0.645208
1.57105e-255
0.703634
0.692731
0.699861
0.700937
0.689745
0.693079
0.687558
0.684444
0.685509
0.681806
1.57105e-255
0.67765
0.674063
0.677813
0.67537
0.683461
0.670139
0.673565
0.668137
0.663854
0.661771
1.57105e-255
0.677245
0.674896
0.678021
0.665544
0.671667
0.665556
0.660012
0.654792
0.658715
0.652488
1.57105e-255
0.676736
0.673461
0.666562
0.669942
0.664931
0.67
0.659687
0.656435
0.654433
0.653356
1.57105e-255
0.656979
0.662153
0.653495
0.658738
0.651748
0.646424
0.652813
0.642731
0.644861
0.638958
1.57105e-255
0.662141
0.666354
0.660868
0.661875
0.652662
0.647998
0.646227
0.644444
0.640243
0.637951
1.57105e-255
0.62537
0.610058
0.61191
0.629965
0.622951
0.633299
0.603472
0.616956
0.607778
0.600127
1.57105e-255
0.599942
0.592106
0.590648
0.582928
0.580914
0.583148
0.578148
0.571493
0.573634
0.571481
1.57105e-255
0.555093
0.5464
0.553356
0.537975
0.542025
0.533634
0.53044
0.538588
0.540799
0.524468
1.57105e-255
0.523079
0.513681
0.514155
0.505475
0.499398
0.498137
0.498032
0.492708
0.48419
0.485162
1.57105e-255
0.489005
0.474757
0.468519
0.467014
0.479803
0.469919
0.463449
0.456435
0.450972
0.446354
1.57105e-255
0.445463
0.424722
0.436458
0.432361
0.432269
0.417731
0.412014
0.418808
0.411597
0.405394
1.57105e-255
0.405231
0.418275
0.402245
0.388611
0.392674
0.390093
0.389606
0.410706
0.404444
0.380417
1.57105e-255
0.369132
0.375139
0.35463
0.358218
0.354028
0.362083
0.343009
0.337118
0.348981
0.34147
1.57105e-255
0.345729
0.347187
0.36059
0.35463
0.332106
0.349329
0.321875
0.328773
0.322326
0.330417
1.57105e-255
0.317882
0.318125
0.308241
0.310104
0.299537
0.30044
0.293299
0.284711
0.279109
0.288125
1.57105e-255
0.303229
0.293924
0.284433
0.288345
0.286771
0.277211
0.277627
0.267882
0.262465
0.260208
1.57105e-255
0.247153
0.241597
0.239537
0.23125
0.228738
0.223715
0.234757
0.220845
0.216331
0.2136
1.57105e-255
0.20934
0.201632
0.210856
0.20265
0.197801
0.194653
0.205625
0.187674
0.19044
0.186562
1.57105e-255
0.191806
0.199248
0.182361
0.188275
0.193519
0.185035
0.170937
0.1839
0.17147
0.17162
1.57105e-255
0.1614
0.158889
0.157905
0.153403
0.15316
0.142384
0.145845
0.149109
0.145637
0.138426
1.57105e-255
0.153681
0.148194
0.144687
0.140787
0.140382
0.136285
0.141678
0.13294
0.137106
0.131956
1.57105e-255
0.127697
0.122269
0.120486
0.122454
0.116146
0.115035
0.114236
0.112153
0.113437
0.109433
1.57105e-255
0.109931
0.112141
0.109074
0.1039
0.101991
0.0962153
0.104144
0.098287
0.0939699
0.0994097
1.57105e-255
0.0787269
0.0797106
0.0797454
0.0828241
0.0746875
0.0859144
0.0749421
0.0729282
0.0720255
0.0720602
1.57105e-255
0.0866204
0.0820833
0.0848032
0.0755093
0.0859722
0.0770486
0.078206
0.0818056
0.0716551
0.0722569
1.57105e-255
0.0689699
0.0640856
0.0597801
0.0642245
0.0617361
0.0639468
0.0648148
0.0617593
0.0587269
0.0577546
1.57105e-255
0.0620833
0.0588657
0.0586574
0.0612731
0.0580556
0.0551852
0.0567824
0.0534144
0.0540509
0.0518403
1.57105e-255
0.0576505
0.0559028
0.0521991
0.0509838
0.0501968
0.0535532
0.048206
0.0477778
0.0469097
0.0470949
1.57105e-255
0.0462384
0.0431366
0.0447685
0.0432755
0.0423958
0.0420139
0.0412269
0.0413889
0.0398148
0.0390394
1.57105e-255
0.0465972
0.0451505
0.0437153
0.0407292
0.0403125
0.0409606
0.0390625
0.0398264
0.0383681
0.0377546
1.57105e-255
0.0246412
0.023287
0.0249306
0.0239005
0.0230324
0.0220486
0.0219097
0.0247917
0.0224537
0.0209028
1.57105e-255
0.0185764
0.0164931
0.0167708
0.0172917
0.0158912
0.0162616
0.015162
0.0152083
0.0162037
0.0150347
1.57105e-255
0.0207755
0.0201157
0.0190972
0.0180903
0.0194329
0.0175
0.0191898
0.0179745
0.0174074
0.0184028
1.57105e-255
0.0232292
0.0219097
0.022581
0.0214236
0.0218981
0.0213426
0.0218056
0.0207639
0.0212384
0.0204167
1.57105e-255
0.0231134
0.0210069
0.0200463
0.0203009
0.0212153
0.0200463
0.0189236
0.0208565
0.0190972
0.0192014
1.57105e-255
0.0175694
0.0173148
0.0173958
0.0165625
0.0173264
0.016412
0.0165278
0.0164468
0.0156944
0.0162963
1.57105e-255
0.0197569
0.0186227
0.0178472
0.0197801
0.0195486
0.0191319
0.0168981
0.0173264
0.0172222
0.0173148
1.57105e-255
0.019375
0.0183333
0.0183681
0.0180903
0.0179398
0.0179051
0.0176736
0.0178125
0.0177662
0.0186111
1.57105e-255
0.0182523
0.016713
0.0166435
0.0166667
0.0166319
0.0164815
0.0163889
0.0165856
0.0163542
0.0165625
1.57105e-255
0.00715278
0.00715278
0.006875
0.0059838
0.00631944
0.00613426
0.00582176
0.00652778
0.00642361
0.00592593
1.57105e-255
0.00486111
0.00456019
0.004375
0.00423611
0.00460648
0.00424769
0.00422454
0.00436343
0.00409722
0.00416667
1.57105e-255
0.00402778
0.00409722
0.00420139
0.00684028
0.00359954
0.00349537
0.00347222
0.0034375
0.00358796
0.0037037
1.57105e-255
0.00253472
0.0027662
0.00244213
0.00538194
0.00229167
0.00215278
0.00217593
0.00207176
0.00202546
0.00215278
1.57105e-255
0.00231481
0.00207176
0.00204861
0.00201389
0.00519676
0.00253472
0.00204861
0.00196759
0.00201389
0.00202546
1.57105e-255
0.00149306
0.00145833
0.00142361
0.00146991
0.00140046
0.00144676
0.00138889
0.00134259
0.00453704
0.00144676
1.57105e-255
0.0049537
0.00170139
0.00166667
0.00175926
0.0018287
0.00175926
0.00170139
0.00174769
0.00222222
0.00159722
1.57105e-255
0.00884259
0.00950231
0.00871528
0.00876157
0.0118287
0.00875
0.00913194
0.00872685
0.00866898
0.0084375
1.57105e-255
0.00871528
0.00842593
0.0087963
0.00875
0.00877315
0.008125
0.011331
0.00840278
0.00814815
0.00833333
1.57105e-255
0.00694444
0.00680556
0.00693287
0.00665509
0.00950231
0.00658565
0.00677083
0.00652778
0.00635417
0.00640046
1.57105e-255
0.00989583
0.00934028
0.00923611
0.0096412
0.0124074
0.00927083
0.00930556
0.00939815
0.00993056
0.00918981
1.57105e-255
0.0074537
0.00773148
0.00711806
0.00724537
0.0071875
0.0071875
0.00722222
0.00709491
0.00694444
0.0071875
1.57105e-255
0.00319444
0.00332176
0.00315972
0.00315972
0.00329861
0.00297454
0.00347222
0.00302083
0.00291667
0.00297454
1.57105e-255
0.0111111
0.010081
0.0110764
0.0109375
0.0110995
0.0100694
0.0105093
0.0109606
0.0103472
0.0107639
1.57105e-255
0.0104398
0.00991898
0.0096412
0.0106829
0.00998843
0.00960648
0.00935185
0.00940972
0.00951389
0.00945602
1.57105e-255
0.0200231
0.0202431
0.0198264
0.0200463
0.0200579
0.0192014
0.0198958
0.0196412
0.0198495
0.0191319
1.57105e-255
0.0173495
0.0176736
0.0180556
0.0160417
0.0162037
0.0167014
0.0176273
0.0162153
0.0156829
0.0156944
1.57105e-255
0.0139352
0.0140509
0.0128125
0.0137616
0.0126968
0.0137731
0.013669
0.0122685
0.0135301
0.0121528
1.57105e-255
0.0119792
0.0131944
0.0126042
0.0124884
0.0124306
0.0118634
0.0115625
0.011794
0.0113542
0.0113426
1.57105e-255
0.0159838
0.0151389
0.0150231
0.0157986
0.0152546
0.0155903
0.014456
0.0140046
0.0142477
0.0148032
1.57105e-255
0.00878472
0.00864583
0.00888889
0.00875
0.00842593
0.00840278
0.00835648
0.00888889
0.00846065
0.00836806
1.57105e-255
0.025625
0.0229282
0.0231481
0.0256944
0.0218056
0.0215856
0.022037
0.0213889
0.0210764
0.0206829
1.57105e-255
0.0372917
0.0344444
0.0339931
0.0331597
0.0335417
0.0341319
0.0332523
0.0321065
0.0317014
0.0311343
1.57105e-255
0.0454745
0.0456481
0.0434954
0.0461458
0.0430556
0.0423032
0.0409375
0.0407292
0.0404745
0.0419792
1.57105e-255
0.0451736
0.0415741
0.0418056
0.040625
0.0398843
0.0389931
0.0405208
0.0402778
0.0380093
0.0383912
1.57105e-255
0.0442708
0.0448843
0.0465509
0.0433102
0.0444792
0.0430787
0.041875
0.0412153
0.0405787
0.0423958
1.57105e-255
0.044375
0.0421875
0.040787
0.041412
0.0411458
0.0399769
0.0397569
0.0381597
0.0396528
0.038669
1.57105e-255
0.0477778
0.0462153
0.0463079
0.0453009
0.0447222
0.0436458
0.0440856
0.043287
0.0428819
0.0434491
1.57105e-255
0.0441319
0.0434375
0.0428009
0.0419792
0.0419329
0.0390856
0.0402199
0.0397222
0.0386111
0.0407292
1.57105e-255
0.0421181
0.0424653
0.0439236
0.0424884
0.0414699
0.0416204
0.0417361
0.0409606
0.0406481
0.0392361
1.57105e-255
0.0575347
0.0584028
0.0597454
0.0569444
0.0568634
0.0546528
0.055787
0.0559144
0.0552431
0.0552778
1.57105e-255
0.0675579
0.0633565
0.0676736
0.0663194
0.0664236
0.0626389
0.0618519
0.0617593
0.0609259
0.0610764
1.57105e-255
0.0665972
0.0657523
0.0668287
0.0613657
0.0602315
0.0628819
0.0628819
0.0596875
0.0590278
0.0610764
1.57105e-255
0.06375
0.064375
0.0635995
0.0630208
0.0615162
0.0617593
0.0625
0.0611343
0.0601505
0.0616319
1.57105e-255
0.0650694
0.065081
0.065787
0.0642014
0.0635995
0.0621528
0.0639583
0.062662
0.0624306
0.0615625
1.57105e-255
0.064294
0.0646759
0.0656944
0.0628009
0.0638542
0.0645949
0.0619097
0.0608681
0.0609722
0.0630787
1.57105e-255
0.0611806
0.0603356
0.0567245
0.0577778
0.0586921
0.0591667
0.0556134
0.0555208
0.0561111
0.0547222
1.57105e-255
0.0553819
0.0558565
0.0543519
0.0540972
0.0549306
0.053287
0.0521412
0.0523958
0.0511458
0.0516204
1.57105e-255
0.0555208
0.0531597
0.0541204
0.0544792
0.0523264
0.0530671
0.0519329
0.0513773
0.051875
0.0506944
1.57105e-255
0.0545023
0.0560185
0.0539815
0.0525
0.0516551
0.0521528
0.0512847
0.0501042
0.0488194
0.0514468
1.57105e-255
0.0405556
0.041713
0.03875
0.0383681
0.0402431
0.0384954
0.0378704
0.036875
0.036794
0.0376736
1.57105e-255
0.033206
0.0321412
0.0321875
0.0310995
0.0307292
0.0306597
0.0308218
0.0313542
0.031412
0.0302431
1.57105e-255
0.0278819
0.026875
0.0272106
0.0264931
0.026875
0.0269097
0.0260648
0.0264931
0.0259144
0.0255787
1.57105e-255
0.0247917
0.0253935
0.0245833
0.0239931
0.0241204
0.0234954
0.0239815
0.0238773
0.0233333
0.02375
1.57105e-255
0.0244097
0.0249074
0.025162
0.0248958
0.0241204
0.0230787
0.0230208
0.0227778
0.0227778
0.02375
1.57105e-255
0.0213889
0.0218981
0.0211343
0.0206366
0.0197222
0.0213194
0.0202315
0.0205208
0.0200347
0.0196412
1.57105e-255
0.0243171
0.0228356
0.0230208
0.0224537
0.0220833
0.0225347
0.0226736
0.022419
0.021875
0.0218056
1.57105e-255
0.0133565
0.0128125
0.0130903
0.0133681
0.0125579
0.0124537
0.0125926
0.0123611
0.0122685
0.0121528
1.57105e-255
0.014294
0.0133218
0.013912
0.0136458
0.0125116
0.0131597
0.0121875
0.0120486
0.0121181
0.0120486
1.57105e-255
0.0107986
0.0104514
0.0105556
0.0103009
0.0107639
0.00993056
0.00949074
0.0101968
0.00953704
0.00953704
1.57105e-255
0.0247106
0.0250231
0.0242014
0.0253009
0.0245139
0.023588
0.0238194
0.0236111
0.0228125
0.0230208
1.57105e-255
0.0179167
0.0173148
0.0168634
0.0163773
0.0171875
0.0166319
0.0162616
0.015787
0.0153125
0.0160069
1.57105e-255
0.00923611
0.00908565
0.00881944
0.00885417
0.00898148
0.00894676
0.00888889
0.00829861
0.00809028
0.00796296
1.57105e-255
0.00649306
0.00662037
0.00627315
0.00635417
0.00586806
0.00615741
0.00613426
0.00642361
0.00577546
0.0055787
1.57105e-255
0.0218866
0.0199653
0.0207523
0.0198958
0.0208565
0.0197917
0.0193056
0.0191551
0.0196528
0.0191667
1.57105e-255
0.0162731
0.0159606
0.016169
0.0160069
0.0158912
0.0155324
0.0152315
0.0148611
0.0149306
0.0150694
1.57105e-255
0.0103472
0.0102778
0.0103819
0.0100231
0.00993056
0.010162
0.0102662
0.00989583
0.009375
0.00969907
1.57105e-255
0.0135995
0.0132639
0.0138194
0.012037
0.0131481
0.0115509
0.0136458
0.0124537
0.0119213
0.0121181
1.57105e-255
0.0211227
0.0186111
0.0204861
0.0203356
0.0185995
0.0181597
0.0185417
0.0190972
0.0182986
0.0181481
1.57105e-255
0.0283565
0.0270139
0.0256944
0.0259954
0.0267245
0.0256829
0.0261343
0.0255556
0.0250116
0.0255556
1.57105e-255
0.039919
0.0410417
0.0381597
0.0387269
0.0378125
0.0380093
0.0392014
0.0372106
0.0373958
0.0374306
1.57105e-255
0.10728
0.113704
0.106875
0.104699
0.101516
0.100764
0.102049
0.101829
0.0993634
0.0995486
1.57105e-255
0.163785
0.162465
0.155162
0.160764
0.157581
0.154433
0.153495
0.152396
0.1525
0.150799
1.57105e-255
0.21985
0.218391
0.217419
0.214688
0.218924
0.212616
0.210822
0.20941
0.208646
0.209306
1.57105e-255
0.297373
0.29831
0.30375
0.294051
0.295706
0.296227
0.290729
0.291458
0.290741
0.29206
1.57105e-255
0.373611
0.372106
0.37206
0.360625
0.366516
0.361632
0.362014
0.357836
0.361181
0.36419
1.57105e-255
0.430995
0.424306
0.418912
0.429063
0.421227
0.429132
0.422639
0.417905
0.416319
0.416701
1.57105e-255
0.530764
0.520197
0.513044
0.514711
0.513808
0.506898
0.51566
0.506748
0.507697
0.506262
1.57105e-255
0.617512
0.614977
0.627801
0.608021
0.613206
0.609398
0.608877
0.607072
0.604363
0.60265
1.57105e-255
0.615799
0.607037
0.611111
0.615417
0.619919
0.598067
0.607153
0.593356
0.598044
0.596042
1.57105e-255
0.690197
0.684051
0.679884
0.664861
0.672801
0.667315
0.667616
0.671169
0.66706
0.660984
1.57105e-255
0.767535
0.780718
0.768333
0.766956
0.757037
0.758681
0.760104
0.758831
0.763854
0.752419
1.57105e-255
0.805417
0.801609
0.798819
0.796308
0.794549
0.79559
0.786829
0.78912
0.787222
0.784479
1.57105e-255
0.822326
0.821632
0.820231
0.806076
0.811481
0.808079
0.806146
0.803264
0.803912
0.81338
1.57105e-255
0.771933
0.764097
0.760255
0.764086
0.763229
0.759583
0.757743
0.752361
0.754306
0.757176
1.57105e-255
0.809572
0.803044
0.797419
0.798958
0.790949
0.795556
0.789896
0.788264
0.78809
0.787141
1.57105e-255
0.780775
0.773148
0.772315
0.772222
0.76441
0.771771
0.767326
0.76169
0.762604
0.757465
1.57105e-255
0.780312
0.772731
0.767905
0.766354
0.763704
0.769977
0.762743
0.760648
0.763426
0.759306
1.57105e-255
0.804734
0.805312
0.804086
0.78875
0.791701
0.792604
0.787836
0.786215
0.783565
0.781076
1.57105e-255
0.806539
0.796273
0.795521
0.802616
0.789375
0.800405
0.796655
0.786181
0.787998
0.782662
1.57105e-255
0.799838
0.801343
0.795394
0.78706
0.79515
0.791319
0.786343
0.785012
0.783125
0.780972
1.57105e-255
0.795613
0.797454
0.797882
0.793611
0.784421
0.795405
0.775347
0.788785
0.779641
0.783715
1.57105e-255
0.765312
0.755336
0.766528
0.760833
0.76147
0.757986
0.748461
0.746979
0.742176
0.742778
1.57105e-255
0.753125
0.744514
0.744051
0.742072
0.733958
0.735833
0.735069
0.73478
0.731968
0.726539
1.57105e-255
0.763299
0.755475
0.752986
0.751493
0.752558
0.74206
0.748808
0.739201
0.745521
0.741215
1.57105e-255
0.759711
0.757454
0.746771
0.751852
0.743403
0.740972
0.754167
0.746134
0.741065
0.736042
1.57105e-255
0.730313
0.727454
0.73309
0.721146
0.732558
0.71309
0.720347
0.712778
0.716898
0.708692
1.57105e-255
0.707963
0.684363
0.700023
0.68978
0.690023
0.686435
0.687477
0.697072
0.673762
0.686042
1.57105e-255
0.732153
0.727384
0.716354
0.723738
0.716088
0.725799
0.724965
0.711528
0.707419
0.712801
1.57105e-255
0.758981
0.751551
0.748299
0.758542
0.74809
0.743322
0.741181
0.737685
0.740648
0.740787
1.57105e-255
0.749491
0.745509
0.739653
0.73566
0.743391
0.739201
0.740231
0.731493
0.733437
0.732002
1.57105e-255
0.747037
0.738079
0.732882
0.726574
0.73353
0.72934
0.735938
0.726632
0.725822
0.724016
1.57105e-255
0.767558
0.774062
0.764618
0.761319
0.755255
0.759097
0.754329
0.750787
0.749722
0.750093
1.57105e-255
0.722731
0.722454
0.722778
0.714259
0.724745
0.698796
0.698218
0.698333
0.705162
0.702303
1.57105e-255
0.699722
0.70191
0.700174
0.688021
0.676505
0.684537
0.683947
0.688461
0.687917
0.681238
1.57105e-255
0.658657
0.659028
0.659896
0.648981
0.653484
0.650035
0.64735
0.644144
0.648738
0.642419
1.57105e-255
0.718437
0.704502
0.708438
0.723403
0.709757
0.697002
0.699653
0.70162
0.693171
0.692245
1.57105e-255
0.715532
0.707164
0.704815
0.702326
0.695961
0.699977
0.693819
0.695058
0.690613
0.688264
1.57105e-255
0.6525
0.642847
0.646424
0.636181
0.638056
0.62838
0.625637
0.629537
0.634711
0.623299
1.57105e-255
0.623762
0.611736
0.626505
0.616586
0.610995
0.603218
0.604884
0.598345
0.594896
0.593993
1.57105e-255
0.663194
0.652998
0.640278
0.645035
0.637674
0.628056
0.624178
0.635312
0.626991
0.621169
1.57105e-255
0.629294
0.628912
0.634583
0.621829
0.612975
0.607141
0.61522
0.599236
0.606343
0.596562
1.57105e-255
0.586655
0.586644
0.598495
0.582755
0.568044
0.565058
0.568877
0.569375
0.578692
0.567523
1.57105e-255
0.58066
0.56434
0.569491
0.561019
0.566736
0.550671
0.544097
0.566539
0.546759
0.542593
1.57105e-255
0.501424
0.51235
0.497812
0.489363
0.49309
0.494097
0.477674
0.477442
0.483056
0.472257
1.57105e-255
0.481736
0.505961
0.485625
0.501493
0.502025
0.47978
0.484965
0.492153
0.465544
0.466169
1.57105e-255
0.477905
0.476505
0.463866
0.461655
0.47478
0.477488
0.462627
0.458692
0.452824
0.451007
1.57105e-255
0.4914
0.478345
0.483507
0.466042
0.466528
0.470035
0.464676
0.460197
0.45669
0.461424
1.57105e-255
0.431088
0.420729
0.423993
0.408345
0.419931
0.401829
0.412824
0.411852
0.402639
0.408171
1.57105e-255
0.368507
0.370556
0.354132
0.34566
0.362685
0.350475
0.343854
0.33816
0.344537
0.337454
1.57105e-255
0.401007
0.381111
0.385081
0.361354
0.373762
0.385069
0.364248
0.359664
0.362407
0.35537
1.57105e-255
0.411644
0.407025
0.404687
0.422199
0.401516
0.395741
0.399769
0.387523
0.390347
0.39066
1.57105e-255
0.403646
0.407905
0.406157
0.408067
0.399433
0.387072
0.395046
0.393449
0.381655
0.378113
1.57105e-255
0.426563
0.420995
0.429074
0.414549
0.405602
0.41485
0.40647
0.404456
0.405718
0.404352
1.57105e-255
0.412002
0.413368
0.417975
0.402523
0.397222
0.399525
0.406516
0.390972
0.392188
0.390069
1.57105e-255
0.363021
0.352292
0.364155
0.346516
0.351354
0.356898
0.350532
0.344514
0.350451
0.347002
1.57105e-255
0.335185
0.325498
0.341516
0.336782
0.316343
0.320799
0.324155
0.311447
0.3186
0.313137
1.57105e-255
0.433229
0.423403
0.421065
0.451725
0.410417
0.406701
0.412674
0.420127
0.408924
0.39897
1.57105e-255
0.455625
0.440023
0.432546
0.449861
0.416331
0.429595
0.41559
0.429317
0.40765
0.407269
1.57105e-255
0.379907
0.386644
0.384734
0.365787
0.362269
0.35419
0.366227
0.377014
0.350359
0.349282
1.57105e-255
0.39985
0.39478
0.402106
0.390741
0.373565
0.375486
0.358669
0.366412
0.36816
0.361829
1.57105e-255
0.33515
0.328368
0.335255
0.324433
0.309792
0.308437
0.296447
0.2975
0.305405
0.302083
1.57105e-255
0.283032
0.27015
0.280706
0.266447
0.255046
0.266667
0.253843
0.263414
0.240509
0.237488
1.57105e-255
0.235671
0.223831
0.212257
0.227986
0.213507
0.201481
0.196563
0.197789
0.187396
0.183623
1.57105e-255
0.177002
0.158623
0.1711
0.161979
0.161319
0.137824
0.141667
0.135532
0.145949
0.146574
1.57105e-255
0.116782
0.123646
0.122315
0.11581
0.111053
0.0996644
0.100336
0.102454
0.0998264
0.093206
1.57105e-255
0.0897917
0.0846875
0.078287
0.0868287
0.0695023
0.0782986
0.0738079
0.0672454
0.0698495
0.0704977
1.57105e-255
0.0575231
0.0607176
0.0584144
0.0538889
0.0580093
0.053044
0.0443634
0.0447222
0.0405093
0.0476968
1.57105e-255
0.0360995
0.0389352
0.0378704
0.029213
0.0269676
0.0276505
0.029919
0.0345718
0.0314005
0.0330787
1.57105e-255
0.0225926
0.0234028
0.0212037
0.0177083
0.0207292
0.0204514
0.0181019
0.0150694
0.0162153
0.0157639
1.57105e-255
0.0238889
0.0237153
0.0211111
0.0220139
0.0195486
0.019375
0.0216782
0.0208218
0.0204745
0.0194792
1.57105e-255
0.014375
0.0148611
0.0131597
0.0134606
0.0119097
0.0131829
0.0104167
0.0137616
0.0111806
0.0110764
1.57105e-255
0.0522917
0.0495718
0.0483681
0.0496412
0.0495486
0.0481944
0.048125
0.0482986
0.0476505
0.0470833
1.57105e-255
0.118472
0.118854
0.117986
0.112546
0.114514
0.112211
0.110648
0.114201
0.110208
0.110208
1.57105e-255
0.125602
0.126111
0.120995
0.12735
0.124306
0.118333
0.124167
0.127836
0.119618
0.116424
1.57105e-255
0.0889699
0.08625
0.0888194
0.0884028
0.0865625
0.0843634
0.085
0.0853125
0.0846412
0.0836921
1.57105e-255
0.0523958
0.05375
0.052419
0.0515625
0.0523032
0.0521875
0.0521759
0.0514583
0.0513194
0.0513426
1.57105e-255
0.0712847
0.0629861
0.0644907
0.0630208
0.0633912
0.0646181
0.063669
0.0606019
0.0601736
0.0609722
1.57105e-255
0.0832292
0.0822569
0.0834491
0.0843056
0.0834954
0.0803009
0.0776389
0.0784954
0.0743403
0.0738194
1.57105e-255
0.0934259
0.0930903
0.0854282
0.0917593
0.0904514
0.0858681
0.0848958
0.0834144
0.0843403
0.0845139
1.57105e-255
0.0306019
0.0290856
0.0289931
0.0294329
0.0305556
0.02875
0.0288194
0.0304398
0.0301736
0.02875
1.57105e-255
0.00479167
0.00479167
0.00376157
0.00375
0.00375
0.00380787
0.00357639
0.00376157
0.00413194
0.00373843
1.57105e-255
0.0108333
0.0102431
0.0106366
0.0106829
0.00936343
0.00939815
0.0090625
0.00902778
0.00899306
0.00895833
1.57105e-255
0.0383681
0.0372917
0.0371875
0.035625
0.0351505
0.0351157
0.0354398
0.0349884
0.0351042
0.0353472
1.57105e-255
0.164734
0.159236
0.159479
0.158704
0.15728
0.157951
0.157836
0.156528
0.156181
0.155938
1.57105e-255
0.32434
0.321794
0.324549
0.317431
0.317778
0.314977
0.311424
0.311563
0.316157
0.310544
1.57105e-255
0.323484
0.321933
0.32044
0.314792
0.322685
0.313183
0.3111
0.308762
0.313704
0.30794
1.57105e-255
0.251875
0.248993
0.245706
0.25309
0.246944
0.246412
0.249919
0.243854
0.247049
0.243056
1.57105e-255
0.199583
0.195937
0.199745
0.197535
0.195208
0.194444
0.194051
0.194074
0.194965
0.195197
1.57105e-255
0.073912
0.0749074
0.0753472
0.0741551
0.0737847
0.0717014
0.0731019
0.0730556
0.0725694
0.0712847
1.57105e-255
0
0
0
0
0
0.000162037
1.15741e-05
0.000162037
5.78704e-05
0.000138889
1.57105e-255
0.00189815
0.00197917
0.00148148
0.00146991
0.00173611
0.00142361
0.00143519
0.00142361
0.00142361
0.00142361
1.57105e-255
0
0
0
0
0
0.000162037
0.000162037
1.15741e-05
0.000138889
5.78704e-05
1.57105e-255
0.000162037
0
0.000520833
0
5.78704e-05
0
0
1.15741e-05
0
4.62963e-05
1.57105e-255
0.000162037
0.000138889
0
0
0
0
0.000162037
5.78704e-05
0
1.15741e-05
1.57105e-255
0.000162037
0.000520833
1.15741e-05
0
0
0
0
0
5.78704e-05
4.62963e-05
1.57105e-255
0
0
0.000162037
0
0
0.000138889
1.15741e-05
0.000162037
0
5.78704e-05
1.57105e-255
0
0.000520833
5.78704e-05
0
0
0.000162037
0
1.15741e-05
4.62963e-05
0
1.57105e-255
5.78704e-05
0
0.000162037
0.000162037
0
0
0.000138889
0
1.15741e-05
0
1.57105e-255
0.000243056
0.000266204
0.000763889
0.000208333
0
0
0.000162037
0.000208333
4.62963e-05
1.15741e-05
1.57105e-255
5.78704e-05
1.15741e-05
0
0.000162037
0.000138889
0.000162037
0
0
0
0
1.57105e-255
1.15741e-05
0
0
0
0
0.000520833
0.000162037
0
5.78704e-05
4.62963e-05
1.57105e-255
0.00302083
0.00300926
0.00288194
0.00288194
0.00304398
0.00288194
0.00288194
0.00288194
0.00297454
0.00282407
1.57105e-255
0.0526389
0.0510764
0.0497106
0.04875
0.0490741
0.0482986
0.0494097
0.0478356
0.0476389
0.0478588
1.57105e-255
0.0630556
0.0601389
0.0625
0.0583912
0.0590972
0.0591088
0.0579514
0.0568634
0.0569676
0.05625
1.57105e-255
0.0938542
0.0937384
0.0922106
0.0880903
0.0928241
0.0893403
0.0873264
0.0866319
0.0871181
0.0865741
1.57105e-255
0.17434
0.174097
0.177292
0.169815
0.169201
0.167512
0.171458
0.166447
0.168403
0.16537
1.57105e-255
0.217164
0.213299
0.214016
0.208785
0.20794
0.204201
0.207118
0.204479
0.201528
0.201678
1.57105e-255
0.20985
0.214167
0.204583
0.202396
0.208519
0.200694
0.201701
0.200475
0.198322
0.197049
1.57105e-255
0.215706
0.209931
0.210613
0.210347
0.203299
0.202199
0.203356
0.20184
0.206285
0.199861
1.57105e-255
0.216597
0.209479
0.206343
0.209896
0.209468
0.210428
0.208194
0.20434
0.205139
0.202731
1.57105e-255
0.24559
0.238611
0.237975
0.242164
0.235694
0.234028
0.236296
0.230313
0.229931
0.227905
1.57105e-255
0.261377
0.25934
0.268218
0.262361
0.258183
0.257083
0.256146
0.256701
0.261076
0.252998
1.57105e-255
0.273958
0.273819
0.270741
0.263495
0.259896
0.261238
0.263924
0.270625
0.257743
0.256956
1.57105e-255
0.285625
0.289549
0.280347
0.276134
0.276042
0.272315
0.280799
0.274144
0.270891
0.277604
1.57105e-255
0.308171
0.302326
0.29794
0.29375
0.296736
0.298507
0.290683
0.290347
0.293067
0.290174
1.57105e-255
0.275891
0.271215
0.268125
0.262766
0.269907
0.267083
0.260162
0.263819
0.260208
0.262674
1.57105e-255
0.301944
0.295984
0.289537
0.303507
0.300625
0.294201
0.293021
0.282569
0.281794
0.285775
1.57105e-255
0.321181
0.318229
0.309711
0.315139
0.313356
0.305833
0.310347
0.310255
0.305243
0.303808
1.57105e-255
0.406852
0.393472
0.393495
0.396042
0.402882
0.397234
0.399271
0.389294
0.388125
0.385868
1.57105e-255
0.422917
0.425347
0.414641
0.41559
0.408275
0.409757
0.41294
0.406065
0.417326
0.406944
1.57105e-255
0.413171
0.401493
0.405243
0.40544
0.403565
0.409757
0.408472
0.395799
0.397257
0.397164
1.57105e-255
0.399514
0.400139
0.400231
0.392512
0.39184
0.388681
0.38037
0.385903
0.385162
0.380417
1.57105e-255
0.441458
0.443866
0.431285
0.433056
0.431933
0.44044
0.424387
0.427292
0.431667
0.421736
1.57105e-255
0.492836
0.48544
0.4814
0.48059
0.483322
0.475891
0.478102
0.470405
0.470775
0.471725
1.57105e-255
0.518299
0.523194
0.519745
0.529109
0.515417
0.508958
0.512419
0.505347
0.503125
0.500845
1.57105e-255
0.548067
0.534792
0.525718
0.540544
0.517882
0.524965
0.526991
0.517535
0.510417
0.512535
1.57105e-255
0.549097
0.551736
0.534954
0.542755
0.530926
0.542593
0.53287
0.52559
0.519861
0.525324
1.57105e-255
0.558924
0.548264
0.541759
0.546667
0.545509
0.540868
0.547917
0.533831
0.528773
0.528472
1.57105e-255
0.573264
0.587049
0.569097
0.557315
0.56206
0.571354
0.568264
0.548171
0.553646
0.546262
1.57105e-255
0.559074
0.549051
0.544757
0.544537
0.53456
0.520613
0.536412
0.529537
0.522141
0.519838
1.57105e-255
0.54669
0.537211
0.542442
0.546863
0.52353
0.520174
0.519641
0.529931
0.513241
0.508356
1.57105e-255
0.531458
0.544965
0.541343
0.534884
0.54059
0.534583
0.516806
0.521435
0.512106
0.515312
1.57105e-255
0.558368
0.547315
0.56272
0.528148
0.54919
0.537847
0.536354
0.520706
0.527998
0.520417
1.57105e-255
0.517569
0.508252
0.502569
0.508437
0.498854
0.49581
0.482465
0.485
0.493333
0.47787
1.57105e-255
0.500972
0.485046
0.475405
0.48515
0.490949
0.480567
0.463438
0.464282
0.468275
0.456863
1.57105e-255
0.450961
0.445451
0.458368
0.44316
0.447581
0.427477
0.42022
0.422847
0.43331
0.435833
1.57105e-255
0.42647
0.415069
0.406632
0.411157
0.408067
0.403102
0.405417
0.388588
0.394433
0.393299
1.57105e-255
0.454479
0.456782
0.431701
0.429618
0.440278
0.427708
0.414479
0.410764
0.425926
0.417326
1.57105e-255
0.401516
0.394907
0.397199
0.40066
0.386019
0.380139
0.376574
0.377894
0.366262
0.374537
1.57105e-255
0.38787
0.383576
0.391667
0.368623
0.3661
0.360289
0.374479
0.35434
0.348704
0.346505
1.57105e-255
0.333449
0.339387
0.329988
0.317743
0.325799
0.31463
0.321713
0.321331
0.310301
0.304074
1.57105e-255
0.30897
0.301516
0.310567
0.305903
0.27956
0.290764
0.291921
0.282859
0.27309
0.280637
1.57105e-255
0.263773
0.266944
0.26816
0.253889
0.25897
0.256053
0.256273
0.246921
0.249873
0.242778
1.57105e-255
0.352049
0.350868
0.351146
0.313924
0.334873
0.329248
0.315926
0.321053
0.331146
0.303843
1.57105e-255
0.280336
0.279676
0.279792
0.26412
0.255359
0.258229
0.262928
0.256921
0.27
0.264664
1.57105e-255
