0.1125
0.109583
0.10625
0.111562
0.120729
0.128229
0.133021
0.141667
0.140729
0.151042
0.152917
0.153021
0.154792
0.157083
0.154479
0.158646
0.160312
0.157917
0.159062
0.164583
0.166458
0.1675
0.173611
0.171528
0.173924
0.174444
0.175694
0.179549
0.181875
0.179583
0.185729
0.186562
0.188021
0.187292
0.190694
0.190521
0.191632
0.193264
0.195937
0.195625
0.197813
0.196354
0.198437
0.199375
0.195799
0.2025
0.202187
0.204792
0.204479
0.203229
0.205208
0.202917
0.209167
0.209896
0.213229
0.215938
0.218333
0.221562
0.224479
0.225938
0.226667
0.230833
0.231771
0.230521
0.228472
0.226146
0.225833
0.225
0.227396
0.223542
0.222604
0.222604
0.221354
0.223264
0.221146
0.223438
0.224583
0.224896
0.2275
0.226736
0.228437
0.234687
0.238958
0.241667
0.250208
0.261562
0.267292
0.276771
0.283889
0.289792
0.291042
0.289375
0.295278
0.30309
0.306771
0.307604
0.311111
0.314375
0.31625
0.314375
0.311563
0.312083
0.305521
0.305312
0.305104
0.306458
0.303368
0.297431
0.302083
0.312292
0.309167
0.320521
0.325382
0.325486
0.327535
0.330729
0.327813
0.333819
0.333437
0.34625
0.344271
0.343125
0.345938
0.346562
0.342187
0.338646
0.339792
0.339062
0.341667
0.346042
0.345625
0.346042
0.347604
0.349826
0.353368
0.354687
0.358264
0.361354
0.368333
0.364375
0.364896
0.365312
0.364583
0.364896
0.359479
0.355521
0.355938
0.355625
0.355208
0.356979
0.355521
0.353229
0.3525
0.352396
0.354375
0.350104
0.345
0.341979
0.34125
0.3375
0.338958
0.340625
0.337187
0.336875
0.333646
0.332292
0.336771
0.329896
0.324167
0.322361
0.328993
0.323958
0.321458
0.324583
0.323437
0.320521
0.319167
0.317639
0.319618
0.318264
0.31941
0.31566
0.313889
0.315417
0.313021
0.309583
0.308854
0.308542
0.310521
0.311875
0.310104
0.308299
0.307812
0.307292
0.310729
0.307604
0.306042
0.301458
0.300833
0.303021
0.303021
0.302604
0.302535
0.300347
0.301667
0.302187
0.3025
0.302083
0.304583
0.304792
0.30434
0.304479
0.305625
0.305312
0.304792
0.303854
0.301771
0.302604
0.303854
0.304583
0.303021
0.305208
0.305104
0.307292
0.307188
0.307188
0.306458
0.305903
0.305625
0.307188
0.308125
0.308333
0.310417
0.307708
0.30816
0.307778
0.306424
0.305799
0.304028
0.309132
0.306319
0.307396
0.307708
0.308021
0.305417
0.30625
0.305
0.311354
0.311354
0.311875
0.308958
0.306875
0.307188
0.308958
0.308229
0.305937
0.305833
0.305312
0.306667
0.308333
0.307431
0.310312
0.31125
0.311146
0.310417
0.308437
0.307812
0.309479
0.309583
0.305833
0.305833
0.306563
0.306458
0.306146
0.306563
0.306563
0.304688
0.309896
0.30875
0.313576
0.31691
0.319063
0.3225
0.326667
0.327708
0.331146
0.339306
0.339583
0.340833
0.339687
0.340313
0.339167
0.3375
0.337187
0.335729
0.335208
0.3325
0.331771
0.328021
0.325937
0.322292
0.319167
0.318507
0.315833
0.316181
0.314792
0.317188
0.313229
0.309375
0.311771
0.314271
0.316146
0.317812
0.3175
0.316146
0.31375
0.312812
0.313125
0.311146
0.31125
0.308125
0.309375
0.307292
0.308125
0.306667
0.305208
0.30559
0.306424
0.306319
0.307778
0.309063
0.309792
0.309583
0.309688
0.309375
0.309271
0.309167
0.310069
0.308403
0.308715
0.308646
0.308958
0.311979
0.314271
0.315521
0.319271
0.316458
0.320521
0.321458
0.321771
0.318854
0.320417
0.319167
0.31875
0.318507
0.318854
0.319375
0.3175
0.316146
0.316667
0.316979
0.317604
0.317292
0.319896
0.321562
0.321562
0.320625
0.319375
0.318958
0.31875
0.319896
0.323437
0.321562
0.320937
0.320625
0.316563
0.317188
0.316563
0.315417
0.312812
0.312188
0.312917
0.3125
0.314375
0.318229
0.321667
0.323542
0.326458
0.326042
0.328542
0.331458
0.334479
0.332708
0.332292
0.343958
0.343125
0.341354
0.341771
0.342604
0.340313
0.342917
0.341042
0.345104
0.350521
0.351562
0.354479
0.360729
0.365417
0.371458
0.382257
0.386042
0.395729
0.402187
0.404271
0.408958
0.414792
0.414062
0.414479
0.421563
0.42625
0.4275
0.432917
0.428333
0.436667
0.44875
0.450521
0.458125
0.463021
0.464375
0.472083
0.481563
0.486771
0.493854
0.501042
0.504062
0.509479
0.513958
0.513542
0.51375
0.513125
0.516667
0.521667
0.519062
0.519479
0.514062
0.5175
0.515417
0.51625
0.511771
0.512604
0.516563
0.518333
0.515312
0.518958
0.522396
0.526042
0.538958
0.545
0.54375
0.546875
0.553542
0.55625
0.552188
0.558333
0.562604
0.561667
0.561562
0.562396
0.559688
0.571493
0.575104
0.574271
0.572187
0.570625
0.570104
0.572917
0.5725
0.572396
0.575313
0.570937
0.576285
0.577187
0.576458
0.579375
0.57875
0.577708
0.578333
0.577187
0.5775
0.579688
0.579688
0.580313
0.583056
0.58059
0.5825
0.580937
0.585417
0.580417
0.5775
0.582083
0.587187
0.591979
0.597083
0.596458
0.606042
0.607708
0.611979
0.614896
0.625104
0.627604
0.630208
0.632604
0.634062
0.643229
0.6425
0.646979
0.648646
0.644687
0.648646
0.645312
0.652917
0.651146
0.652465
0.64875
0.649479
0.647917
0.650833
0.650104
0.654167
0.6525
0.65375
0.65
0.649896
0.64875
0.650625
0.655
0.653194
0.650486
0.652083
0.651736
0.655104
0.656771
0.656042
0.652396
0.639687
0.641875
0.641146
0.638958
0.637813
0.641146
0.64125
0.640833
0.639896
0.638854
0.638229
0.640312
0.640625
0.641042
0.639896
0.640104
0.64125
0.641146
0.640729
0.638646
0.635521
0.634167
0.627188
0.630729
0.631458
0.629687
0.629687
0.633646
0.636285
0.638229
0.640417
0.643542
0.641875
0.64625
0.647708
0.649375
0.651667
0.654896
0.658125
0.657917
0.65875
0.658646
0.661875
0.664167
0.666042
0.666146
0.667813
0.668542
0.668229
0.670208
0.673333
0.675729
0.676354
0.68
0.683229
0.688854
0.693542
0.696146
0.702083
0.701979
0.70625
0.707917
0.713437
0.717396
0.714688
0.719063
0.722708
0.723333
0.726562
0.729271
0.730625
0.732187
0.735208
0.73625
0.736875
0.746563
0.748333
0.748437
0.750625
0.750208
0.751563
0.751875
0.752188
0.751875
0.752708
0.753021
0.754687
0.758056
0.758958
0.756771
0.758229
0.758437
0.75875
0.758437
0.75875
0.758333
0.756667
0.757812
0.757188
0.756458
0.764896
0.764896
0.761979
0.762083
0.763021
0.771563
0.774375
0.773021
0.772813
0.775
0.769687
0.769792
0.769896
0.770938
0.770625
0.772604
0.773125
0.773542
0.776354
0.776563
0.776354
0.776042
0.775208
0.776042
0.776354
0.775521
0.775104
0.775625
0.775521
0.775312
0.774375
0.774687
0.778438
0.778125
0.778646
0.775521
0.774167
0.778229
0.7775
0.778333
0.779896
0.777292
0.780937
0.779826
0.780104
0.780417
0.778542
0.777917
0.777708
0.777604
0.775625
0.776042
0.781007
0.779549
0.779132
0.778299
0.777882
0.777361
0.779653
0.780694
0.778021
0.777292
0.778125
0.779167
0.781354
0.780104
0.779687
0.779792
0.779896
0.780729
0.779375
0.780104
0.780208
0.781042
0.780521
0.780729
0.783542
0.783542
0.78375
0.784479
0.785208
0.784167
0.785729
0.785104
0.785625
0.785312
0.785625
0.787083
0.786875
0.785521
0.785
0.783125
0.782917
0.78375
0.783646
0.783646
0.783438
0.783229
0.784479
0.784375
0.785208
0.784896
0.78625
0.7825
0.784062
0.784375
0.785208
0.783438
0.782708
0.782396
0.782292
0.7825
0.78125
0.780937
0.780625
0.780625
0.783333
0.783333
0.783958
0.784062
0.78375
0.784375
0.783438
0.782917
0.782604
0.783542
0.784271
0.784167
0.782257
0.782674
0.783194
0.778958
0.779583
0.779896
0.779792
0.779792
0.781667
0.782292
0.783125
0.782292
0.782292
0.782396
0.779479
0.778854
0.778021
0.78
0.784479
0.785868
0.79066
0.791042
0.793333
0.792813
0.795729
0.795417
0.798854
0.800521
0.800833
0.802813
0.805937
0.806458
0.805937
0.805208
0.804583
0.804479
0.803542
0.806667
0.807396
0.809167
0.81
0.80941
0.808368
0.809063
0.808229
0.806875
0.806562
0.805
0.807292
0.808854
0.809896
0.809479
0.809792
0.81
0.811667
0.812083
0.8125
0.812187
0.812292
0.812083
0.811771
0.811667
0.811875
0.811042
0.810937
0.810208
0.811771
0.811146
0.810104
0.810312
0.809583
0.809896
0.805625
0.806562
0.804792
0.805521
0.805
0.804688
0.803854
0.80375
0.803438
0.802917
0.802917
0.803021
0.802604
0.803542
0.803125
0.803646
0.802188
0.802083
0.802188
0.802813
0.802604
0.802917
0.803542
0.802813
0.802708
0.8025
0.801979
0.803125
0.804479
0.804583
0.805104
0.805
0.803021
0.805
0.805
0.803438
0.804063
0.803229
0.804167
0.802396
0.801562
0.8025
0.803021
0.802396
0.802813
0.80125
0.801146
0.801042
0.802813
0.802396
0.802708
0.803021
0.802813
0.803021
0.802604
0.802604
0.803646
0.805
0.804271
0.803542
0.803958
0.802083
0.800312
0.801562
0.800104
0.800937
0.801771
0.8
0.8
0.801354
0.799687
0.8
0.799583
0.799792
0.796562
0.794479
0.795833
0.794167
0.794375
0.793333
0.794757
0.794167
0.794271
0.796875
0.7975
0.79625
0.795937
0.797708
0.797917
0.798438
0.802396
0.802292
0.804271
0.802083
0.802813
0.804063
0.805417
0.804375
0.805625
0.805729
0.806146
0.807083
0.808125
0.8075
0.807708
0.8075
0.807604
0.808542
0.809167
0.809167
0.808021
0.807917
0.808229
0.807187
0.807813
0.807917
0.805625
0.805833
0.805833
0.805729
0.806667
0.805833
0.806458
0.808542
0.807396
0.80875
0.808646
0.80875
0.809271
0.811042
0.810312
0.810729
0.809271
0.809271
0.808854
0.813646
0.810729
0.813854
0.812361
0.812049
0.815694
0.814965
0.813819
0.814028
0.812674
0.813819
0.810069
0.810382
0.809861
0.809757
0.809653
0.809653
0.80934
0.810278
0.810486
0.810278
0.809028
0.808715
0.808715
0.808715
0.811042
0.810937
0.811354
0.810312
0.810208
0.80875
0.803125
0.802292
0.805208
0.805729
0.806875
0.806354
0.805521
0.804583
0.804375
0.804167
0.803438
0.803646
0.803854
0.802917
0.8025
0.803542
0.80375
0.803854
0.803958
0.804167
0.802917
0.801771
0.802813
0.802708
0.8025
0.803854
0.803438
0.803438
0.803958
0.801562
0.800417
0.800208
0.801354
0.801354
0.802083
0.801562
0.801458
0.801667
0.802292
0.801146
0.802604
0.801042
0.801771
0.802396
0.802604
0.802083
0.801875
0.801458
0.801458
0.801771
0.802396
0.801875
0.801042
0.801771
0.800208
0.800521
0.8025
0.801667
0.8025
0.802708
0.802813
0.803438
0.803542
0.802708
0.803021
0.802917
0.801771
0.801979
0.8025
0.802396
0.8025
0.8025
0.802917
0.801979
0.803021
0.797813
0.795521
0.794271
0.796458
0.797396
0.799896
0.800625
0.800208
0.800937
0.801979
0.801667
0.801042
0.802083
0.803125
0.803229
0.803021
0.803021
0.803333
0.803646
0.804167
0.803542
0.806042
0.807292
0.807396
0.807708
0.803438
0.80375
0.803125
0.804688
0.803958
0.803333
0.802292
0.799063
0.798125
0.800937
0.797708
0.79875
0.798542
0.799792
0.798542
0.799687
0.801458
0.798125
0.801562
0.803229
0.801979
0.80375
0.805
0.806354
0.804375
0.80125
0.801875
0.799896
0.800625
0.801354
0.802604
0.804583
0.803229
0.804479
0.806389
0.808021
0.803333
0.804896
0.801771
0.803438
0.802708
0.800312
0.800312
0.800937
0.800208
0.801042
0.803021
0.8025
0.803958
0.803438
0.799687
0.798854
0.801354
0.799583
0.7975
0.799271
0.795937
0.794479
0.793854
0.795833
0.794687
0.794063
0.795312
0.794896
0.795417
0.795208
0.796562
0.799271
0.798229
0.801042
0.799896
0.800833
0.798021
0.798229
0.800208
0.801042
0.801458
0.803229
0.801458
0.802708
0.803958
0.805729
0.805729
0.805833
0.806146
0.805937
0.805729
0.806076
0.805312
0.804896
0.80375
0.805833
0.805625
0.806146
0.806354
0.805729
0.80625
0.806562
0.807187
0.807083
0.802604
0.803646
0.803403
0.803819
0.805382
0.805903
0.806424
0.806528
0.806944
0.805694
0.80559
0.803958
0.8025
0.803438
0.803194
0.804549
0.806632
0.80559
0.80559
0.806736
0.807882
0.807153
0.806111
0.807396
0.8075
0.813646
0.811667
0.811771
0.812917
0.813438
0.813958
0.814583
0.814583
0.813021
0.813854
0.814583
0.813125
0.814375
0.813438
0.813646
0.815417
0.813438
0.812813
0.813438
0.812396
0.815521
0.816458
0.817396
0.815521
0.815937
0.812604
0.813854
0.812813
0.814271
0.813333
0.813542
0.81375
0.811458
0.812708
0.814375
0.814479
0.814583
0.815729
0.815312
0.816667
0.816875
0.816562
0.816354
0.814479
0.813021
0.812187
0.813229
0.812083
0.811562
0.811146
0.81625
0.814479
0.819479
0.817292
0.817813
0.819688
0.819271
0.820312
0.820312
0.819896
0.819375
0.82
0.819792
0.820104
0.819896
0.819479
0.818333
0.819688
0.820417
0.820208
0.819792
0.820208
0.819583
0.819792
0.819271
0.8075
0.808438
0.806771
0.806354
0.805521
0.804479
0.804479
0.809375
0.807396
0.80875
0.808646
0.806458
0.807083
0.806354
0.806042
0.807396
0.805521
0.803229
0.801979
0.805937
0.802813
0.804688
0.804792
0.805
0.805
0.803125
0.803229
0.804479
0.804375
0.805312
0.807813
0.808333
0.806458
0.807083
0.806771
0.807604
0.806979
0.808542
0.808333
0.808021
0.808958
0.810521
0.812778
0.811146
0.811146
0.809167
0.810729
0.808333
0.807396
0.80684
0.808021
0.809271
0.811458
0.809688
0.808542
0.808333
0.807361
0.806667
0.80625
0.806562
0.807187
0.809063
0.809479
0.810312
0.809167
0.810729
0.809063
0.810521
0.810833
0.809688
0.807396
0.806667
0.807604
0.806458
0.807187
0.801875
0.802361
0.802153
0.80309
0.803646
0.802396
0.801458
0.800208
0.801146
0.797917
0.799792
0.798333
0.800833
0.800312
0.800729
0.800625
0.801736
0.802882
0.802188
0.801632
0.802257
0.799444
0.801076
0.799931
0.800208
0.801042
0.801979
0.799479
0.800625
0.802083
0.802708
0.80191
0.802813
0.804896
0.803021
0.804167
0.805937
0.806528
0.807882
0.809896
0.812222
0.814688
0.815625
0.817187
0.820521
0.819757
0.823229
0.822396
0.825729
0.827917
0.827049
0.83125
0.832292
0.833542
0.8375
0.840625
0.841667
0.845938
0.849757
0.850069
0.85184
0.857396
0.858125
0.862257
0.865729
0.868437
0.872986
0.874062
0.873646
0.876979
0.878819
0.878021
0.881146
0.881667
0.880938
0.880451
0.881354
0.882882
0.882674
0.879549
0.878125
0.87375
0.871146
0.873229
0.872292
0.87
0.869167
0.873021
0.875313
0.875694
0.868021
0.866354
0.864097
0.865
0.860521
0.867292
0.860521
0.855417
0.859444
0.864375
0.860486
0.86375
0.866354
0.866771
0.867396
0.87125
0.8725
0.871563
0.869167
0.866979
0.866875
0.871424
0.868958
0.866528
0.865521
0.861528
0.864688
0.858924
0.858958
0.858021
0.860521
0.866354
0.863958
0.863646
0.865139
0.859896
0.857639
0.86875
0.865417
0.861979
0.849688
0.849549
0.852882
0.855313
0.854271
0.852049
0.831319
0.829063
0.824861
0.817049
0.811979
0.814271
0.814063
0.811562
0.810208
0.807396
0.805764
0.80375
0.797847
0.792118
0.795417
0.788646
0.791076
0.789653
0.788021
0.785625
0.777639
0.779028
0.78066
0.778785
0.782188
0.780312
0.785382
0.782465
0.774792
0.776042
0.775
0.765764
0.767778
0.758889
0.765312
0.759375
0.764132
0.760069
0.773854
0.761458
0.763437
0.766944
0.767708
0.765625
0.766458
0.766458
0.765417
0.770833
0.775764
0.779931
0.789687
0.786875
0.785451
0.788785
0.789167
0.783438
0.783819
0.784687
0.782917
0.781146
0.782188
0.781146
0.775521
0.776042
0.775833
0.773958
0.765764
0.763368
0.764583
0.762396
0.763194
0.767813
0.759167
0.758958
0.760833
0.764167
0.772292
0.767118
0.774792
0.772083
0.766771
0.764375
0.766146
0.774896
0.78691
0.786701
0.790937
0.786354
0.788229
0.785625
0.778438
0.777708
0.772396
0.769583
0.767292
0.770312
0.767083
0.762813
0.755521
0.753958
0.750313
0.75875
0.754271
0.747292
0.74625
0.748611
0.749236
0.753924
0.749236
0.751181
0.752847
0.7525
0.748854
0.751979
0.750208
0.744896
0.741701
0.740243
0.732292
0.725521
0.713542
0.704132
0.693438
0.684688
0.680521
0.677292
0.683056
0.679826
0.675451
0.680694
0.677083
0.677396
0.684271
0.688299
0.680729
0.681042
0.689618
0.683229
0.684583
0.680312
0.688125
0.705139
0.697812
0.695903
0.685625
0.690139
0.689826
0.684653
0.68625
0.683333
0.677917
0.683021
0.693333
0.701319
0.701771
0.702951
0.705799
0.699896
0.714583
0.734896
0.733958
0.739479
0.747535
0.731042
0.72625
0.728646
0.726042
0.72875
0.724792
0.73309
0.733611
0.733542
0.733333
0.732361
0.732674
0.728924
0.727708
0.723507
0.724618
0.72809
0.720938
0.717951
0.721458
0.722917
0.723229
0.72309
0.725313
0.722292
0.704479
0.702292
0.706562
0.705382
0.697118
0.697187
0.689271
0.690903
0.691458
0.691771
0.691979
0.687882
0.673403
0.659792
0.65375
0.648264
0.642882
0.648958
0.646146
0.637708
0.637813
0.635104
0.639653
0.644722
0.649479
0.649687
0.658854
0.659375
0.670104
0.665556
0.666215
0.697917
0.682083
0.679792
0.707812
0.703333
0.700313
0.695833
0.741146
0.739062
0.745313
0.737396
0.748229
0.755104
0.75375
0.755486
0.756771
0.752465
0.753958
0.750104
0.74625
0.745208
0.747083
0.742396
0.73875
0.735
0.729271
0.717604
0.720729
0.717604
0.716562
0.71934
0.707361
0.703715
0.703715
0.698646
0.687049
0.682396
0.673576
0.672049
0.674826
0.670556
0.669514
0.667778
0.662014
0.661458
0.659583
0.653056
0.648785
0.647188
0.642153
0.639896
0.634687
0.625729
0.617083
0.60625
0.604583
0.601875
0.603993
0.597396
0.599167
0.596042
0.584479
0.581146
0.573819
0.564965
0.559444
0.56934
0.564444
0.578299
0.580799
0.581875
0.575625
0.569792
0.565694
0.559479
0.552917
0.550069
0.545625
0.540833
0.53441
0.528646
0.526354
0.52316
0.520312
0.522535
0.51559
0.517778
0.522014
0.516181
0.519375
0.51691
0.5075
0.497396
0.495521
0.491701
0.498437
0.490208
0.484826
0.479479
0.4675
0.459062
0.446146
0.443125
0.435312
0.434028
0.426215
0.419028
0.414861
0.405451
0.39625
0.389688
0.384167
0.371667
0.372917
0.368958
0.359687
0.355938
0.363264
0.361806
0.361979
0.364375
0.355208
0.356979
0.352083
0.344757
0.356042
0.355729
0.350868
0.352604
0.357535
0.355764
0.354792
0.354097
0.350972
0.344792
0.346146
0.348507
0.362257
0.361736
0.364132
0.379861
0.392674
0.402778
0.414236
0.425278
0.443194
0.44934
0.457361
0.459549
0.472257
0.47
0.475486
0.480868
0.491424
0.489097
0.487187
0.488299
0.491701
0.497188
0.492465
0.489687
0.498611
0.511563
0.515868
0.526771
0.522396
0.51316
0.515833
0.507222
0.50191
0.494479
0.482812
0.479687
0.476875
0.480799
0.482917
0.478299
0.477326
0.471701
0.475729
0.460625
0.460938
0.441319
0.43375
0.421667
0.424271
0.417812
0.41434
0.409583
0.393437
0.383229
0.388264
0.362917
0.365868
0.365694
0.355625
0.35
0.349792
0.345486
0.336771
0.339583
0.326875
0.325521
0.320625
0.315
0.317361
0.294549
0.281285
0.268403
0.257396
0.240868
0.240937
0.227292
0.219479
0.212292
0.202014
0.193229
0.186354
0.181181
0.173507
0.171944
0.163576
0.152431
0.144375
0.138437
0.133021
0.127917
0.123229
0.117813
0.111771
0.105833
0.102118
0.0990972
0.0971528
0.0970486
0.0962153
0.0976736
0.0976736
0.0951736
0.0947917
0.0918056
0.0900347
0.0903125
0.0892708
0.08875
0.101111
0.0946528
0.0904861
0.0886806
0.085625
0.0839583
0.0827778
0.0787153
0.0780903
0.0769444
0.0764236
0.0767361
0.0768403
0.0751736
0.0728819
0.0730903
0.08375
0.0907292
0.107292
0.13
0.14
0.160625
0.177708
0.191042
0.211771
0.238021
0.241563
0.260833
0.281562
0.292812
0.312917
0.336979
0.3475
0.367917
0.390937
0.396562
0.40625
0.421563
0.427083
0.44809
0.450313
0.452396
0.451458
0.449583
0.446146
0.438021
0.421458
0.416563
0.405625
0.399479
0.387917
0.369375
0.373299
0.360104
0.368507
0.367396
0.352083
0.346562
0.343958
0.337153
0.3225
0.317188
0.309479
0.294375
0.286875
0.270278
0.270035
0.261597
0.255208
0.247604
0.233854
0.233333
0.215625
0.201354
0.18875
0.172396
0.162257
0.155694
0.146458
0.133437
0.130312
0.129444
0.128438
0.119896
0.107569
0.104063
0.100417
0.0880208
0.08
0.0758333
0.0672917
0.0589583
0.0567708
0.0496181
0.0522222
0.0517014
0.0503472
0.0492014
0.05125
0.0471181
0.0518056
0.0502083
0.0465625
0.0426042
0.0422917
0.0397917
0.0397917
0.0385417
0.0407292
0.0427083
0.0428125
0.0417708
0.0450694
0.0474653
0.0514236
0.0599653
0.0635417
0.07375
0.0870833
0.09125
0.101146
0.112187
0.118646
0.130938
0.147257
0.156944
0.175625
0.184792
0.192292
0.207917
0.221042
0.229271
0.24375
0.264688
0.27
0.288333
0.304167
0.312604
0.33
0.337187
0.354479
0.369167
0.383854
0.393542
0.41
0.413646
0.414687
0.419479
0.420799
0.416979
0.417083
0.417083
0.413021
0.4175
0.409896
0.408785
0.405833
0.400417
0.403611
0.3925
0.382917
0.377917
0.367292
0.366563
0.366771
0.365833
0.350938
0.351215
0.3575
0.358646
0.361146
0.357674
0.360903
0.364271
0.360903
0.360486
0.360104
0.351771
0.34625
0.344062
0.341771
0.325521
0.326111
0.319236
0.313437
0.309271
0.292917
0.292118
0.289028
0.277535
0.259826
0.259201
0.244167
0.219479
0.211181
0.201597
0.189792
0.184479
0.171979
0.159896
0.148333
0.137083
0.130799
0.127812
0.121667
0.110937
0.101667
0.0897917
0.084375
0.0817708
0.0735417
0.06625
0.0605208
0.0577083
0.0514931
0.0520139
0.049375
0.0465625
0.0436458
0.0386458
0.0384375
0.0363542
0.0359375
0.0275
0.0253125
0.0227083
0.0259375
0.0260417
0.0263542
0.0277083
0.0227083
0.0223958
0.0211458
0.0198958
0.0206944
0.0207292
0.021875
0.0238542
0.02375
0.024375
0.0233333
0.0235417
0.0242708
0.0242708
0.0248958
0.0257292
0.0251042
0.0234375
0.023125
0.0215625
0.025625
0.0226042
0.0247917
0.0257292
0.0255208
0.0219792
0.0211458
0.0215625
0.0217708
0.023125
0.021875
0.0222917
0.0208333
0.0207292
0.0235417
0.0209375
0.0221875
0.0257292
0.0278125
0.0285417
0.0257292
0.025
0.024375
0.0289583
0.0294792
0.035625
0.0358333
0.0303125
0.0338542
0.0364583
0.0378125
0.0377083
0.0492708
0.0607292
0.0642708
0.0708333
0.0811458
0.0889931
0.0958333
0.109132
0.110833
0.112812
0.113437
0.114479
0.11684
0.121771
0.121042
0.126771
0.122188
0.126389
0.14125
0.138437
0.139687
0.144792
0.146458
0.150208
0.152257
0.158438
0.156458
0.1575
0.165
0.167083
0.163646
0.164375
0.172917
0.175313
0.186458
0.189792
0.182188
0.189167
0.19441
0.187083
0.177049
0.174063
0.16625
0.162188
0.162812
0.156979
0.155312
0.154132
0.139653
0.130312
0.126771
0.123229
0.125764
0.123785
0.123264
0.120347
0.117222
0.116597
0.109826
0.109201
0.113542
0.108854
0.108542
0.103229
0.0971875
0.0965625
0.0912153
0.0930208
0.0848958
0.0764583
0.0810417
0.0847917
0.08125
0.0753125
0.0733333
0.066875
0.0634722
0.0588889
0.0521875
0.0464583
0.0498958
0.0487153
0.0428472
0.0417708
0.0419097
0.0403472
0.0441667
0.0432292
0.0398958
0.0372917
0.0410764
0.0388889
0.0400347
0.0469097
0.0445833
0.0497917
0.0503125
0.0475
0.0510417
0.0551042
0.0560417
0.0591667
0.0566667
0.0535417
0.0570833
0.0542708
0.0540625
0.0546875
0.0522917
0.0522917
0.0538542
0.0467708
0.0459375
0.0451042
0.0434375
0.0390625
0.0459375
0.0589583
0.0763194
0.0808333
0.0969444
0.107604
0.111458
0.117083
0.120521
0.122813
0.124375
0.131667
0.127188
0.128229
0.133958
0.132188
0.133854
0.130312
0.128646
0.123021
0.122153
0.122778
0.128021
0.128854
0.128021
0.133333
0.132153
0.126146
0.11875
0.108229
0.105486
0.0961458
0.0940625
0.0933333
0.0819792
0.075
0.0685417
0.063125
0.0529167
0.05
0.040625
0.0347917
0.0315625
0.02625
0.0194792
0.0210417
0.021875
0.0234375
0.0220833
0.02875
0.0397917
0.0439583
0.0702083
0.0813542
0.0865625
0.0885417
0.0858333
0.0860417
0.0842708
0.0851736
0.0847917
0.0877083
0.0878125
0.0886458
0.0867708
0.0909375
0.0933333
0.0952083
0.0963542
0.0961458
0.094375
0.101667
0.1
0.0989583
0.106667
0.109063
0.111736
0.1
0.0961458
0.0915625
0.0867708
0.0807292
0.0730208
0.0678125
0.0686458
0.0611458
0.0575
0.0576042
0.0516667
0.0485417
0.0454167
0.04
0.03625
0.0327083
0.0352083
0.0379167
0.0378125
0.0408333
0.0441667
0.0457292
0.0482292
0.0486458
0.0516667
0.0528125
0.0547917
0.0555208
0.0553125
0.0566667
0.0565625
0.0559375
0.058125
0.0586458
0.0607292
0.0630208
0.0605208
0.0614583
0.0628125
0.0641667
0.0659375
0.068125
0.0665625
0.0641667
0.0629167
0.059375
0.06125
0.0660417
0.0689583
0.0789583
0.085
0.0901042
0.101979
0.110417
0.114271
0.118542
0.117917
0.118333
0.120729
0.120208
0.124063
0.127188
0.128542
0.128646
0.131354
0.139896
0.138437
0.142396
0.141563
0.139063
0.143333
0.146563
0.147917
0.146979
0.149688
0.150833
0.153958
0.159583
0.161667
0.153958
0.16
0.162188
0.166667
0.164306
0.161562
0.160243
0.155938
0.155486
0.14125
0.136042
0.132847
0.123403
0.109271
0.107708
0.100312
0.0860417
0.0823958
0.0752083
0.0646875
0.0645833
0.0578125
0.0486111
0.0442708
0.0365625
0.0294792
0.0286458
0.0247917
0.0248958
0.0248958
0.0240625
0.0240625
0.0240625
0.0258333
0.0260417
0.0261458
0.0260417
0.0254167
0.0254167
0.0254167
0.0254167
0.0282292
0.0288542
0.0288542
0.0288542
0.0286458
0.0286458
0.0288542
0.0260417
0.0259375
0.0257292
0.0283333
0.0283333
0.0283333
0.0258333
0.0257292
0.0257292
0.0286458
0.0285417
0.0257292
0.0258333
0.0251042
0.0260417
0.0260417
0.0260417
0.0260417
0.0260417
0.0261458
0.0261458
0.0261458
0.0288542
0.0288542
0.0254167
0.0254167
0.0260417
0.0261458
0.0261458
0.0261458
0.0261458
0.0261458
0.0261458
0.0261458
0.0261458
0.0261458
0.0283333
0.0376042
0.0427083
0.0517708
0.0611458
0.06625
0.0725
0.0758333
0.0754167
0.0767708
0.0782292
0.0846875
0.0882292
0.098125
0.101771
0.110729
0.120833
0.129688
0.147396
0.16375
0.174063
0.186667
0.201667
0.199271
0.213958
0.231563
0.239063
0.245903
0.260313
0.265278
0.265799
0.271944
0.277569
0.285417
0.287917
0.287708
0.290417
0.288646
0.287917
0.279167
0.280382
0.277465
0.275417
0.271424
0.26934
0.272951
0.266632
0.262708
0.259688
0.262847
0.261146
0.253125
0.260937
0.254132
0.241771
0.232708
0.229167
0.226562
0.225521
0.226007
0.223819
0.211458
0.210208
0.200382
0.188542
0.182396
0.179688
0.170972
0.165
0.157083
0.147708
0.145104
0.132361
0.1225
0.121076
0.108056
0.107847
0.0983681
0.0922222
0.0808681
0.0772917
0.0780208
0.0786458
0.086875
0.0853125
0.0819792
0.0819792
0.0840625
0.0853125
0.0852083
0.0879167
0.0909375
0.0898958
0.0916667
0.0884375
0.0921181
0.0874306
0.0935417
0.0916667
0.0908333
0.0882639
0.0895833
0.0896875
0.0879167
0.0975
0.103646
0.114062
0.115
0.120625
0.124688
0.129792
0.134687
0.141563
0.143542
0.144687
0.149688
0.154062
0.152396
0.154896
0.155625
0.155417
0.152222
0.156562
0.154792
0.157708
0.161944
0.161667
0.158854
0.161146
0.163194
0.165937
0.168333
0.167917
0.169965
0.172396
0.169063
0.173021
0.171354
0.178125
0.182188
0.183021
0.184896
0.192083
0.186354
0.189688
0.18125
0.18566
0.187535
0.184931
0.187431
0.189931
0.187951
0.184792
0.189896
0.201042
0.205313
0.204132
0.204549
0.204375
0.209167
0.208542
0.215312
0.213646
0.219271
0.223438
0.215104
0.216771
0.21875
0.22
0.218438
0.212812
0.215729
0.216562
0.207708
0.214896
0.218333
0.216667
0.226458
0.220312
0.221146
0.225833
0.219688
0.225208
0.227083
0.222396
0.225521
0.219896
0.218333
0.223125
0.223021
0.222396
0.218958
0.221042
0.218854
0.216458
0.217292
0.215833
0.217014
0.216771
0.216562
0.21691
0.218472
0.214306
0.217326
0.214479
0.211771
0.214306
0.212535
0.21316
0.212743
0.215035
0.228646
0.229896
0.229583
0.227187
0.225521
0.22875
0.230937
0.226354
0.226562
0.230625
0.228542
0.229167
0.226979
0.230625
0.235625
0.238229
0.239792
0.2475
0.250833
0.253958
0.255937
0.255417
0.255625
0.25
0.251042
0.242292
0.242083
0.239167
0.23875
0.237708
0.232813
0.233958
0.235313
0.234792
0.233229
0.235521
0.231563
0.231146
0.23125
0.231458
0.227708
0.227049
0.226424
0.225382
0.227674
0.231806
0.235243
0.23875
0.242188
0.243125
0.249896
0.246806
0.247153
0.250312
0.250417
0.2525
0.258854
0.257812
0.255417
0.253854
0.247951
0.254549
0.256111
0.25691
0.255868
0.252951
0.254306
0.253924
0.254236
0.252986
0.252708
0.252917
0.254375
0.251042
0.254479
0.263542
0.262049
0.265417
0.263229
0.269271
0.265937
0.271181
0.268681
0.264896
0.265833
0.266667
0.267674
0.269479
0.270521
0.270937
0.268194
0.271736
0.271944
0.265903
0.266007
0.272778
0.271111
0.272257
0.275243
0.274861
0.261146
0.255937
0.255
0.253333
0.251771
0.258854
0.26
0.268125
0.270521
0.276562
0.287917
0.29816
0.307535
0.310972
0.322813
0.323333
0.331458
0.334444
0.33684
0.338819
0.346076
0.349896
0.359271
0.368125
0.374479
0.390729
0.400729
0.404792
0.412813
0.418542
0.426146
0.431354
0.434896
0.437083
0.444063
0.447917
0.450104
0.4575
0.464167
0.462708
0.464062
0.466979
0.468854
0.474062
0.484687
0.487083
0.491563
0.494861
0.495833
0.500625
0.522604
0.525312
0.524479
0.52
0.522708
0.528958
0.536354
0.541736
0.544479
0.549479
0.548958
0.554479
0.567187
0.572812
0.580313
0.582083
0.585833
0.593021
0.604479
0.61
0.617257
0.618507
0.620903
0.626736
0.632986
0.634028
0.635243
0.635764
0.641493
0.649931
0.659965
0.659549
0.659444
0.664826
0.657882
0.670069
0.684549
0.682257
0.68184
0.693715
0.694653
0.693715
0.693194
0.69434
0.695382
0.689965
0.689757
0.696319
0.69625
0.701771
0.70059
0.717812
0.710972
0.712326
0.701389
0.695035
0.705833
0.705104
0.705174
0.707674
0.710451
0.707917
0.708611
0.703993
0.702535
0.700278
0.697153
0.695382
0.692882
0.694618
0.697361
0.694861
0.700174
0.699236
0.705035
0.709201
0.706111
0.709028
0.712361
0.714549
0.719653
0.721806
0.723785
0.72941
0.730278
0.733368
0.734757
0.745
0.742292
0.740069
0.73934
0.741007
0.736007
0.731424
0.729028
0.727049
0.732361
0.735069
0.738924
0.749132
0.748819
0.752986
0.758507
0.757778
0.765486
0.769514
0.774375
0.780625
0.784028
0.784653
0.785069
0.78434
0.783819
0.780799
0.778924
0.777361
0.775278
0.776528
0.777257
0.777361
0.77559
0.775278
0.775278
0.770799
0.770278
0.765903
0.763819
0.764132
0.764653
0.763194
0.765174
0.763819
0.766424
0.769653
0.765208
0.763646
0.759653
0.758715
0.752986
0.752569
0.75309
0.751424
0.750174
0.751944
0.757361
0.754861
0.759618
0.757465
0.759618
0.76191
0.764722
0.765069
0.764132
0.763924
0.765278
0.76184
0.760521
0.767813
0.763715
0.765799
0.766319
0.766215
0.769028
0.768611
0.771944
0.771424
0.770347
0.770972
0.768924
0.767222
0.770347
0.768819
0.769965
0.772778
0.77309
0.774236
0.776632
0.778646
0.78125
0.779132
0.776701
0.777431
0.785556
0.778681
0.775972
0.782188
0.780174
0.78066
0.78441
0.778299
0.78059
0.777882
0.778889
0.77559
0.782986
0.779479
0.778611
0.784757
0.780278
0.784028
0.791597
0.792083
0.789479
0.791667
0.791562
0.794201
0.800972
0.80059
0.80059
0.805799
0.799826
0.800556
0.802951
0.803681
0.80441
0.804722
0.804618
0.804201
0.808368
0.803576
0.803993
0.804618
0.805174
0.804965
0.803924
0.80434
0.808403
0.808403
0.806944
0.806111
0.806632
0.806111
0.807465
0.807465
0.807361
0.809653
0.807361
0.806944
0.808819
0.805486
0.806528
0.805694
0.80684
0.809132
0.807569
0.80934
0.808924
0.808021
0.807986
0.808299
0.807569
0.80934
0.808924
0.80684
0.807674
0.807882
0.807882
0.807882
0.809444
0.811215
0.810486
0.811111
0.811007
0.811007
0.811528
0.807465
0.80684
0.807465
0.804861
0.804028
0.803194
0.80309
0.803194
0.803403
0.802778
0.810278
0.811944
0.812153
0.812465
0.811736
0.812674
0.811319
0.810694
0.810069
0.815799
0.816215
0.818403
0.818056
0.821007
0.819722
0.821632
0.820694
0.824028
0.82059
0.820278
0.825069
0.821632
0.826736
0.825174
0.826424
0.812535
0.811181
0.814618
0.814722
0.811597
0.811944
0.811632
0.811528
0.811458
0.810833
0.811111
0.809757
0.809653
0.809653
0.809688
0.80934
0.809792
0.808403
0.809236
0.808854
0.808194
0.807257
0.80684
0.807153
0.809271
0.810799
0.812049
0.811944
0.810278
0.810799
0.811424
0.811111
0.809201
0.80941
0.807847
0.806215
0.805069
0.806528
0.806215
0.802986
0.805069
0.806528
0.805799
0.807465
0.806528
0.804132
0.805799
0.805382
0.804653
0.806319
0.796111
0.795799
0.797153
0.79816
0.794965
0.794861
0.79809
0.797257
0.797049
0.798125
0.797292
0.795521
0.794479
0.796146
0.795417
0.795312
0.792222
0.794201
0.793681
0.793264
0.792847
0.793333
0.794063
0.794792
0.794167
0.789549
0.791111
0.791319
0.791215
0.791528
0.79125
0.791146
0.790903
0.78934
0.788299
0.78684
0.784028
0.785799
0.786215
0.784132
0.783819
0.785278
0.78434
0.783958
0.783958
0.782604
0.782674
0.781632
0.782257
0.780799
0.787778
0.787257
0.786944
0.787153
0.786319
0.786944
0.787882
0.786424
0.78684
0.786111
0.786528
0.786007
0.78559
0.786632
0.791424
0.793194
0.795278
0.798924
0.798715
0.79809
0.796736
0.795799
0.795069
0.793819
0.793299
0.795903
0.796319
0.794757
0.794965
0.795069
0.794236
0.792465
0.792153
0.791424
0.791944
0.792153
0.792049
0.791944
0.790069
0.791944
0.791528
0.789653
0.789965
0.790799
0.79059
0.790382
0.790382
0.786528
0.786528
0.787674
0.787569
0.788299
0.788646
0.789062
0.79125
0.788646
0.78875
0.78875
0.788819
0.791007
0.789861
0.791111
0.788924
0.788924
0.788819
0.792569
0.791528
0.793507
0.794792
0.795625
0.795521
0.794687
0.793958
0.793333
0.7925
0.788507
0.788403
0.786215
0.786215
0.785382
0.784549
0.785278
0.785694
0.783958
0.782083
0.779479
0.779687
0.779687
0.77875
0.777188
0.775937
0.776146
0.776424
0.776632
0.776007
0.778299
0.77809
0.777361
0.778194
0.777882
0.779965
0.778507
0.779549
0.779444
0.779132
0.776736
0.778715
0.777986
0.778438
0.779271
0.779653
0.779653
0.778924
0.779653
0.779549
0.781528
0.781528
0.780382
0.78059
0.780278
0.780278
0.77934
0.780069
0.780174
0.780799
0.783611
0.782465
0.782674
0.7825
0.7825
0.782813
0.782292
0.782292
0.782083
0.782986
0.782674
0.782743
0.782778
0.782882
0.782882
0.782778
0.782083
0.783438
0.783438
0.783438
0.783958
0.783854
0.783194
0.78309
0.78309
0.780903
0.781215
0.781528
0.781424
0.78
0.779687
0.780104
0.78
0.780208
0.782292
0.784271
0.784896
0.785
0.786979
0.787083
0.787083
0.7875
0.788021
0.787604
0.788021
0.787396
0.787396
0.787292
0.786458
0.786458
0.785833
0.783542
0.784896
0.784167
0.784167
0.784167
0.786458
0.786563
0.787396
0.791042
0.791458
0.790417
0.790729
0.790833
0.790833
0.791146
0.791562
0.791042
0.791146
0.790729
0.789792
0.789757
0.788611
0.789653
0.789687
0.789375
0.789687
0.791458
0.791562
0.791875
0.791875
0.792188
0.792292
0.792604
0.792396
0.792396
0.792813
0.792917
0.7925
0.789792
0.790417
0.786632
0.78559
0.78559
0.786181
0.785556
0.785347
0.785833
0.785833
0.786458
0.786563
0.787465
0.787813
0.788646
0.788854
0.788542
0.788403
0.787917
0.790208
0.796458
0.797813
0.797604
0.797813
0.797917
0.798542
0.797917
0.795729
0.796458
0.795937
0.796875
0.794167
0.794375
0.79625
0.799375
0.799063
0.798125
0.798229
0.796667
0.797813
0.804271
0.802292
0.803194
0.802604
0.802882
0.801319
0.800694
0.800903
0.800486
0.800312
0.800104
0.798958
0.799236
0.798715
0.798611
0.797361
0.794132
0.795382
0.796736
0.797049
0.798021
0.79691
0.796076
0.796007
0.795729
0.795625
0.794687
0.79375
0.792708
0.792604
0.782049
0.783125
0.781563
0.781563
0.782292
0.78184
0.781424
0.781458
0.782813
0.781771
0.783125
0.784583
0.783958
0.781354
0.781771
0.781944
0.782049
0.781319
0.780799
0.780799
0.779444
0.780278
0.780174
0.780278
0.78059
0.786632
0.78434
0.783299
0.786597
0.788681
0.789722
0.787639
0.787951
0.789931
0.788681
0.790035
0.788924
0.786319
0.791424
0.791528
0.789757
0.788507
0.790382
0.788819
0.788403
0.789549
0.788681
0.792118
0.789931
0.790035
0.789132
0.78934
0.789236
0.790174
0.792153
0.791632
0.789236
0.790382
0.791632
0.787986
0.786632
0.787049
0.788611
0.786319
0.786806
0.788889
0.789826
0.786632
0.784444
0.782569
0.783403
0.782778
0.783403
0.783194
0.783299
0.784306
0.782431
0.782465
0.781944
0.780903
0.778507
0.779132
0.782674
0.78059
0.78059
0.77934
0.779549
0.780208
0.78
0.779687
0.780104
0.779792
0.780208
0.781007
0.780903
0.781111
0.78184
0.781736
0.781215
0.781424
0.777569
0.777986
0.77875
0.780625
0.781736
0.779965
0.780799
0.781944
0.782083
0.7825
0.782604
0.783125
0.782917
0.783438
0.783854
0.784236
0.785382
0.78559
0.787569
0.788403
0.788819
0.789757
0.790174
0.790278
0.791111
0.792431
0.791632
0.791528
0.79184
0.792257
0.792778
0.792674
0.792361
0.793819
0.794722
0.794653
0.794618
0.793194
0.79375
0.793889
0.793264
0.790764
0.790833
0.791875
0.791736
0.793194
0.793021
0.790937
0.792604
0.7925
0.801319
0.798715
0.796528
0.796632
0.798715
0.798507
0.798403
0.798403
0.798507
0.798194
0.800799
0.80184
0.802882
0.804132
0.805486
0.804444
0.806424
0.806528
0.807153
0.807674
0.808194
0.80934
0.810069
0.810174
0.81059
0.812049
0.812014
0.811319
0.811736
0.811528
0.813924
0.814132
0.814132
0.814549
0.814132
0.813715
0.813715
0.813715
0.813507
0.811111
0.810382
0.811007
0.811007
0.81059
0.810799
0.810694
0.81309
0.811319
0.811424
0.811458
0.814236
0.812986
0.813715
0.814132
0.813611
0.811111
0.811042
0.812292
0.811146
0.811771
0.811875
0.81125
0.810521
0.810521
0.81125
0.811771
0.810625
0.81
0.810208
0.810104
0.811771
0.811146
0.810729
0.811042
0.811458
0.814965
0.81559
0.81559
0.815486
0.815174
0.815521
0.815625
0.815521
0.815486
0.816528
0.815799
0.815694
0.813924
0.813611
0.813715
0.815174
0.814444
0.814549
0.813715
0.813611
0.813507
0.813403
0.813611
0.813715
0.813819
0.815729
0.814271
0.814792
0.816354
0.81625
0.815104
0.815208
0.814583
0.815625
0.813993
0.815417
0.815312
0.815208
0.815208
0.814167
0.813854
0.813854
0.814271
0.815174
0.814861
0.814757
0.814861
0.814896
0.814757
0.815104
0.813229
0.81375
0.815729
0.814271
0.815104
0.814583
0.815208
0.815104
0.815521
0.815521
0.815312
0.816562
0.815833
0.815937
0.815521
0.816771
0.815625
0.815729
0.816562
0.816562
0.816562
0.815937
0.817187
0.816215
0.816146
0.820694
0.819444
0.819132
0.82
0.820208
0.820833
0.820625
0.820417
0.818646
0.820625
0.821354
0.821979
0.821771
0.822257
0.822049
0.821944
0.821632
0.821736
0.821944
0.821806
0.821806
0.822535
0.821076
0.820729
0.821146
0.818646
0.81625
0.816146
0.816354
0.816562
0.816562
0.816146
0.816354
0.81625
0.816562
0.816562
0.816562
0.812813
0.812813
0.812708
0.812708
0.8125
0.812708
0.812708
0.812708
0.81375
0.813958
0.814063
0.814167
0.814167
0.819167
0.817708
0.818854
0.816111
0.816007
0.815417
0.815417
0.81625
0.816458
0.818333
0.817708
0.817986
0.817882
0.818021
0.81875
0.819132
0.819028
0.818854
0.818368
0.818854
0.819653
0.818646
0.818854
0.818681
0.818611
0.818125
0.818542
0.818854
0.819375
0.818819
0.818924
0.818958
0.813542
0.813333
0.813542
0.813542
0.813438
0.813646
0.813646
0.81375
0.81375
0.81375
0.81375
0.813438
0.813646
0.813646
0.813542
0.813438
0.813333
0.813438
0.818646
0.817708
0.817604
0.817708
0.819618
0.819826
0.819167
0.818021
0.819063
0.818229
0.819479
0.819583
0.819583
0.819375
0.819271
0.819063
0.818924
0.819653
0.819861
0.820521
0.820521
0.819583
0.819063
0.819167
0.818125
0.823542
0.821979
0.822257
0.822292
0.822604
0.824514
0.823785
0.82191
0.819896
0.820937
0.821771
0.818646
0.81941
0.818264
0.817604
0.816667
0.816667
0.817604
0.81875
0.819653
0.820174
0.820486
0.821424
0.818819
0.818403
0.824792
0.823438
0.823646
0.823229
0.822917
0.823438
0.825208
0.825313
0.824688
0.822396
0.822812
0.822604
0.822187
0.820486
0.818403
0.818542
0.818646
0.819132
0.819167
0.81934
0.821111
0.820903
0.822153
0.822326
0.821562
0.824063
0.821667
0.821944
0.820208
0.821042
0.820625
0.82375
0.825625
0.827257
0.830069
0.829444
0.830174
0.833438
0.833021
0.833333
0.836354
0.834688
0.837083
0.838333
0.839063
0.840104
0.836979
0.838854
0.841667
0.84375
0.843125
0.849375
0.851979
0.851354
0.853125
0.856667
0.857812
0.858646
0.853958
0.856563
0.859479
0.860521
0.862292
0.8625
0.865313
0.868958
0.8725
0.875729
0.876354
0.881424
0.881146
0.882396
0.886458
0.888958
0.891667
0.883437
0.889167
0.888958
0.891111
0.890833
0.8925
0.892396
0.89559
0.896042
0.901979
0.901979
0.906042
0.906458
0.913958
0.915799
0.914479
0.921042
0.922396
0.921458
0.920451
0.919687
0.920382
0.92059
0.922188
0.921632
0.925208
0.924896
0.920625
0.919792
0.919583
0.916944
0.915
0.915312
0.909583
0.908125
0.9075
0.894896
0.889479
0.889375
0.880104
0.873507
0.867674
0.86559
0.857917
0.859583
0.841076
0.840417
0.849618
0.826875
0.825313
0.817639
0.82
0.812708
0.805521
0.786146
0.782396
0.787604
0.796562
0.797569
0.793715
0.78684
0.773993
0.766701
0.767569
0.770521
0.770625
0.768542
0.775729
0.767951
0.774722
0.780764
0.782049
0.779444
0.773403
0.778611
0.773542
0.779062
0.773125
0.773854
0.7725
0.774271
0.773611
0.771424
0.770938
0.771146
0.778542
0.782326
0.783576
0.786771
0.791771
0.787188
0.793681
0.793333
0.794167
0.796875
0.797882
0.796771
0.803125
0.790625
0.792743
0.782639
0.784236
0.798229
0.805069
0.802569
0.798611
0.799271
0.795347
0.795069
0.791806
0.794167
0.796944
0.80441
0.798438
0.794896
0.785521
0.780729
0.787917
0.783056
0.787604
0.796042
0.786042
0.78691
0.781528
0.780174
0.770521
0.771146
0.778229
0.771215
0.757604
0.757917
0.759479
0.765486
0.758194
0.759722
0.764549
0.758299
0.754444
0.757465
0.756007
0.752188
0.748264
0.744896
0.74
0.743264
0.741042
0.743542
0.745625
0.746979
0.744375
0.726424
0.725729
0.724792
0.72875
0.720729
0.725486
0.721146
0.72625
0.72316
0.726042
0.731042
0.722083
0.720903
0.715938
0.716979
0.71316
0.711111
0.712326
0.710417
0.718542
0.707292
0.715208
0.718715
0.72125
0.712361
0.711042
0.711076
0.704896
0.70875
0.698854
0.689167
0.695
0.692292
0.694097
0.679688
0.672604
0.674132
0.671632
0.672083
0.664375
0.667326
0.668542
0.671875
0.675312
0.667813
0.659792
0.658958
0.662188
0.662604
0.653229
0.653368
0.648646
0.647188
0.640729
0.647813
0.648229
0.650451
0.646146
0.64375
0.639687
0.630694
0.628021
0.625521
0.617188
0.639687
0.628229
0.640208
0.639687
0.638021
0.647708
0.648785
0.652083
0.648646
0.639271
0.633229
0.632083
0.628611
0.625104
0.617569
0.61691
0.613854
0.615521
0.620104
0.620417
0.61316
0.620278
0.609583
0.610139
0.616667
0.618646
0.620313
0.617396
0.614271
0.617743
0.627083
0.62875
0.637847
0.637743
0.640104
0.649271
0.651493
0.646771
0.651528
0.648438
0.647188
0.652396
0.664792
0.663958
0.672396
0.679306
0.674167
0.672188
0.679861
0.670833
0.679444
0.683194
0.685625
0.683125
0.675625
0.670729
0.669896
0.668333
0.659375
0.660417
0.658438
0.658264
0.655625
0.653125
0.650417
0.645312
0.648646
0.652222
0.657708
0.656458
0.663854
0.661563
0.656042
0.654375
0.665208
0.670764
0.666458
0.659792
0.658125
0.647917
0.644167
0.641875
0.638542
0.634167
0.631458
0.629132
0.623958
0.617604
0.605938
0.600938
0.592153
0.589757
0.593681
0.59934
0.600174
0.611389
0.624861
0.629792
0.655937
0.668021
0.676771
0.689583
0.691042
0.693715
0.697674
0.705417
0.703819
0.710139
0.710382
0.706528
0.7175
0.719549
0.721042
0.730486
0.724583
0.725208
0.739792
0.738472
0.74125
0.751354
0.765312
0.766771
0.762396
0.768021
0.772222
0.76559
0.757604
0.752188
0.736771
0.730208
0.731632
0.726875
0.730104
0.732882
0.723125
0.715417
0.694375
0.700313
0.694549
0.693368
0.678958
0.678542
0.672396
0.675
0.671667
0.664097
0.667396
0.669757
0.672188
0.642153
0.638437
0.640938
0.645799
0.644931
0.638542
0.641979
0.637396
0.633958
0.635382
0.63934
0.638542
0.638854
0.647569
0.640208
0.644514
0.642049
0.637917
0.633229
0.633819
0.635417
0.619965
0.616563
0.61875
0.6025
0.600104
0.601875
0.608854
0.598194
0.592569
0.587049
0.581458
0.565069
0.5625
0.577917
0.571667
0.576458
0.578472
0.577986
0.579063
0.585903
0.584167
0.578646
0.573333
0.572049
0.568542
0.551562
0.559271
0.561667
0.548333
0.536875
0.536979
0.533333
0.538021
0.529062
0.519583
0.511875
0.508021
0.501771
0.494479
0.497361
0.494688
0.485556
0.477986
0.469931
0.464167
0.457396
0.446458
0.449375
0.444201
0.446806
0.455937
0.461285
0.461076
0.464583
0.471528
0.478958
0.483021
0.488299
0.482743
0.488194
0.488333
0.488438
0.487326
0.494896
0.498194
0.496146
0.498958
0.507188
0.507604
0.506215
0.505868
0.508611
0.523403
0.515938
0.521319
0.523368
0.520035
0.523958
0.527708
0.522604
0.517292
0.506215
0.501979
0.494375
0.487396
0.477187
0.471146
0.463854
0.455174
0.450382
0.43809
0.423264
0.430208
0.433542
0.425521
0.418854
0.41184
0.40559
0.394688
0.392361
0.380729
0.365069
0.367708
0.366979
0.365833
0.362812
0.367812
0.370937
0.369861
0.374931
0.385139
0.396146
0.396042
0.394479
0.397083
0.395521
0.388021
0.394792
0.382812
0.377917
0.386597
0.390937
0.391146
0.401042
0.416146
0.414514
0.407257
0.417187
0.424063
0.432118
0.431007
0.435417
0.444236
0.449861
0.446771
0.465938
0.467083
0.482049
0.486563
0.490417
0.499792
0.507917
0.50559
0.52
0.515451
0.516042
0.524271
0.533785
0.536771
0.537326
0.544271
0.544583
0.533472
0.525174
0.516181
0.511875
0.50625
0.502708
0.493542
0.49059
0.484375
0.482187
0.477292
0.466979
0.472917
0.466562
0.45684
0.451979
0.451944
0.45809
0.451979
0.432465
0.421146
0.417604
0.410451
0.393542
0.391528
0.380729
0.367083
0.355312
0.336528
0.32066
0.306181
0.302986
0.290625
0.290903
0.272743
0.258229
0.250729
0.245868
0.241771
0.234097
0.223438
0.209722
0.205174
0.192743
0.177674
0.170417
0.162812
0.146111
0.144792
0.133958
0.120104
0.116042
0.103958
0.0984375
0.0936806
0.0877431
0.0829167
0.0774653
0.0740625
0.0772917
0.0741667
0.0745833
0.0731944
0.0704167
0.0831944
0.0803819
0.0775694
0.0771528
0.0750694
0.0706944
0.0674653
0.0645486
0.0600694
0.0554861
0.0517361
0.0490278
0.0468403
0.0446528
0.0431944
0.0423611
0.0399653
0.0375694
0.0342361
0.0340278
0.0315278
0.0303819
0.0281944
0.0269444
0.0252778
0.0277778
0.0251736
0.0236458
0.0246875
0.0247917
0.0239583
0.0251042
0.0253125
0.0254167
0.0248958
0.025
0.025
0.0257292
0.0255208
0.0298958
0.03
0.0298958
0.0301042
0.02875
0.03
0.0301042
0.0301042
0.0292708
0.0294792
0.0297917
0.0302083
0.0304167
0.0303125
0.0298958
0.0305208
0.0317708
0.0313542
0.0305208
0.0303125
0.0302431
0.0287847
0.0288889
0.0315972
0.0304167
0.0366667
0.0367708
0.0380208
0.038125
0.0379167
0.0377083
0.0377083
0.03625
0.0358333
0.0359375
0.0358333
0.035
0.0365625
0.0366667
0.03375
0.0342708
0.0330903
0.0342361
0.0339236
0.0328819
0.0328819
0.0329861
0.0320486
0.0329861
0.0328125
0.0286458
0.02875
0.02875
0.0304167
0.03125
0.0313542
0.0296875
0.0294792
0.0290625
0.0294444
0.0281944
0.0277778
0.0279861
0.0277778
0.0274653
0.030625
0.0315625
0.0326736
0.0355903
0.0364583
0.0373958
0.0390625
0.0397917
0.0410417
0.0413542
0.0432292
0.0436458
0.041875
0.0413542
0.0398958
0.0366667
0.0355208
0.0330208
0.0407292
0.0495833
0.0527083
0.0648958
0.0697917
0.0685417
0.0707292
0.0742708
0.0771875
0.0761458
0.0916667
0.0986458
0.113333
0.123229
0.130521
0.140521
0.148333
0.151875
0.156215
0.158715
0.158507
0.163125
0.164062
0.168646
0.169375
0.167257
0.168715
0.178299
0.184792
0.182778
0.176424
0.173958
0.171458
0.170833
0.164896
0.163646
0.157917
0.153854
0.15375
0.154062
0.149896
0.150833
0.143333
0.138229
0.135104
0.128333
0.117569
0.111667
0.0984375
0.0878472
0.0923958
0.0944097
0.0965625
0.0984375
0.101319
0.105208
0.107396
0.109687
0.116875
0.121458
0.121563
0.121875
0.119583
0.120104
0.127604
0.127604
0.131146
0.135104
0.134271
0.148021
0.146146
0.144063
0.149861
0.152569
0.158819
0.157465
0.158611
0.166424
0.167708
0.178854
0.180104
0.179271
0.165937
0.167187
0.162188
0.158854
0.154896
0.149167
0.151667
0.150208
0.149688
0.144375
0.137361
0.122535
0.112257
0.101875
0.0955208
0.0882639
0.0848264
0.0736806
0.0657639
0.0603472
0.0518056
0.0467014
0.0509722
0.0496181
0.0489931
0.0468056
0.0450347
0.0408333
0.0386458
0.0416667
0.0405208
0.0409375
0.0422917
0.0440625
0.0447917
0.0501042
0.0499306
0.0497917
0.0517708
0.0532292
0.0528125
0.0540625
0.0542708
0.0563542
0.055
0.0572917
0.0567708
0.0652083
0.074375
0.0765625
0.0885417
0.104063
0.110729
0.116458
0.12625
0.131667
0.143194
0.155625
0.16125
0.173958
0.1875
0.194375
0.205625
0.217986
0.224965
0.236146
0.244062
0.260104
0.273333
0.287708
0.292604
0.303264
0.318576
0.327014
0.334653
0.342257
0.339965
0.338819
0.333437
0.340208
0.336562
0.334896
0.325417
0.326875
0.315729
0.306146
0.293438
0.282813
0.276667
0.264062
0.254896
0.255
0.249514
0.242326
0.237292
0.238125
0.23125
0.228854
0.224514
0.215208
0.21559
0.211458
0.201458
0.198437
0.186875
0.177083
0.170833
0.15625
0.141458
0.136181
0.132812
0.119792
0.122188
0.114826
0.105972
0.104826
0.0903472
0.0790972
0.07375
0.0665625
0.0590625
0.053125
0.0454167
0.0347917
0.0296875
0.0221875
0.0141667
0.0141667
0.0141667
0.0141667
0.0169792
0.0188542
0.0171875
0.018125
0.0214583
0.0320833
0.0294792
0.025
0.0233333
0.0235417
0.0214583
0.0214583
0.0214583
0.0214583
0.0214583
0.0214583
0.0214583
0.0214583
0.0219792
0.0219792
0.0217708
0.0217708
0.0217708
0.0214583
0.0186458
0.0186458
0.0186458
0.0217708
0.0189583
0.0189583
0.0223958
0.0227083
0.0198958
0.0198958
0.0198958
0.0198958
0.0198958
0.0195833
0.0195833
0.0197917
0.0197222
0.0197222
0.0198264
0.0198264
0.0196181
0.0194792
0.0194792
0.0194792
0.0194792
0.0194792
0.0194792
0.0196181
0.0196181
0.0199306
0.0199306
0.0245139
0.0217014
0.0217014
0.0245139
0.024375
0.024375
0.021875
0.0246875
0.0220139
0.0220139
0.021875
0.0241667
0.0217708
0.0217708
0.0217708
0.0217708
0.021875
0.021875
0.021875
0.0218403
0.021875
0.0220833
0.0220833
0.0220833
0.0220833
0.0220833
0.0220833
0.0220833
0.0220486
0.0220486
0.0192361
0.0192361
0.0192708
0.0192708
0.0192708
0.0192708
0.0251042
0.0248958
0.0248958
0.0245833
0.0247917
0.0252083
0.0252083
0.0252083
0.0248958
0.0248958
0.0248958
0.0220833
0.0220833
0.0220833
0.0192708
0.0220833
0.0192708
0.0225
0.0196875
0.0195833
0.0220833
0.0220833
0.0220833
0.0192708
0.0191667
0.0220833
0.0192708
0.0190625
0.0190625
0.019375
0.0192708
0.0194792
0.0194792
0.0194792
0.0194792
0.0194792
0.0194792
0.0194792
0.0280208
0.0323958
0.0415625
0.0515625
0.0563542
0.0665625
0.0746875
0.0786458
0.0851042
0.085625
0.0873958
0.09125
0.0947917
0.0939583
0.096875
0.095625
0.0966667
0.101736
0.101458
0.101562
0.102604
0.103958
0.105625
0.103333
0.106354
0.104271
0.10934
0.112812
0.113125
0.116667
0.117917
0.119688
0.132986
0.146319
0.15375
0.166458
0.177813
0.18625
0.198958
0.209063
0.211389
0.224792
0.230417
0.235417
0.236771
0.242188
0.246667
0.252708
0.254167
0.255312
0.257083
0.265833
0.266979
0.271667
0.270417
0.278438
0.27434
0.271944
0.278924
0.280417
0.280208
0.277986
0.26875
0.265729
0.266146
0.264653
0.26125
0.258333
0.257292
0.252604
0.256458
0.258229
0.262708
0.263958
0.264167
0.266458
0.269062
0.273125
0.275625
0.280729
0.282083
0.285104
0.283854
0.28375
0.289896
0.289062
0.293333
0.295
0.296563
0.298229
0.300521
0.303438
0.300938
0.304896
0.311354
0.314792
0.321354
0.32875
0.340625
0.346354
0.350521
0.361493
0.368472
0.372639
0.381563
0.372812
0.379375
0.377396
0.381875
0.388333
0.387188
0.390729
0.382604
0.390417
0.393437
0.401875
0.404167
0.400104
0.401667
0.403542
0.399583
0.400729
0.408958
0.409896
0.411458
0.412396
0.420417
0.416563
0.421458
0.431146
0.43
0.439896
0.448333
0.446667
0.456875
0.468333
0.470208
0.472917
0.473646
0.470313
0.471146
0.470938
0.4725
0.473229
0.467292
0.465417
0.459062
0.456562
0.456562
0.454757
0.452917
0.450208
0.452083
0.448437
0.448125
0.446458
0.448125
0.450521
0.449062
0.451667
0.453854
0.458854
0.468646
0.469375
0.474792
0.4775
0.479063
0.483125
0.48875
0.488229
0.490729
0.492917
0.491042
0.501111
0.510104
0.513125
0.513229
0.515833
0.52
0.525417
0.532708
0.537188
0.544826
0.554896
0.55375
0.559063
0.568438
0.576319
0.581736
0.589028
0.592431
0.595139
0.589514
0.592917
0.589375
0.583368
0.576076
0.578403
0.569063
0.567917
0.559271
0.563438
0.554514
0.56059
0.565521
0.565417
0.566806
0.572812
0.572396
0.562396
0.562396
0.564688
0.559722
0.559931
0.553056
0.552951
0.546389
0.549514
0.55375
0.549097
0.552431
0.564063
0.567847
0.570208
0.57375
0.576007
0.583507
0.589132
0.598333
0.601146
0.601493
0.606146
0.608229
0.615417
0.624479
0.629236
0.627674
0.635729
0.634618
0.637778
0.639965
0.641458
0.644167
0.645417
0.648125
0.650625
0.655312
0.659896
0.660729
0.665312
0.662604
0.668056
0.676042
0.681042
0.682708
0.685625
0.688229
0.685417
0.682813
0.685104
0.683333
0.682708
0.682917
0.688125
0.688229
0.688542
0.690174
0.697083
0.701042
0.697604
0.700625
0.707083
0.700833
0.703542
0.701875
0.712743
0.712222
0.712951
0.716389
0.723229
0.724583
0.734479
0.740104
0.742604
0.746563
0.749375
0.753646
0.763854
0.757708
0.762396
0.759375
0.7625
0.766771
0.763437
0.766563
0.772083
0.772917
0.779757
0.776875
0.782882
0.783333
0.784687
0.788125
0.790312
0.790729
0.789896
0.788542
0.787882
0.790729
0.794063
0.796354
0.797986
0.797049
0.803542
0.801319
0.802951
0.800312
0.804826
0.807813
0.809271
0.810417
0.811215
0.812604
0.818646
0.822604
0.82316
0.823576
0.825139
0.821146
0.821562
0.815208
0.813576
0.810104
0.809479
0.808229
0.807604
0.805521
0.80625
0.803438
0.804896
0.803229
0.805312
0.804688
0.802708
0.797708
0.799375
0.798542
0.799375
0.796562
0.790833
0.798924
0.797708
0.795937
0.7975
0.79625
0.799792
0.797396
0.8
0.801875
0.802882
0.804965
0.805347
0.793125
0.794375
0.795104
0.797083
0.798646
0.797604
0.794375
0.796562
0.793229
0.795312
0.794375
0.794375
0.793125
0.793403
0.790833
0.791667
0.788403
0.789132
0.785903
0.784479
0.784687
0.784167
0.783125
0.779896
0.775104
0.780937
0.77875
0.778438
0.780417
0.782604
0.783958
0.782917
0.779479
0.775208
0.773646
0.773125
0.773993
0.774514
0.775
0.773958
0.774375
0.773854
0.772917
0.775417
0.774479
0.775729
0.777396
0.777396
0.776979
0.7775
0.775208
0.778333
0.776771
0.773542
0.773021
0.771042
0.771458
0.77125
0.77
0.771146
0.770521
0.769271
0.769062
0.769687
0.768993
0.772118
0.77191
0.773646
0.773646
0.773229
0.769375
0.770069
0.765
0.766979
0.768125
0.768333
0.770243
0.774097
0.775417
0.775521
0.774375
0.777188
0.780521
0.77875
0.779583
0.777708
0.774792
0.773229
0.772292
0.769375
0.766979
0.767708
0.77
0.770104
0.771215
0.773924
0.771528
0.771632
0.77309
0.772882
0.784549
0.783194
0.78434
0.784167
0.784479
0.782917
0.783021
0.783021
0.782604
0.782396
0.781042
0.784792
0.785729
0.785625
0.785312
0.786563
0.78625
0.786875
