0.0783594
0.0717187
0.0699219
0.0730729
0.0844271
0.0891406
0.100833
0.112214
0.115521
0.124505
0.132188
0.135078
0.138906
0.141302
0.143411
0.146354
0.148568
0.149036
0.150469
0.165964
0.162969
0.164531
0.163203
0.161823
0.162161
0.164766
0.166198
0.168385
0.172292
0.173542
0.173099
0.175
0.17474
0.173177
0.173047
0.173958
0.173229
0.173542
0.174687
0.17599
0.174974
0.173776
0.17349
0.17362
0.175469
0.173021
0.171667
0.170833
0.170755
0.170313
0.170833
0.169583
0.17138
0.173281
0.176094
0.179427
0.181276
0.184349
0.186458
0.187604
0.189271
0.190625
0.190339
0.190729
0.188307
0.188047
0.186328
0.18487
0.183542
0.184505
0.181458
0.179349
0.177734
0.175885
0.17401
0.172656
0.172005
0.171484
0.171536
0.173359
0.173906
0.176354
0.178802
0.181484
0.188646
0.194844
0.197734
0.20599
0.215547
0.220234
0.232734
0.242604
0.245911
0.255208
0.270469
0.268828
0.274141
0.27888
0.280547
0.283698
0.286068
0.287474
0.290495
0.29263
0.292344
0.287422
0.285868
0.281927
0.276068
0.273828
0.272786
0.267422
0.265104
0.263906
0.261693
0.262648
0.261328
0.25599
0.2575
0.256293
0.254844
0.25599
0.255469
0.252344
0.252752
0.252908
0.253194
0.254861
0.255747
0.258038
0.262231
0.261918
0.261302
0.264635
0.26513
0.268646
0.267734
0.26763
0.272179
0.27401
<<<<<<< HEAD
0.273507
0.275677
0.275616
0.275773
0.272344
=======
0.273524
0.275694
0.275634
0.27579
0.272361
>>>>>>> cfb2ab54412f372a00d5488426891cd94c460ec6
0.275486
0.277231
0.275851
0.275
0.273984
0.272318
0.268906
0.268828
<<<<<<< HEAD
0.269167
0.268906
0.267734
=======
0.269184
0.268924
0.267752
>>>>>>> cfb2ab54412f372a00d5488426891cd94c460ec6
0.265339
0.263151
0.26224
0.260885
0.261745
0.26276
0.259896
0.257812
0.257135
0.257526
0.258906
0.258802
0.255391
0.253125
0.25349
<<<<<<< HEAD
0.251823
0.252474
0.252526
0.252344
0.250052
0.250885
0.248854
0.250286
0.249948
0.249844
0.249792
=======
0.25184
0.252491
0.252543
0.252361
0.250069
0.250903
0.248872
0.250304
0.249965
0.249861
0.249809
>>>>>>> cfb2ab54412f372a00d5488426891cd94c460ec6
0.247891
0.246953
0.248255
0.24849
0.246771
0.246406
0.247422
0.248099
<<<<<<< HEAD
0.247135
=======
0.247153
>>>>>>> cfb2ab54412f372a00d5488426891cd94c460ec6
0.246146
0.24763
0.24724
0.243099
0.244193
0.245104
0.24388
0.24388
0.24388
0.243385
0.242969
0.242995
0.243932
0.243932
0.243229
0.242318
0.242552
0.241771
0.241094
0.241432
0.242109
0.240781
0.24013
0.240677
0.240937
0.240833
0.240599
0.24125
0.240573
0.241432
0.241797
0.241224
0.240495
0.239818
0.239792
0.239792
0.240208
0.241224
0.240747
0.239123
0.238915
0.241762
0.24224
0.244141
0.243125
0.24276
0.242656
0.240911
0.238845
0.237786
0.237891
0.23862
0.236979
0.234488
0.237378
0.239019
0.238767
0.23809
0.237413
0.238116
0.237431
0.237274
0.237066
0.238056
0.238394
0.238576
0.23796
0.23934
0.239236
0.239835
0.239913
0.240486
0.240495
0.240069
0.239175
0.239514
0.239957
0.239835
0.239392
0.239583
0.23947
0.238403
0.238976
0.239757
0.238377
0.236476
0.239184
0.240712
0.244488
0.248785
0.250773
0.254679
0.258012
0.258377
0.263924
0.268038
0.268872
0.269106
0.268898
0.268663
0.268655
0.268186
0.267925
0.263715
0.263064
0.26197
0.257569
0.254965
0.25395
0.250981
0.249809
0.247847
0.246363
0.245139
0.243785
0.245929
0.246502
0.246094
0.247292
0.249766
0.249635
0.250781
0.250026
0.25072
0.249549
0.247622
0.245981
0.24408
0.242422
0.24296
0.24237
0.240694
0.238924
0.238064
0.240069
0.23895
0.239071
0.237925
0.237483
0.235712
0.23592
0.235955
0.235807
0.236059
0.236033
0.235095
0.23546
0.236137
0.237309
0.237231
0.237622
0.240148
0.242231
0.244444
0.246189
0.246024
0.246519
0.249132
0.248299
0.24888
0.24849
0.245938
0.244323
0.245755
0.243611
0.24408
0.243611
0.244757
0.244731
0.245226
0.244991
0.245356
0.245694
0.246536
0.246901
0.245208
0.245599
0.246458
0.246536
0.248047
0.249115
0.248906
0.247578
0.247786
0.2475
0.24684
0.247057
0.246745
0.245833
0.244818
0.243932
0.244427
0.244948
0.247292
0.250026
0.251432
0.25237
0.253776
0.253542
0.255469
0.258229
0.25901
0.259531
0.260382
0.26197
0.261762
0.263724
0.263177
0.264766
0.264922
0.264583
0.265807
0.269792
0.271146
0.273411
0.27651
0.281406
0.289896
0.296823
0.301745
0.308646
0.314349
0.317708
0.320026
0.326823
0.326719
0.330156
0.336875
0.336641
0.339948
0.342422
0.345391
0.349844
0.359635
0.362969
0.368073
0.371901
0.372474
0.37724
0.385521
0.38862
0.395851
0.398872
0.401997
0.404818
0.409583
0.411927
0.414531
0.41849
0.421901
0.422422
0.421953
0.424271
0.416328
0.419193
0.419349
0.420755
0.420208
0.422083
0.421693
0.424193
0.424219
0.42474
0.426719
0.429688
0.43526
0.437969
0.440052
0.438021
0.443932
0.446016
0.446146
0.448437
0.449297
0.45026
0.452839
0.453932
0.453385
0.459401
0.460182
0.459661
0.46145
0.466094
0.464349
0.464722
0.462786
0.460981
0.462595
0.462057
0.462734
0.462005
0.462083
0.463568
0.465599
0.463655
0.46566
0.46599
0.468464
0.466198
0.466172
0.464479
0.466875
0.466181
0.470313
0.469193
0.46796
0.46895
0.467413
0.468299
0.471719
0.476615
0.482708
0.485234
0.4902
0.497413
0.499106
0.504809
0.50921
0.51197
0.51697
0.521189
0.523142
0.527153
0.528924
0.531554
0.533168
0.538194
0.539462
0.544948
0.547682
0.549557
0.550495
0.550312
0.551719
0.554115
0.55349
0.554844
0.556276
0.555078
0.553516
0.554714
0.555573
0.55599
0.558828
0.558594
0.557474
0.55724
0.55888
0.560312
0.55888
0.561016
0.561198
0.561667
0.553255
0.555885
0.55763
0.55638
0.555859
0.553359
0.552266
0.553724
0.554193
0.555304
0.554575
0.552335
0.553802
0.552344
0.553359
0.549089
0.547552
0.54724
0.549514
0.550321
0.546693
0.543481
0.543958
0.542526
0.542318
0.537995
0.536328
0.540156
0.538932
0.543854
0.547344
0.549063
0.550825
0.552413
0.552734
0.555339
0.5575
0.55974
0.560877
0.563559
0.565278
0.568845
0.571866
0.572274
0.573194
0.576606
0.578516
0.580139
0.579618
0.580842
0.58375
0.586354
0.586849
0.588437
0.590964
0.595833
0.596823
0.598828
0.599974
0.600964
0.603021
0.604557
0.610547
0.614036
0.618411
0.623724
0.628203
0.629609
0.633672
0.635703
0.637344
0.640208
0.643099
0.64599
0.648698
0.654271
0.655391
0.656953
0.660026
0.661693
0.662682
0.664036
0.665599
0.667448
0.668984
0.668438
0.670807
0.672266
0.67342
0.67283
0.673906
0.673984
0.675833
0.676406
0.67651
0.676953
0.677031
0.676432
0.67724
0.676458
0.675234
0.675339
0.675859
0.676276
0.676484
0.68013
0.68237
0.682865
0.683698
0.683854
0.685234
0.686042
0.687083
0.686944
0.688168
0.688872
0.688924
0.688481
0.691076
0.690642
0.69217
0.692057
0.690495
0.690495
0.690911
0.687083
0.686615
0.688203
0.688021
0.688203
0.688646
0.688932
0.690234
0.691328
0.692292
0.691771
0.691406
0.691806
0.692526
0.69151
0.692552
0.692135
0.692109
0.691667
0.69263
0.692891
0.692821
0.693134
0.692995
0.69474
0.691771
0.691797
0.692222
0.693003
0.693082
0.692743
0.69263
0.693464
0.69441
0.694905
0.695651
0.695885
0.696276
0.696276
0.695781
0.696823
0.697109
0.698776
0.698698
0.699089
0.699089
0.699063
0.699714
0.699036
0.698984
0.695911
0.695417
0.695755
0.695208
0.695547
0.696146
0.696901
0.696198
0.695417
0.69513
0.695156
0.693594
0.694219
0.694245
0.694557
0.693646
0.693073
0.693776
0.693333
0.692474
0.692214
0.692057
0.691901
0.692917
0.692969
0.688229
0.688932
0.689635
0.689271
0.689115
0.689583
0.687917
0.688385
0.688307
0.687786
0.686927
0.687266
0.687526
0.687969
0.688047
0.687083
0.688229
0.687995
0.687266
0.687813
0.688255
0.687161
0.68625
0.685937
0.685443
0.684427
0.684896
0.683906
0.683203
0.683047
0.683854
0.682813
0.681979
0.681276
0.681771
0.681823
0.684167
0.683958
<<<<<<< HEAD
0.683984
0.684609
0.684826
0.683785
0.681832
0.681094
0.681259
0.682691
0.685243
0.686493
0.688759
0.690417
0.692378
0.695226
0.697691
0.698368
0.700087
0.702092
0.70316
0.704453
0.704931
=======
0.683993
0.684618
0.684826
0.683793
0.681849
0.681094
0.681259
0.682682
0.685234
0.686484
0.68875
0.690417
0.69237
0.695208
0.697682
0.698359
0.700078
0.702083
0.703151
0.704453
0.704922
>>>>>>> cfb2ab54412f372a00d5488426891cd94c460ec6
0.707196
0.70737
0.708698
0.708099
0.709384
0.711667
0.712448
0.714583
<<<<<<< HEAD
0.715417
0.717708
0.72151
0.723229
0.724583
0.725738
0.727014
0.727274
0.721363
0.723498
0.723394
0.724063
0.724531
0.723854
0.724661
0.725781
0.726484
0.725391
0.726615
0.726562
0.725755
0.725651
0.725625
0.723958
0.72375
0.723594
0.72349
0.724245
0.723507
0.723802
0.723516
0.722865
0.722891
0.722422
0.721615
0.721797
0.722535
0.72355
0.72303
0.72191
0.720321
0.719271
0.718828
0.719427
0.718776
0.718125
0.718984
=======
0.716944
0.719236
0.723038
0.724757
0.726111
0.727257
0.728533
0.72822
0.721363
0.723498
0.723394
0.724071
0.72454
0.723863
0.72467
0.72579
0.728073
0.726979
0.728203
0.728151
0.727344
0.725677
0.725651
0.723967
0.723776
0.723602
0.723498
0.724253
0.723498
0.724922
0.724635
0.723984
0.72401
0.723542
0.723455
0.723637
0.724366
0.725382
0.724861
0.723741
0.722153
0.721111
0.720668
0.721267
0.720616
0.719965
0.718993
>>>>>>> cfb2ab54412f372a00d5488426891cd94c460ec6
0.71737
0.716979
0.717057
0.716641
0.716562
0.716927
0.71724
0.717552
0.717708
<<<<<<< HEAD
0.71763
0.718125
=======
0.717648
0.718142
>>>>>>> cfb2ab54412f372a00d5488426891cd94c460ec6
0.713073
0.713021
0.713333
0.713099
0.712786
0.711927
0.71237
0.713177
0.713568
0.713073
<<<<<<< HEAD
0.714097
0.713655
0.713863
0.713655
0.713759
0.713003
0.714514
0.713134
0.713863
0.714227
0.716285
0.716389
0.715764
0.716649
0.716233
=======
0.714089
0.713646
0.713854
0.713646
0.71375
0.712995
0.714505
0.713125
0.713854
0.714219
0.716276
0.71638
0.715755
0.716641
0.716224
>>>>>>> cfb2ab54412f372a00d5488426891cd94c460ec6
0.716302
0.715286
0.715443
0.715547
0.71625
0.716589
0.716406
0.71526
0.717005
0.716667
0.719505
0.718802
0.718542
0.718125
0.718516
0.719219
<<<<<<< HEAD
0.720729
=======
0.720773
>>>>>>> cfb2ab54412f372a00d5488426891cd94c460ec6
0.72013
0.719583
0.719479
0.719089
<<<<<<< HEAD
0.718108
0.715868
0.7148
0.710677
=======
0.718099
0.715859
0.714818
0.710703
>>>>>>> cfb2ab54412f372a00d5488426891cd94c460ec6
0.709141
0.709349
0.709089
0.709036
0.709609
0.709583
0.709922
0.709401
0.71112
0.711667
0.708047
<<<<<<< HEAD
0.707187
0.707708
=======
0.707205
0.707726
>>>>>>> cfb2ab54412f372a00d5488426891cd94c460ec6
0.707422
0.707604
0.708464
0.710755
0.711198
0.71276
0.712682
0.715104
0.715859
0.716354
0.716953
<<<<<<< HEAD
0.717951
=======
0.717943
>>>>>>> cfb2ab54412f372a00d5488426891cd94c460ec6
0.718099
0.719167
0.719896
0.71987
0.719792
0.719714
0.719479
0.71888
0.717969
0.717656
0.719609
0.719948
0.72151
0.721615
0.721719
0.72263
0.722214
0.722865
<<<<<<< HEAD
0.722708
0.721823
0.72112
0.72151
0.722031
=======
0.724063
0.723177
0.722474
0.722865
0.723385
>>>>>>> cfb2ab54412f372a00d5488426891cd94c460ec6
0.723698
0.724896
0.725885
0.725365
0.725885
0.725443
0.727344
0.7275
0.728568
0.729271
0.72862
0.728984
<<<<<<< HEAD
0.723854
0.725477
0.724957
0.722899
=======
0.724427
0.726155
0.725634
0.723576
>>>>>>> cfb2ab54412f372a00d5488426891cd94c460ec6
0.724036
0.725156
0.725417
0.725807
0.724766
0.723906
0.722474
0.722656
0.722083
0.721042
0.721146
0.720182
0.719896
0.719271
0.719505
0.72
0.720599
<<<<<<< HEAD
0.718854
=======
0.718872
>>>>>>> cfb2ab54412f372a00d5488426891cd94c460ec6
0.719453
0.718906
0.719089
0.717917
0.71849
0.71888
0.718906
0.719141
<<<<<<< HEAD
0.719036
0.715087
0.716285
0.716354
0.716667
0.717865
0.71763
0.717839
0.717786
0.716823
0.71599
0.716068
0.716901
0.716719
=======
0.719063
0.715078
0.716276
0.716354
0.716667
0.717865
0.717656
0.717865
0.717812
0.716849
0.716016
0.716094
0.716927
0.716745
>>>>>>> cfb2ab54412f372a00d5488426891cd94c460ec6
0.717005
0.717005
0.716094
0.715625
0.716875
0.716849
0.716276
0.715208
0.715599
0.715026
0.714896
0.715078
<<<<<<< HEAD
0.715208
0.715547
0.71467
0.714826
0.714592
0.714618
0.715009
0.714931
0.71428
0.713576
=======
0.715182
0.715521
0.714661
0.714818
0.714583
0.714609
0.715
0.714922
0.714271
0.713568
>>>>>>> cfb2ab54412f372a00d5488426891cd94c460ec6
0.713437
0.713984
0.714141
0.714479
0.713958
0.714245
0.714219
0.713516
0.713307
0.713672
0.712604
0.711823
0.711667
0.711458
0.711667
0.712266
<<<<<<< HEAD
0.713021
0.712031
0.713151
=======
0.714479
0.71349
0.714609
>>>>>>> cfb2ab54412f372a00d5488426891cd94c460ec6
0.713281
0.713958
0.713698
0.713073
0.71276
0.711849
0.712318
0.713125
0.711667
0.711432
0.711354
0.710938
0.711146
0.710729
0.711094
0.709948
0.710964
0.710443
0.710911
0.710469
0.711771
0.709036
0.709115
0.710391
0.710964
<<<<<<< HEAD
0.711328
0.711571
=======
0.711337
0.711562
>>>>>>> cfb2ab54412f372a00d5488426891cd94c460ec6
0.712109
0.712474
0.712812
0.713854
0.714245
0.714141
0.714219
0.714323
0.714922
<<<<<<< HEAD
0.714826
0.714427
0.714609
=======
0.714792
0.714427
0.714583
>>>>>>> cfb2ab54412f372a00d5488426891cd94c460ec6
0.715781
0.715859
0.715625
0.716484
<<<<<<< HEAD
0.716788
0.717595
0.717517
0.714297
0.71467
0.714948
0.71474
0.716007
0.714861
0.713924
=======
0.716771
0.717578
0.7175
0.714297
0.714661
0.714948
0.71474
0.71599
0.714844
0.713906
>>>>>>> cfb2ab54412f372a00d5488426891cd94c460ec6
0.71276
0.71099
0.710729
0.710755
0.710625
0.712474
<<<<<<< HEAD
0.712483
=======
0.712474
>>>>>>> cfb2ab54412f372a00d5488426891cd94c460ec6
0.712578
0.712786
0.712318
0.713646
0.715182
0.714818
0.714167
0.713906
0.713906
0.714401
0.716224
0.712057
0.712708
0.714045
0.715495
0.713516
0.716432
0.717031
0.715156
0.715703
0.712917
0.715026
<<<<<<< HEAD
0.714957
0.714505
0.714583
0.713672
0.712066
=======
0.714948
0.714505
0.714583
0.713672
0.712057
>>>>>>> cfb2ab54412f372a00d5488426891cd94c460ec6
0.712578
0.711172
0.710807
0.710833
<<<<<<< HEAD
0.711311
0.71178
0.711493
0.712769
0.713238
0.710069
0.70987
0.710043
0.711267
0.710226
0.709245
0.708585
0.707934
0.708533
0.708637
0.707865
0.707309
0.707752
0.707231
=======
0.711302
0.711771
0.711484
0.71276
0.713229
0.710052
0.70987
0.710026
0.71125
0.710208
0.709245
0.708568
0.707917
0.708516
0.70862
0.707865
0.707292
0.707734
0.707214
>>>>>>> cfb2ab54412f372a00d5488426891cd94c460ec6
0.707552
0.707995
0.707344
0.708594
0.707396
0.708438
0.707943
<<<<<<< HEAD
0.707786
0.707552
0.706797
=======
0.707821
0.707569
0.706832
>>>>>>> cfb2ab54412f372a00d5488426891cd94c460ec6
0.706354
0.709063
0.708698
0.711198
0.71151
0.710026
0.71125
0.713411
0.712422
0.712969
0.712969
0.712943
<<<<<<< HEAD
0.713594
0.713568
0.713316
0.713134
0.71428
=======
0.713602
0.713576
0.713307
0.713125
0.714271
>>>>>>> cfb2ab54412f372a00d5488426891cd94c460ec6
0.713724
0.714349
0.715078
0.715755
<<<<<<< HEAD
0.713811
=======
0.713802
>>>>>>> cfb2ab54412f372a00d5488426891cd94c460ec6
0.714401
0.714427
0.714792
0.71401
0.714323
0.714635
<<<<<<< HEAD
0.715104
0.714401
0.714922
0.714531
0.716016
0.71599
0.716467
0.716389
0.716207
0.716102
0.715243
0.714983
0.714931
0.715269
0.715582
0.715234
0.716146
0.716181
0.718082
0.718385
0.71862
0.721155
0.720946
0.718568
0.717509
=======
0.715113
0.714401
0.714931
0.714531
0.716016
0.715998
0.716458
0.71638
0.716198
0.716094
0.715234
0.714974
0.714922
0.71526
0.715573
0.715234
0.716172
0.716198
0.718073
0.718385
0.71862
0.721146
0.720938
0.718568
0.7175
>>>>>>> cfb2ab54412f372a00d5488426891cd94c460ec6
0.718125
0.718542
0.720755
0.720156
0.719583
0.720443
<<<<<<< HEAD
0.72079
=======
0.720781
>>>>>>> cfb2ab54412f372a00d5488426891cd94c460ec6
0.720208
0.720078
0.719818
0.720469
0.719896
0.719792
0.719844
0.718411
0.719844
0.719609
0.71987
0.72033
0.72033
0.721007
0.721944
<<<<<<< HEAD
0.722075
0.715156
0.71572
0.715174
0.71572
0.715069
=======
0.722057
0.71513
0.715703
0.715165
0.715712
0.715061
>>>>>>> cfb2ab54412f372a00d5488426891cd94c460ec6
0.715069
0.715425
0.715694
0.716241
0.71783
0.718455
0.719705
0.719505
0.719766
<<<<<<< HEAD
0.720599
0.721302
0.720859
=======
0.721562
0.722266
0.721823
>>>>>>> cfb2ab54412f372a00d5488426891cd94c460ec6
0.72138
0.720365
0.720599
0.719792
<<<<<<< HEAD
0.719332
0.718524
0.719253
=======
0.719323
0.718516
0.719245
>>>>>>> cfb2ab54412f372a00d5488426891cd94c460ec6
0.71855
0.723568
0.723177
0.722734
0.722318
0.723724
0.724453
0.725417
0.726536
0.727604
0.727656
0.725859
0.726641
0.725964
0.72599
0.726849
0.726224
0.726068
0.726276
0.726146
0.726146
0.725495
0.724792
0.724115
0.723021
0.722083
0.72224
0.720781
0.720156
0.719297
0.717917
0.717917
<<<<<<< HEAD
0.717292
0.718203
0.71776
0.717214
0.717943
0.716901
0.717187
0.71638
0.716562
0.716719
0.716875
0.715651
0.715052
0.714783
0.714444
0.715226
0.715017
0.714679
=======
0.718724
0.719635
0.719193
0.717222
0.717951
0.71691
0.717196
0.716389
0.716571
0.716727
0.716884
0.715651
0.715052
0.714766
0.714436
0.715217
0.715009
0.71467
>>>>>>> cfb2ab54412f372a00d5488426891cd94c460ec6
0.714635
0.714297
0.713646
0.714688
0.714063
0.714427
0.717214
0.715938
0.717031
0.718021
0.719479
0.72013
0.721172
0.721198
0.721484
0.722187
0.723984
0.724453
0.725182
0.725547
0.724479
0.724922
0.725078
0.724167
0.723594
0.724089
<<<<<<< HEAD
0.723516
0.723802
0.723021
0.722595
0.722804
0.723012
0.722908
0.722326
0.722023
0.722595
0.723168
0.724314
0.724748
0.723568
0.723359
=======
0.723524
0.723811
0.72303
0.722587
0.722795
0.723003
0.722899
0.722318
0.722014
0.722587
0.72316
0.724306
0.724722
0.723576
0.723368
>>>>>>> cfb2ab54412f372a00d5488426891cd94c460ec6
0.723411
0.723168
0.723229
0.7225
0.722135
0.719392
<<<<<<< HEAD
0.718403
0.718585
0.716866
0.716085
=======
0.718359
0.718542
0.716823
0.716042
>>>>>>> cfb2ab54412f372a00d5488426891cd94c460ec6
0.713594
0.713932
0.714271
0.713411
0.714071
0.712786
0.711562
0.711589
0.710313
0.710313
0.709115
0.708542
0.707552
0.708203
0.708646
0.707682
0.706797
0.707214
0.707995
0.708776
0.707708
<<<<<<< HEAD
0.708498
0.709384
0.708003
0.707248
=======
0.70849
0.709375
0.707995
0.70724
>>>>>>> cfb2ab54412f372a00d5488426891cd94c460ec6
0.712491
0.711901
0.711589
0.712187
0.712318
0.712457
0.713437
0.713724
<<<<<<< HEAD
0.713359
0.712474
0.71349
0.713889
0.715269
0.716076
0.717891
0.720538
0.720712
0.721571
0.725217
0.726962
0.729688
0.733038
0.734332
0.737769
0.739896
0.739071
0.743099
0.74776
0.74737
0.752595
0.753854
0.755938
0.762552
0.766953
=======
0.714288
0.713403
0.714418
0.714809
0.716189
0.717413
0.719227
0.721875
0.722023
0.722882
0.725208
0.726953
0.729679
0.73303
0.734323
0.73776
0.739887
0.739071
0.743073
0.747734
0.747344
0.752578
0.753828
0.755911
0.762526
0.766927
>>>>>>> cfb2ab54412f372a00d5488426891cd94c460ec6
0.7675
0.769288
0.770911
0.772422
0.774575
0.776215
0.778099
0.779479
0.783047
0.784219
0.784401
0.786328
0.789323
0.793073
0.794427
0.793984
<<<<<<< HEAD
0.78875
0.789193
0.788594
0.791389
0.788464
0.786094
0.783142
0.784609
0.782161
=======
0.788767
0.789175
0.788576
0.791372
0.788446
0.78612
0.78316
0.784627
0.782179
>>>>>>> cfb2ab54412f372a00d5488426891cd94c460ec6
0.781276
0.779036
0.779089
0.780451
0.776519
<<<<<<< HEAD
0.775781
0.774696
0.770148
0.767188
0.760451
0.760833
0.757778
=======
0.775799
0.774705
0.770148
0.767196
0.760469
0.760833
0.757786
>>>>>>> cfb2ab54412f372a00d5488426891cd94c460ec6
0.756719
0.759592
0.761953
0.762031
0.754714
0.757161
0.763177
0.760156
0.762674
<<<<<<< HEAD
0.762856
0.764514
0.765182
0.768542
0.76349
0.763385
0.764384
0.761892
0.758403
0.762821
0.76408
0.763646
0.761979
0.762969
0.763203
0.761832
0.764687
0.761684
0.764835
0.763177
0.75947
0.759297
0.760764
0.761276
0.760087
0.741589
0.740208
0.738125
0.734661
0.734505
=======
0.762847
0.764505
0.765174
0.768542
0.76349
0.763385
0.764392
0.761875
0.759913
0.764332
0.765582
0.765156
0.761979
0.762977
0.763203
0.761814
0.764687
0.761684
0.764826
0.763177
0.75947
0.759306
0.760764
0.761276
0.760087
0.741597
0.740208
0.738125
0.73467
0.734514
>>>>>>> cfb2ab54412f372a00d5488426891cd94c460ec6
0.733316
0.715781
0.711033
0.705642
<<<<<<< HEAD
0.70645
0.705313
0.708672
0.712517
0.714488
0.722326
0.727908
0.731233
0.741259
0.742214
0.73895
0.748446
0.741606
0.736875
0.729592
0.723125
0.716163
0.730608
0.742188
0.741667
0.746536
0.747925
0.744644
0.747205
0.748707
0.75678
0.759505
0.76059
0.759939
0.771181
0.774523
0.772352
0.778611
0.774575
0.770677
0.778238
0.788056
0.784731
0.791571
0.795556
0.793142
0.793333
0.793203
0.787144
0.79579
0.801354
0.805009
0.809913
0.810851
0.805816
0.809939
0.806094
0.803854
0.800547
0.801875
0.799141
0.802344
0.799323
0.797196
0.795773
0.791797
0.790234
0.787543
0.781979
0.778533
0.782682
0.785243
0.780981
0.779054
0.782786
0.780521
0.777448
0.775677
0.770321
0.768194
0.774418
0.775712
0.782431
0.7948
0.795477
0.807535
0.813681
0.814905
0.818316
0.813837
0.811944
0.81178
0.809149
0.806962
0.806806
0.804705
0.800903
0.799167
0.798003
0.793854
0.797352
0.788915
0.78862
0.792405
0.786736
0.780868
0.775009
0.774844
0.774444
0.778003
0.776849
0.772578
0.771554
0.770069
0.767865
0.768602
0.771771
0.76579
0.763116
0.759158
0.754175
0.750373
0.738524
0.736415
0.722691
0.713498
0.706302
0.697561
0.687734
0.680686
0.676476
0.68013
0.675859
0.675304
0.669036
0.662075
0.661927
0.660998
0.659201
0.656745
0.657257
0.650243
0.663984
0.661215
0.658194
0.65967
0.668507
0.666372
0.668038
0.671285
0.670608
0.67605
0.669123
0.660373
0.66125
0.653151
0.64895
0.657283
0.662743
0.659201
0.670356
0.682691
0.676832
0.67822
0.675747
0.670694
0.676458
0.682543
0.681189
0.679028
0.679054
0.678229
0.678915
0.67803
0.676589
0.684453
0.699661
0.699097
0.709366
0.71388
0.713116
0.720573
0.727891
0.724123
0.728177
0.731727
0.72296
0.720616
0.719731
0.718689
0.721771
0.716016
0.716328
0.716267
0.716024
0.709766
0.706927
0.709453
0.709201
0.71572
0.714618
0.709097
0.698481
0.685729
0.679306
0.671337
0.667135
0.665451
0.663707
0.663993
0.66099
0.661363
0.659071
0.663142
0.666988
0.666736
0.68283
0.681302
0.691988
0.691597
0.68816
0.718715
0.708976
0.709497
0.737726
0.731927
0.731424
0.727587
0.767248
0.777075
0.777431
0.771632
0.773915
0.790842
0.786128
0.783533
0.788316
0.784991
0.785208
0.78316
0.780573
0.783602
0.780851
0.778134
0.774097
0.771319
0.76796
0.759627
0.755599
0.757422
0.756076
0.755122
0.747118
0.745469
0.744965
0.738811
0.730616
0.721137
0.717387
0.722483
0.722214
0.713976
0.715122
0.711866
0.706198
0.700043
0.702231
0.694497
0.691111
0.69355
0.686641
0.681727
0.677309
0.667483
0.662821
0.658446
0.652153
0.64842
0.644809
0.636137
0.639931
0.636293
0.629705
0.626563
0.624566
0.614922
0.603863
0.612778
0.613377
0.617561
0.616276
0.616771
0.614479
0.608038
0.602179
0.601736
0.598429
0.59625
0.588976
0.585234
0.574444
0.575981
0.571398
0.565903
0.564896
0.559809
0.554991
0.557517
0.552075
0.547431
0.541667
0.539557
0.531328
0.529227
0.52401
0.521181
0.529227
0.521554
0.513264
0.511207
0.499635
0.488793
0.478681
0.473793
0.465417
0.466675
0.46454
0.458533
0.448924
0.435911
0.429549
0.422804
0.413125
0.400095
0.397457
0.391814
0.384609
0.383021
0.385373
0.384332
0.381536
0.382604
0.376597
0.375139
0.369644
0.363941
0.368854
0.36803
0.36671
0.369514
0.369306
0.366797
0.372222
0.376788
0.368542
0.364036
0.361293
0.363533
0.375174
0.380512
0.379609
0.39072
0.406693
0.416693
0.425938
0.438672
0.455
0.461328
0.470304
0.473194
0.484271
0.490286
0.489392
0.502292
0.511033
0.510764
0.508238
0.504045
0.507804
0.511519
0.514783
0.506745
0.512457
0.528785
0.537387
0.542405
0.543733
0.542604
0.540156
0.522752
0.51776
0.509392
0.500885
0.496076
0.492812
0.488351
0.481172
0.472387
0.465087
0.459358
0.452205
0.444366
0.440868
0.433507
0.428273
0.408941
0.396806
0.391259
0.384852
0.375712
0.36967
0.361198
0.356024
0.339019
0.335842
0.326892
0.318663
0.311467
0.307986
0.303186
0.299236
0.291953
0.2925
0.289089
0.288681
0.281892
0.280599
0.272813
0.268064
0.263342
0.254505
0.245026
0.237847
0.231797
0.224592
0.217127
0.20947
0.201589
0.193533
0.184601
0.175616
0.1775
0.165877
0.155573
0.150825
0.143385
0.136076
0.129609
0.122639
0.11921
0.11428
0.10763
0.102795
0.099592
0.0984115
0.0989497
0.0979253
0.0987413
0.0972743
0.0954427
0.0948524
0.0926389
0.0907726
0.0904688
0.0904514
0.0882465
0.103611
0.0996007
0.0952344
0.0949045
0.0920139
0.090816
0.0895833
0.0854774
0.0840191
0.0815972
0.0806944
0.0794184
0.0782031
0.0778385
0.0749566
0.0751042
0.0859115
0.0932031
0.105703
0.121146
0.129896
0.148984
0.168646
0.179349
0.198724
0.229896
0.238932
0.26138
0.280391
0.292187
0.313281
0.338854
0.348021
0.36763
0.387891
0.395417
0.40737
0.419774
0.42572
0.446667
0.455625
0.459184
0.457205
0.4552
0.451562
0.442917
0.431311
0.425903
0.418333
0.406571
0.398811
0.383186
0.362457
0.36066
0.348394
0.339045
0.321806
0.315738
0.300087
0.294227
0.29355
0.283707
0.277405
0.268108
0.254766
0.252465
0.240998
0.228003
0.221606
0.210547
0.203845
0.200017
0.193307
0.184158
0.179262
0.173281
0.165061
0.157153
0.146571
0.138056
0.132995
0.12546
0.116788
0.109661
0.100599
0.0925868
0.0872309
0.0782552
0.0672483
0.0613542
0.052717
0.0449479
0.039566
0.0381337
0.0377257
0.0364063
0.0352344
0.0326302
0.0313281
0.0301823
0.0350608
0.0328038
0.0327778
0.0304514
0.0293142
0.028559
0.0273611
0.0272743
0.0255469
0.0248958
0.0247483
0.0240365
0.0255729
0.0268403
=======
0.705373
0.705313
0.705026
0.714896
0.713516
0.722083
0.727318
0.729444
0.737969
0.736398
0.736042
0.74553
0.741901
0.734974
0.727613
0.722005
0.717135
0.729948
0.740486
0.740547
0.746094
0.746224
0.743984
0.74724
0.744349
0.751276
0.76079
0.759123
0.757569
0.768958
0.774141
0.770564
0.776936
0.77408
0.772075
0.774887
0.784661
0.781328
0.787292
0.793151
0.790503
0.790755
0.789323
0.789167
0.793464
0.798047
0.80237
0.808828
0.80974
0.808411
0.807274
0.80697
0.803464
0.803281
0.801198
0.799141
0.800972
0.801536
0.796276
0.794236
0.791068
0.790573
0.78737
0.781901
0.779609
0.784036
0.783281
0.781224
0.781493
0.784427
0.778759
0.77467
0.773273
0.769462
0.771623
0.777691
0.775182
0.785365
0.796094
0.799036
0.807604
0.815026
0.812057
0.820573
0.813264
0.812604
0.812995
0.807995
0.804896
0.807969
0.807274
0.802144
0.803811
0.8
0.797109
0.794818
0.788672
0.785599
0.78625
0.782604
0.776302
0.771667
0.774089
0.7725
0.773021
0.771146
0.765712
0.77026
0.766146
0.765104
0.766163
0.772135
0.766641
0.760234
0.754714
0.748498
0.74276
0.734401
0.727682
0.718134
0.710495
0.707943
0.697595
0.686502
0.673646
0.674115
0.676771
0.672552
0.670547
0.660469
0.658203
0.657682
0.657396
0.653073
0.652344
0.657396
0.647786
0.661128
0.658611
0.652873
0.655573
0.663958
0.666233
0.668411
0.669974
0.67158
0.671024
0.669687
0.662396
0.657005
0.646354
0.643516
0.653203
0.652552
0.652109
0.667083
0.678594
0.677092
0.67513
0.674661
0.669323
0.673724
0.681536
0.679349
0.68026
0.681207
0.679219
0.678802
0.676849
0.677925
0.685026
0.696797
0.697344
0.707214
0.71375
0.714479
0.71928
0.722786
0.725208
0.725104
0.727448
0.720964
0.720443
0.720521
0.718932
0.718568
0.715373
0.712934
0.717266
0.711745
0.709097
0.704453
0.707387
0.707648
0.713932
0.714714
0.711311
0.700304
0.687865
0.684774
0.679089
0.673273
0.671337
0.670755
0.67026
0.664766
0.668047
0.661241
0.660807
0.665382
0.66283
0.676536
0.675286
0.682908
0.680885
0.682656
0.716823
0.707214
0.708177
0.736701
0.729714
0.728854
0.724583
0.767734
0.776276
0.773802
0.774401
0.777422
0.789167
0.784453
0.780677
0.785599
0.782995
0.786944
0.790026
0.782969
0.782682
0.776701
0.773455
0.76763
0.763776
0.758411
0.751771
0.752839
0.750738
0.749375
0.753021
0.741875
0.738776
0.736953
0.733698
0.725052
0.718585
0.711354
0.712778
0.713099
0.703872
0.708507
0.705538
0.703845
0.699401
0.698958
0.687344
0.686484
0.683785
0.681693
0.679635
0.67224
0.663698
0.656797
0.649271
0.640651
0.639375
0.6375
0.633411
0.634089
0.631042
0.625651
0.618646
0.616432
0.607066
0.599696
0.606484
0.610729
0.619714
0.615712
0.614115
0.609583
0.603568
0.597422
0.599974
0.595078
0.588333
0.586198
0.579844
0.574661
0.571406
0.566823
0.557734
0.557161
0.552405
0.546849
0.548359
0.547135
0.539583
0.541016
0.536311
0.52559
0.523359
0.517144
0.512873
0.519991
0.508767
0.501484
0.502812
0.489297
0.481207
0.47099
0.464905
0.457786
0.456727
0.457891
0.451502
0.439314
0.430677
0.420391
0.415521
0.406649
0.396597
0.39138
0.387899
0.383733
0.385408
0.387031
0.385095
0.390365
0.389141
0.379948
0.376302
0.375547
0.367812
0.370425
0.370825
0.36651
0.367561
0.368385
0.365356
0.369844
0.369063
0.365573
0.361198
0.360156
0.359844
0.371224
0.375339
0.378542
0.391458
0.407066
0.416571
0.42678
0.438646
0.458437
0.465833
0.473932
0.475286
0.488984
0.495339
0.497083
0.504687
0.516667
0.514436
0.512439
0.509661
0.508568
0.510859
0.515165
0.507873
0.513186
0.531215
0.536658
0.540981
0.543793
0.540443
0.536875
0.526432
0.520547
0.512422
0.502378
0.495391
0.488924
0.48276
0.478038
0.465477
0.457274
0.454583
0.444714
0.44099
0.43487
0.427613
0.421667
0.406016
0.394592
0.388134
0.378203
0.371797
0.364045
0.357925
0.353776
0.339453
0.332396
0.326172
0.315477
0.308134
0.304583
0.303064
0.298438
0.295165
0.29487
0.293333
0.293134
0.287214
0.283438
0.277656
0.272578
0.267214
0.25671
0.249714
0.239818
0.232847
0.224531
0.218411
0.209358
0.201493
0.194566
0.185503
0.177708
0.177457
0.168012
0.159844
0.151979
0.144427
0.136901
0.131962
0.123394
0.116641
0.113464
0.107734
0.102604
0.100651
0.0975521
0.0979948
0.096224
0.0963802
0.0953646
0.0928125
0.0918663
0.0904948
0.0899045
0.0887934
0.0870139
0.0853733
0.0997656
0.0952778
0.0928125
0.090651
0.0883247
0.0878646
0.0863542
0.0852865
0.0835417
0.0826042
0.0796875
0.0798698
0.0777778
0.076441
0.074566
0.0746094
0.0864323
0.0924219
0.10487
0.12026
0.12901
0.148594
0.167865
0.177526
0.196198
0.228524
0.238238
0.259453
0.27862
0.291042
0.312839
0.336536
0.345495
0.367422
0.385885
0.39263
0.403776
0.420495
0.428212
0.452083
0.456562
0.46026
0.455469
0.452917
0.450755
0.438437
0.424583
0.419271
0.413516
0.400469
0.394123
0.379609
0.361745
0.357543
0.345911
0.334635
0.323802
0.314531
0.298984
0.292682
0.291563
0.280582
0.273646
0.264167
0.251076
0.247396
0.239193
0.228203
0.221615
0.208802
0.203099
0.200295
0.193316
0.185964
0.176484
0.17138
0.162839
0.155703
0.146354
0.136693
0.131745
0.124045
0.116562
0.10901
0.100009
0.0922743
0.0852604
0.0750174
0.0638542
0.0572396
0.0501042
0.0415625
0.0368229
0.0359375
0.0346094
0.0344271
0.0343229
0.0332812
0.032474
0.0306771
0.033151
0.0311458
0.0310677
0.0292969
0.0289323
0.0267708
0.0257292
0.0245573
0.0234375
0.0230469
0.022717
0.0232812
0.0249219
0.0266927
>>>>>>> cfb2ab54412f372a00d5488426891cd94c460ec6
0.0328906
0.0389844
0.043724
0.0508073
0.0604861
0.0644705
0.0742188
0.0863802
0.0928125
0.10138
0.1152
0.127292
0.138828
0.15026
0.154505
0.168021
0.17901
0.185573
0.199661
0.21776
0.226979
0.239193
0.255234
0.263047
0.280417
0.298177
0.309141
0.323021
0.338542
0.346406
0.359427
0.362005
0.366536
0.365365
0.36651
0.366137
0.361641
0.35987
0.363125
0.366016
0.365417
0.363854
0.360104
0.353845
0.354748
0.346502
0.342109
0.337422
0.326615
0.323568
0.320182
0.321927
0.313073
0.314401
0.313976
0.318073
0.320391
<<<<<<< HEAD
0.324019
=======
0.324028
>>>>>>> cfb2ab54412f372a00d5488426891cd94c460ec6
0.326354
0.323516
0.322865
0.318854
0.316536
0.311944
0.310677
0.305495
0.299974
<<<<<<< HEAD
0.290104
=======
0.290122
>>>>>>> cfb2ab54412f372a00d5488426891cd94c460ec6
0.285573
0.279896
0.270964
0.262734
0.254635
0.25026
0.246832
0.233229
0.216901
0.20901
0.19375
0.179774
0.169852
0.162214
0.148646
0.143099
0.135
0.125182
0.119167
0.111068
0.100391
0.0972396
0.0860417
0.0760677
0.071224
0.0632292
0.055599
0.0516667
0.0447396
0.0396354
0.0370313
0.0319184
0.0310417
0.0298177
0.0278385
0.0240365
0.0219271
0.0196267
0.0172135
0.0154687
0.0120833
0.0100521
0.00854167
0.0065625
0.005625
0.00658854
0.00645833
0.00591146
0.00658854
0.00653646
0.00872396
0.00846354
0.00794271
0.00601563
0.00601563
0.00572917
0.00570312
0.00838542
0.00661458
0.00671875
0.00682292
0.00661458
0.00731771
0.00864583
0.00770833
0.00572917
0.00541667
0.00585938
0.00872396
0.00796875
0.00809896
0.00692708
0.00731771
0.00674479
0.00700521
0.00664062
0.00747396
0.00921875
0.0071875
0.00684896
0.00713542
0.00632813
0.00994792
0.00867188
0.00958333
0.0100521
0.0108073
0.0103385
0.0100521
0.00908854
0.00976562
0.012526
0.0121615
0.0145052
0.016276
0.0171875
0.0156771
0.0172135
0.0179167
0.020599
0.0269444
0.0364236
0.04
0.0483767
0.0570573
0.0628125
0.0685677
0.0747135
0.0772396
0.0797135
0.08375
0.0813802
0.0860677
0.0873177
<<<<<<< HEAD
0.0917014
0.0944792
0.0958854
0.0997917
0.102578
0.103177
0.104861
0.112066
=======
0.0916927
0.0944792
0.0958854
0.0998003
0.102578
0.103177
0.104878
0.112057
>>>>>>> cfb2ab54412f372a00d5488426891cd94c460ec6
0.113307
0.116875
0.121432
0.124635
0.122604
<<<<<<< HEAD
0.125469
0.122604
=======
0.125486
0.122622
>>>>>>> cfb2ab54412f372a00d5488426891cd94c460ec6
0.124844
0.125738
0.133203
0.136875
0.140703
0.145052
0.146354
0.141536
0.149583
0.15112
0.148168
0.141814
0.136536
0.129531
0.12375
0.122708
0.115833
0.110495
0.104922
0.0977865
0.0919792
0.0882292
0.0840625
0.0813021
0.0827083
0.0805208
0.0811719
0.0786719
0.0818403
0.0763281
0.0770052
0.0750087
0.071276
0.0702083
0.0670313
0.0608073
0.0582552
0.0588542
0.0563021
0.0516667
0.0514236
0.0522135
0.0519792
0.0500781
0.0483594
0.0451302
0.0420573
0.0391667
0.0365625
0.0329948
0.0284635
0.0266927
0.0242882
0.0238715
0.0227083
0.0244271
0.02375
0.0223698
0.0212674
0.02125
0.0197049
0.0185417
0.0189844
0.0197656
<<<<<<< HEAD
0.0217622
=======
0.0217448
>>>>>>> cfb2ab54412f372a00d5488426891cd94c460ec6
0.022474
0.0249219
0.0258854
0.0283073
0.0291927
0.0304687
0.0298177
0.0309896
0.0330729
0.0303646
0.0301562
0.0297917
0.0292969
0.0292188
0.0286458
0.0281771
0.0289323
0.028099
0.0251302
0.0239063
0.0202431
0.0188802
0.0233594
0.0330469
0.0470052
0.0525
0.0638281
0.0732031
0.0764323
0.0791667
0.0833854
0.083099
0.085625
0.0864063
0.0866146
0.0870052
0.0879687
0.0858333
0.0865885
0.0859375
0.0855469
0.0840885
0.0835937
0.0841667
0.08625
0.088125
0.08875
0.0922396
0.0936198
<<<<<<< HEAD
0.092283
0.0865885
=======
0.0922917
0.0865972
>>>>>>> cfb2ab54412f372a00d5488426891cd94c460ec6
0.0801302
0.074974
0.0699219
0.0680469
0.0665885
0.0591059
0.0520052
0.0464844
0.0398177
0.0329687
<<<<<<< HEAD
0.0288281
=======
0.0288368
>>>>>>> cfb2ab54412f372a00d5488426891cd94c460ec6
0.0215885
0.0159722
0.0136024
0.00838542
0.00395833
0.00469618
0.00617188
<<<<<<< HEAD
0.00834201
0.00813368
0.013099
0.0236719
0.028724
0.0391667
0.0446094
0.0458507
0.0461458
0.0474653
0.0483507
=======
0.00833333
0.00813368
0.013099
0.0236806
0.028724
0.0391667
0.0446094
0.0458333
0.0461458
0.0474479
0.0483333
>>>>>>> cfb2ab54412f372a00d5488426891cd94c460ec6
0.0483507
0.0519184
0.0516059
0.0542101
0.0550694
0.0557465
0.0590104
0.0584115
0.0589063
0.0598958
0.0609375
0.0614583
0.0615104
0.0628125
0.0636198
0.0659115
0.069401
0.0707813
0.0727691
0.0710677
0.069401
0.065651
0.0573698
0.0555729
0.0491146
0.0440104
0.042526
0.0376042
0.0333073
0.0316667
0.0290799
0.025434
0.0232726
0.0190278
0.0154167
0.0152865
0.0156771
0.0174479
0.0165365
0.0184375
0.0195312
0.0205208
0.0215365
0.0224479
0.0252865
0.0263021
0.0272135
0.0277604
0.0279427
0.0292708
0.0298177
0.0310937
0.0307812
0.0303385
0.031849
0.0328125
0.0327344
0.0330469
0.0348698
0.034401
0.0360417
0.0369271
0.0372135
0.0380903
0.0358594
0.0344705
0.0327431
0.0363889
0.0390191
0.0457378
0.0538021
0.0578299
0.0661372
0.0737413
0.0770833
0.0781684
0.0795226
<<<<<<< HEAD
0.0801736
0.0818229
0.0820573
=======
0.080191
0.0818229
0.0820747
>>>>>>> cfb2ab54412f372a00d5488426891cd94c460ec6
0.083776
0.0867969
0.0888542
0.0908073
0.0917882
0.0931684
0.0963021
0.09875
0.0998437
0.0998698
0.102109
0.102578
0.104583
0.106068
0.10474
0.10487
0.107734
0.109115
0.111849
0.109687
0.112161
0.11474
0.116198
0.116788
0.116554
0.115208
0.113516
0.10849
0.102439
0.096224
0.0934028
0.0857813
0.0785156
0.0745486
0.0648177
0.0560156
0.05375
0.0450781
0.0383333
0.039184
0.0318229
0.0257552
<<<<<<< HEAD
0.0229687
0.016901
0.0135156
0.0116406
0.00984375
0.00940104
0.00940104
0.00942708
0.00950521
=======
0.0229774
0.0169097
0.0135243
0.0116493
0.00985243
0.00940972
0.00940972
0.00943576
0.00951389
>>>>>>> cfb2ab54412f372a00d5488426891cd94c460ec6
0.00951389
0.00956597
0.00990451
0.00992188
0.00994792
0.00979167
0.00953125
0.00953125
0.00950521
0.00932292
0.0090625
0.00934896
0.00934896
0.00838542
0.00942708
0.00872396
0.00864583
0.00875
0.00893229
0.00903646
0.00903646
0.0090625
0.0090625
0.00877604
0.00880208
0.00872396
0.0084375
0.00841146
0.00846354
0.00846354
0.00846354
0.00846354
0.00848958
0.00848958
0.00854167
0.00861979
0.00859375
0.00859375
0.00820313
0.00817708
0.008125
0.00947917
0.009375
0.00919271
0.00851563
0.00848958
0.00830729
0.00796875
0.00822917
0.00830729
0.00833333
0.00830729
0.00953125
0.016276
0.0202344
0.0277344
0.0349219
0.0367188
0.0413802
0.0452604
0.0463542
0.046875
0.0494531
0.0509115
0.0514844
0.0589323
<<<<<<< HEAD
0.0639583
0.0767969
0.0883333
0.0950781
0.104375
=======
0.0639757
0.0768142
0.0883507
0.0950955
0.104392
>>>>>>> cfb2ab54412f372a00d5488426891cd94c460ec6
0.120443
0.129896
0.139401
0.147109
0.151849
0.159922
0.168646
0.174766
0.180938
0.188542
0.193359
0.195026
0.205234
0.2075
0.214427
0.219427
0.22329
0.222031
0.219401
0.216823
0.208307
0.204505
0.201823
0.198325
0.19599
0.197266
0.196745
0.197083
0.196354
0.196163
0.198021
0.201337
0.195104
0.196042
0.194418
0.184861
0.181892
0.177231
0.175547
0.169861
0.170686
0.166806
0.156345
0.154019
0.146762
0.138177
<<<<<<< HEAD
0.135738
=======
0.136484
>>>>>>> cfb2ab54412f372a00d5488426891cd94c460ec6
0.130547
0.123793
0.120339
0.113047
<<<<<<< HEAD
0.10612
0.103845
0.0976042
0.0918229
0.0886024
0.080651
0.0746615
0.0720573
0.0667622
0.0627865
0.0609635
0.0609635
0.0610938
0.061276
0.0610938
0.0598958
0.059974
0.0604167
0.06
0.0611719
0.0620052
0.0627344
0.0635938
0.0620052
0.0629427
0.0607552
0.0615104
0.0620313
0.0626302
0.0620573
0.0652083
0.065
0.0665885
0.0682031
0.069809
0.0751562
0.0799219
0.0821094
0.0878385
0.0934896
0.0966406
0.0968229
0.100964
0.102682
0.103047
0.104766
0.105304
0.106094
0.106823
0.108385
0.108594
0.111042
0.11112
0.112526
0.114557
0.116042
0.118229
0.119974
0.118594
0.120095
0.121484
0.122552
0.123385
0.124349
0.125703
0.12651
=======
0.10599
0.103385
0.0966146
0.0907899
0.0866927
0.0808333
0.0749392
0.0716667
0.0678125
0.0634115
0.0616406
0.0607552
0.0610938
0.0608333
0.0613281
0.060625
0.0596094
0.0607292
0.0601563
0.0615104
0.061875
0.0629427
0.0624479
0.0626302
0.0629948
0.0611458
0.0617708
0.0624479
0.061849
0.0627083
0.0643229
0.0657031
0.067526
0.0683333
0.0702344
0.0752344
0.0792188
0.0821094
0.0878385
0.0934896
0.096658
0.0969531
0.101198
0.1025
0.103776
0.10526
0.105304
0.10638
0.108177
0.108177
0.108177
0.110859
0.11013
0.111745
0.115781
0.116276
0.118359
0.120469
0.119688
0.12112
0.122526
0.12276
0.123854
0.125156
0.125521
0.127135
>>>>>>> cfb2ab54412f372a00d5488426891cd94c460ec6
0.12974
0.131615
0.131406
0.132344
<<<<<<< HEAD
0.129531
=======
0.129844
>>>>>>> cfb2ab54412f372a00d5488426891cd94c460ec6
0.134687
0.134844
0.136042
0.136172
0.136276
0.137708
0.138307
0.138932
0.139826
0.140408
0.141172
0.140095
0.143924
0.146589
0.148325
0.149974
0.152005
0.154609
0.154453
0.155182
0.15375
0.154661
0.153776
0.154878
0.154262
0.157604
0.157656
0.157917
0.157109
0.1575
0.160182
0.161641
0.162969
0.162891
0.16526
0.16362
0.167031
0.16612
0.166623
0.164462
0.164714
0.167266
0.166953
0.167031
0.166927
0.163594
0.165668
0.167691
0.169271
0.167943
0.16901
0.168255
0.169687
<<<<<<< HEAD
0.16875
0.168125
0.169314
0.169783
=======
0.168759
0.168125
0.169314
0.169792
>>>>>>> cfb2ab54412f372a00d5488426891cd94c460ec6
0.16947
0.169028
0.169184
0.169861
0.169193
0.167595
0.167075
0.166536
0.166832
0.165807
0.166224
0.1675
0.166693
0.170443
0.168854
0.169609
0.168958
0.167604
0.168385
0.17112
0.170937
0.169687
0.170052
0.170234
0.169609
0.169818
0.169609
0.172839
0.177917
0.179583
0.184705
0.188411
0.189036
0.192057
0.189505
0.189271
0.186042
0.182448
0.177526
0.176224
0.174375
0.17263
0.172925
0.172769
0.173038
0.173976
0.175139
0.17651
0.177969
0.178724
0.178177
0.175833
0.173255
0.172083
0.172839
0.173385
0.172161
0.174089
0.177839
0.179453
0.184028
0.186901
0.187422
0.188516
0.189818
0.189557
0.191536
0.193229
0.195417
0.194115
0.191536
0.193828
0.191406
0.191146
0.191901
0.194531
0.193932
0.193776
0.192578
0.194922
0.193828
0.193099
0.193906
<<<<<<< HEAD
0.193611
0.193715
0.196033
0.19559
0.194575
=======
0.193594
0.193698
0.196016
0.195573
0.194557
>>>>>>> cfb2ab54412f372a00d5488426891cd94c460ec6
0.191484
0.191432
0.192005
0.192161
0.191146
0.191875
0.191979
0.192083
0.190651
0.190964
0.192839
0.193125
0.19625
0.196198
0.19638
0.195833
0.198073
0.19763
0.19612
0.197474
0.201693
0.200833
0.200469
0.204219
0.20375
0.201667
0.20013
0.20026
0.200365
0.201693
0.205964
0.206953
0.213828
0.218385
0.222943
0.231667
0.237318
0.242005
0.251953
0.258229
0.260417
0.266823
0.270807
0.273151
0.278385
0.286719
<<<<<<< HEAD
0.291172
=======
0.291198
>>>>>>> cfb2ab54412f372a00d5488426891cd94c460ec6
0.297891
0.30625
0.310365
0.309141
0.315104
0.320964
0.328411
0.335938
0.340703
0.347552
0.352786
0.357708
0.362083
0.368021
0.371146
0.378906
0.386068
0.389661
0.393437
0.397708
0.399427
0.403646
0.407031
0.409089
0.41388
0.418125
0.421224
0.425208
0.430564
0.433845
0.43546
0.438559
0.441892
0.450955
0.457023
0.461762
0.468038
0.472908
0.476736
0.484054
0.49059
0.496137
0.500694
0.505564
0.510486
0.514913
0.522057
0.524089
0.52546
0.531398
0.536198
<<<<<<< HEAD
0.539175
=======
0.539167
>>>>>>> cfb2ab54412f372a00d5488426891cd94c460ec6
0.545226
0.548134
0.550078
0.54875
0.548368
0.558125
0.564245
0.568854
0.576918
0.580955
0.582491
0.589948
0.595651
0.593203
0.598203
0.600313
0.600825
0.60322
<<<<<<< HEAD
0.603602
0.60526
0.610104
0.615764
0.615165
0.617856
0.620469
0.62178
0.637908
0.638342
0.637925
0.636753
0.612075
=======
0.603359
0.60526
0.607474
0.614505
0.613203
0.615573
0.620625
0.620651
0.63763
0.638385
0.63487
0.636875
0.610781
>>>>>>> cfb2ab54412f372a00d5488426891cd94c460ec6
0.608941
0.609931
0.609358
0.609019
0.610035
0.609783
0.610356
0.609392
0.611372
0.612543
0.610877
0.604965
0.605503
0.605729
0.606719
0.607109
0.606797
<<<<<<< HEAD
0.609809
0.608559
=======
0.609792
0.608542
>>>>>>> cfb2ab54412f372a00d5488426891cd94c460ec6
0.610703
0.608264
0.613082
0.616467
0.620816
0.622092
0.624566
0.628342
<<<<<<< HEAD
0.624479
=======
0.624488
>>>>>>> cfb2ab54412f372a00d5488426891cd94c460ec6
0.630573
0.634922
0.634766
0.642813
0.646615
0.652057
0.648958
0.645521
0.644531
0.644167
0.642656
0.64099
0.640521
<<<<<<< HEAD
0.644792
=======
0.6448
>>>>>>> cfb2ab54412f372a00d5488426891cd94c460ec6
0.645521
0.647917
0.651536
0.657786
0.661458
0.667578
0.670104
0.674609
0.67724
0.678672
0.682786
0.685677
0.685911
0.687031
0.68625
0.686276
0.685365
0.683099
0.681562
0.679193
0.676771
0.677318
0.67401
0.673724
0.673125
0.671901
0.670078
<<<<<<< HEAD
0.669983
=======
0.669991
>>>>>>> cfb2ab54412f372a00d5488426891cd94c460ec6
0.666927
0.664766
0.664505
0.663524
0.663594
0.665052
<<<<<<< HEAD
0.665582
=======
0.665573
>>>>>>> cfb2ab54412f372a00d5488426891cd94c460ec6
0.663698
0.664141
0.662083
0.661198
<<<<<<< HEAD
0.661094
0.659227
=======
0.661085
0.659236
>>>>>>> cfb2ab54412f372a00d5488426891cd94c460ec6
0.657222
0.655868
0.656519
0.654931
0.656545
0.657665
0.660582
0.660885
<<<<<<< HEAD
0.662891
0.662656
0.66349
0.666328
0.665312
0.662969
=======
0.662908
0.662674
0.663507
0.666345
0.66533
0.662986
>>>>>>> cfb2ab54412f372a00d5488426891cd94c460ec6
0.661823
0.664531
0.665052
0.664766
0.666354
0.665807
0.666302
0.666849
0.668359
0.669922
0.670026
0.670599
0.671181
0.672786
0.673385
0.67362
0.67401
0.675365
0.675312
0.679592
0.679436
0.681155
0.683082
0.684358
0.684453
0.68401
0.685729
0.685469
0.685217
0.685087
0.687135
0.68513
0.687118
0.687326
0.68862
0.688646
0.688594
0.687891
0.687005
0.689514
0.689618
0.689852
0.690868
0.692378
0.691988
0.692248
0.692977
0.693915
0.694957
0.701858
0.700009
0.70191
0.704358
0.705217
0.7098
0.711936
0.713733
0.71079
0.713264
0.712535
0.711832
0.711467
0.712977
0.712639
0.714722
0.713377
0.714184
0.714965
0.71553
0.716675
0.717326
0.71691
0.717248
0.718394
0.719774
0.719071
0.718472
0.718576
0.717951
0.718316
0.719071
0.718733
0.719071
0.718108
0.717691
0.718707
0.718212
0.718394
0.719097
0.718655
0.719462
0.719905
0.71941
0.720243
0.719957
0.720425
0.719983
<<<<<<< HEAD
0.719878
=======
0.719887
>>>>>>> cfb2ab54412f372a00d5488426891cd94c460ec6
0.716727
0.716337
0.716571
0.715582
0.716146
0.716302
0.716363
0.716858
0.716675
0.717144
0.717977
0.719071
<<<<<<< HEAD
0.719332
0.719401
=======
0.71934
0.719384
>>>>>>> cfb2ab54412f372a00d5488426891cd94c460ec6
0.719227
0.71928
0.720816
0.720842
0.720738
0.719931
0.718628
0.719071
0.71941
<<<<<<< HEAD
0.721562
0.722943
=======
0.721545
0.722925
>>>>>>> cfb2ab54412f372a00d5488426891cd94c460ec6
0.729514
0.7248
0.725347
0.727422
0.728082
0.726806
0.72454
0.724097
0.724488
0.726467
0.728707
0.729036
0.730078
0.730599
0.730573
0.731571
0.734488
0.734583
0.733255
0.73263
0.734479
0.734167
0.734115
0.733568
0.733802
0.725738
0.725582
0.726858
0.726415
0.725582
0.723993
0.724358
0.725556
0.727561
0.725686
0.726319
0.72513
0.72599
0.725859
0.72375
0.723516
0.723229
0.722682
0.722378
0.72329
0.724019
0.723576
0.722448
0.723516
0.722717
<<<<<<< HEAD
0.725408
=======
0.725417
>>>>>>> cfb2ab54412f372a00d5488426891cd94c460ec6
0.724418
0.725469
0.725512
0.724462
<<<<<<< HEAD
0.723759
=======
0.723767
>>>>>>> cfb2ab54412f372a00d5488426891cd94c460ec6
0.723576
0.72316
0.723446
0.722248
0.721128
<<<<<<< HEAD
0.720486
0.721345
=======
0.720477
0.721337
>>>>>>> cfb2ab54412f372a00d5488426891cd94c460ec6
0.720347
0.721832
0.721102
0.720842
0.721884
0.722066
0.722196
0.721207
0.721675
0.722274
0.721858
0.722118
0.715712
0.716076
0.717509
0.71441
0.714566
0.714774
0.714878
0.717014
0.71592
0.715373
0.716311
0.716102
0.715139
0.714878
0.713837
0.713342
0.712431
0.712752
0.713472
0.714514
0.71408
0.714957
0.715399
0.715399
0.714253
0.71079
0.710451
0.710868
0.710425
0.711675
<<<<<<< HEAD
0.710946
0.710113
0.710217
=======
0.710955
0.710113
0.710226
>>>>>>> cfb2ab54412f372a00d5488426891cd94c460ec6
0.708394
0.707405
0.706337
0.705477
0.704175
0.703681
0.703316
0.702899
0.702977
0.702274
0.701181
0.702743
0.701415
<<<<<<< HEAD
0.701467
0.700998
=======
0.701493
0.701024
>>>>>>> cfb2ab54412f372a00d5488426891cd94c460ec6
0.700295
0.700295
0.701858
0.701701
0.702587
0.701675
0.703368
0.703498
0.704201
0.70441
0.705217
0.7048
0.706337
0.708082
0.707535
0.708134
0.709384
0.709774
0.710738
0.713082
0.714462
0.715061
0.715972
0.715035
0.714696
0.715243
0.714826
0.716285
0.713863
0.71428
0.713707
0.714123
0.713394
0.713108
0.712639
0.712066
0.712691
0.711207
0.710269
0.710608
0.70967
0.710503
0.70954
0.708889
0.708811
0.709097
0.709253
0.709227
0.708811
0.709592
0.70954
0.709931
0.710998
0.712326
0.71204
0.712066
0.712535
0.712509
0.712535
0.712483
0.712274
0.713472
0.713707
0.714332
0.714462
0.713993
0.714358
0.714566
0.714852
0.715269
0.714852
0.715608
0.716649
0.715738
0.715347
0.71467
0.71355
0.715295
0.714384
0.712352
0.711936
0.710347
0.711076
0.711727
0.710191
0.708186
0.707326
0.704878
0.70678
0.705634
0.70441
0.70191
0.702691
0.703759
0.702691
0.703212
0.702899
0.703733
0.702665
0.702431
0.702378
0.701988
0.701701
0.702665
0.701806
0.70191
0.702535
0.702118
0.701858
0.701623
0.701207
0.702196
0.702222
0.701988
0.701128
0.701259
0.701441
0.701545
0.701858
0.701571
0.701545
0.701623
0.702092
0.701753
0.701988
0.701545
0.701884
0.704592
0.704045
0.705946
0.706806
0.705035
0.705035
0.7048
0.703993
0.703498
0.702873
0.702899
0.702587
0.702483
0.702457
0.702326
0.701988
0.701363
0.701181
0.701285
0.701233
0.701128
0.701311
0.701493
0.701415
0.701467
0.701076
0.699488
0.701415
0.701467
0.700556
0.701155
0.700243
0.702795
0.703524
0.703889
0.705894
0.705738
0.706128
0.706545
0.707535
0.707665
0.708238
0.708628
0.709071
0.707795
0.70842
0.708576
0.708915
0.708863
0.708967
0.712196
0.711155
0.711806
0.710738
0.710165
0.711988
0.711389
0.713264
0.713993
0.716467
0.713993
0.713056
0.713316
0.713056
0.713108
0.713576
0.714097
0.714253
0.715191
0.714905
0.714722
0.714618
0.714983
0.715451
0.714097
0.714462
0.714384
0.714462
0.714878
0.715087
0.714931
0.714618
0.714696
0.714878
0.713342
0.71454
0.715321
0.713498
0.712092
0.709436
0.709696
0.707509
0.705608
0.705816
0.706832
0.706389
0.706389
0.706493
0.707118
0.708003
0.708576
0.709462
0.710243
0.710399
0.710521
0.711432
0.711068
0.712821
0.71428
0.719609
0.720469
0.7202
0.719714
0.719974
0.720156
0.71987
0.716745
0.716797
0.716198
0.715408
0.715009
0.714722
0.713681
0.713472
0.71553
0.715677
0.716181
0.716467
0.719019
0.719236
0.719253
0.719245
0.719071
0.719957
0.722431
0.720998
0.722457
0.722066
0.721389
0.720712
0.720868
0.719722
0.718602
0.718915
0.718394
0.716884
0.717352
0.716311
0.716649
0.716467
0.716337
0.714644
0.713811
0.71217
0.711363
0.71217
0.711597
0.711467
0.711727
0.711311
0.712222
0.711259
0.71079
0.710816
0.710634
0.709106
0.709826
0.709175
0.709097
0.709227
0.7098
<<<<<<< HEAD
0.709644
=======
0.709653
>>>>>>> cfb2ab54412f372a00d5488426891cd94c460ec6
0.709705
0.708759
0.709175
0.708446
0.708628
0.709019
0.70816
0.708368
0.708368
0.708576
0.707587
0.707743
0.706884
0.706936
0.706024
0.70697
0.705894
0.706024
0.706181
0.707144
0.706415
0.70704
0.70829
0.707561
0.707561
0.707795
0.70717
0.707274
0.709019
0.709905
0.709774
0.710451
0.71053
0.709878
0.710451
0.711181
0.709566
0.706311
0.706311
0.704826
0.706259
0.705295
0.706493
0.705165
0.705373
0.704852
0.705061
0.703941
0.704774
0.705061
0.703915
0.702691
0.702951
0.703368
0.701858
0.702925
0.703186
0.702743
0.702509
0.702743
0.703056
0.703003
0.703212
0.701181
0.700347
0.701207
0.70092
0.700738
0.700503
0.69941
0.700842
0.699644
0.70066
0.699045
0.698342
0.698681
0.699149
0.698863
0.698837
0.698368
0.698498
0.698941
0.699931
0.700217
0.699774
0.699462
0.699826
0.703681
0.704097
0.703628
0.703446
0.70467
0.705009
0.705269
0.705321
0.704748
0.704462
0.704175
0.702847
0.703212
0.704462
0.704149
0.70553
0.706233
0.70592
0.706962
0.707274
0.707743
0.708602
0.709332
0.710035
0.710712
0.71105
0.712587
0.71355
0.714149
0.714045
0.714488
0.714983
0.715764
0.716962
0.717613
0.717665
0.717066
0.71704
0.716441
0.716311
0.716493
0.716207
0.716076
0.716675
0.718186
0.71842
<<<<<<< HEAD
0.719462
0.718394
0.717691
0.717405
0.722882
=======
0.719479
0.718411
0.717708
0.717422
0.722899
>>>>>>> cfb2ab54412f372a00d5488426891cd94c460ec6
0.722934
0.72322
0.72309
0.722752
0.723429
0.722908
0.723611
0.724236
0.724549
0.725434
0.726554
0.726519
0.727378
0.727795
0.727483
0.729314
0.730408
0.731111
0.731502
0.731762
0.731962
0.733759
0.734158
0.734262
0.731267
0.733194
0.73322
0.733038
0.731997
0.732856
0.7327
0.73309
0.733325
0.733898
0.734262
0.734132
0.734523
0.735148
0.734627
0.73546
0.735434
0.735095
0.734262
0.733637
0.733898
0.733976
0.734288
0.734418
0.734288
0.737335
0.737179
0.737153
0.737439
0.736398
0.734314
0.733715
0.73434
0.733976
0.733741
0.733194
0.733481
0.732882
0.732491
0.731944
0.733038
0.732882
0.733637
0.733455
0.734158
0.73421
<<<<<<< HEAD
0.733741
0.733689
=======
0.733759
0.733707
>>>>>>> cfb2ab54412f372a00d5488426891cd94c460ec6
0.734575
0.733793
0.7373
0.73717
0.736936
0.736415
0.738186
0.737561
<<<<<<< HEAD
0.736285
=======
0.736302
>>>>>>> cfb2ab54412f372a00d5488426891cd94c460ec6
0.736076
0.73605
0.737144
0.73717
0.737118
0.737274
0.737248
0.736076
0.736649
0.737457
0.738003
0.737509
0.737821
0.737561
0.737587
0.737509
0.737326
0.736519
<<<<<<< HEAD
0.737326
=======
0.737335
>>>>>>> cfb2ab54412f372a00d5488426891cd94c460ec6
0.737769
0.737535
0.738524
0.738342
0.73803
0.737899
0.737821
0.738264
0.738316
0.737925
0.737326
0.736727
0.736519
0.736493
0.736415
0.736467
0.736832
0.7373
0.737196
0.737873
0.737222
<<<<<<< HEAD
0.737717
=======
0.737726
>>>>>>> cfb2ab54412f372a00d5488426891cd94c460ec6
0.737326
0.737587
0.730226
0.729861
0.731033
0.730616
0.731163
0.732075
0.731345
0.731554
0.73171
0.731137
0.731502
0.7327
0.731189
0.731658
0.731137
0.731866
0.731944
0.731476
0.731345
0.731762
0.732387
0.732179
0.732101
0.732075
0.732231
0.737075
0.73572
0.736736
0.73684
0.73697
0.737023
0.738559
0.738481
0.738038
0.738403
0.737413
0.738299
0.737543
0.738038
0.737413
0.736892
0.736372
0.737804
0.738064
0.737908
0.738325
0.738872
0.738872
0.738663
0.738585
0.733533
0.734184
0.734236
0.73434
0.734705
0.734158
0.73447
0.734549
<<<<<<< HEAD
0.734071
=======
0.734054
>>>>>>> cfb2ab54412f372a00d5488426891cd94c460ec6
0.734627
0.734731
0.734575
0.732804
0.731684
0.731762
0.733194
0.732283
0.733142
0.735043
0.734887
0.736684
0.737309
0.737023
0.737283
0.737153
0.736814
0.737283
0.737283
0.737439
0.737179
0.736962
0.737361
0.737023
0.73697
0.736771
0.736137
0.736111
0.735642
0.736632
0.736241
0.73559
0.735521
0.735521
0.735278
0.736059
<<<<<<< HEAD
0.736623
=======
0.736606
>>>>>>> cfb2ab54412f372a00d5488426891cd94c460ec6
0.735122
0.734132
0.734158
0.734392
0.732674
0.732179
0.732335
0.732101
0.732361
0.732674
0.731632
0.731554
0.731111
0.731528
0.731476
0.733585
0.735122
0.734965
0.735486
0.734861
0.734835
0.734861
0.734887
0.734757
0.734783
0.735382
0.734366
0.734523
0.734783
0.736111
0.735486
0.73395
<<<<<<< HEAD
0.733507
=======
0.733516
>>>>>>> cfb2ab54412f372a00d5488426891cd94c460ec6
0.733924
0.733976
0.734054
0.733767
0.732934
0.7327
0.7327
0.73296
0.733142
0.732335
0.732674
0.734809
0.734392
0.734418
0.733845
0.733351
0.734028
0.733663
0.733663
0.73408
0.734054
0.736319
0.736293
0.7352
0.735408
0.7352
0.735304
0.735226
0.734106
0.735252
0.735408
0.734601
0.734627
0.734705
0.735877
0.735877
0.736372
0.737908
0.738559
0.738273
0.738611
0.736944
0.737648
0.73697
0.737205
0.737309
0.736345
0.735252
0.735512
0.734939
0.73684
0.736944
0.737179
0.737257
0.737422
0.737595
0.737153
0.737309
0.73697
0.736849
0.736432
0.737083
0.736484
0.735938
0.73638
0.735755
0.735399
0.738108
0.738377
0.738637
0.740981
0.741311
0.741328
0.743533
0.745773
0.745434
0.747361
0.747205
0.747422
0.746823
0.747413
0.74822
0.751111
0.752969
0.75388
0.756944
0.755981
0.756215
0.759106
0.758976
0.761319
0.762995
0.763351
0.766111
0.763785
0.768168
0.765833
0.769262
0.769939
0.771814
0.774575
0.781866
0.783116
0.786319
0.788012
0.789054
0.791484
0.794705
0.79395
0.799887
0.800564
0.802335
0.805226
0.808559
0.810174
0.811632
0.810616
0.811658
0.812569
0.817595
0.816476
0.806892
0.809705
0.807439
0.813689
0.814575
0.816467
0.817439
0.82138
0.824418
0.82822
0.830122
0.833637
0.836684
0.841762
0.842205
0.843568
0.843976
0.84546
0.844826
0.849679
0.848585
0.847726
0.850972
0.85237
0.854809
0.849002
0.849731
0.848142
0.847769
0.844462
0.843038
0.839948
0.836806
0.831441
0.826328
0.825955
0.817778
0.809384
0.8052
0.796589
0.788872
0.783134
0.781554
0.776944
0.772405
0.752899
0.750069
0.751649
0.729688
0.724401
0.717847
0.712943
0.709036
0.706658
0.686406
<<<<<<< HEAD
0.694601
0.694045
0.706675
0.71967
0.724844
0.739922
0.745738
0.742483
0.75849
0.766476
0.765017
0.777795
0.781545
0.780312
0.79
0.795286
0.791701
0.793038
0.786337
0.778472
0.77513
0.783316
0.782691
0.784436
0.785191
0.785825
0.78197
0.787031
0.784488
0.78987
0.793281
0.793915
0.788264
0.785278
0.779097
0.779253
0.780486
0.772057
0.76046
0.746884
0.738681
0.735191
0.738854
0.751128
0.763611
0.766259
0.760373
0.764531
0.768003
0.767977
0.773863
0.771372
0.764948
0.761233
0.753455
0.748012
0.749722
0.744792
0.737144
0.740608
0.743845
0.738984
0.737465
0.747509
0.745477
0.745061
0.745217
0.744184
0.746059
0.73855
0.739505
0.730156
0.727656
0.730408
0.733689
0.728837
0.720608
0.715295
0.717396
0.718698
0.723064
0.72204
0.725061
0.729575
0.741753
0.742691
0.746398
0.753325
0.748845
0.754288
0.74487
0.73928
0.738698
0.733255
0.732474
0.752587
0.751189
0.744844
0.74217
0.739661
0.738663
0.738273
0.737778
0.736146
0.742049
0.748255
0.748116
0.744748
0.737309
0.737682
0.7352
0.734236
0.729097
0.732344
0.731962
0.725573
0.724991
0.726111
0.722326
0.722118
0.7123
0.709722
0.710885
0.703021
0.699097
0.698038
0.699514
0.692457
0.69803
0.703082
0.698229
0.69178
0.687639
0.681953
0.689123
0.69079
0.684227
0.68
0.679175
0.672648
0.673724
0.673325
0.670816
0.672396
0.679002
0.684514
0.678837
0.676918
0.670582
0.679453
0.680191
0.674809
0.673186
0.666024
0.663212
0.662665
0.656597
0.65105
0.647326
0.657352
0.654983
0.664097
0.668108
0.667396
0.672118
0.670113
0.671571
0.669384
0.663255
0.663993
0.659957
0.659253
0.651545
0.648307
0.650964
0.643142
0.644418
0.647656
0.646719
0.638194
0.639514
0.630486
0.632057
0.634609
0.637604
0.633967
0.636259
0.633073
0.637283
0.646832
0.647335
0.648108
0.654566
0.656788
0.657917
0.670755
0.668568
0.671146
0.671302
0.666068
0.672127
0.678802
0.684531
0.691363
0.684436
0.690078
0.690729
0.693785
0.689505
0.695312
0.699314
0.696788
0.700946
0.695104
0.687023
0.690321
0.68145
0.677804
0.674262
0.667144
0.66941
0.672109
0.672613
0.66342
0.662413
0.669601
0.671128
0.668481
0.671502
0.679922
0.680755
0.681458
0.678594
0.688429
0.68822
0.684878
0.679896
0.686858
0.676858
0.677031
0.676858
0.673264
0.663915
0.660625
0.654566
0.653984
0.645781
0.639957
0.632014
0.627118
0.621649
0.619427
0.619253
0.614688
0.612075
0.602682
0.600703
0.60099
0.605399
0.604375
0.594835
0.590373
0.591589
0.602769
0.608047
0.608516
0.61375
0.615816
0.618437
0.622318
0.617135
0.62467
0.629097
0.630833
0.62671
0.640182
0.651076
0.654245
0.65579
0.667274
=======
0.693229
0.694201
0.705
0.71901
0.722439
0.73862
0.746033
0.745191
0.759618
0.767509
0.76987
0.779401
0.781502
0.782031
0.791649
0.796389
0.795703
0.793984
0.7875
0.780807
0.776745
0.787292
0.783151
0.783958
0.787075
0.784401
0.782813
0.785312
0.787266
0.7898
0.791198
0.790651
0.789497
0.783359
0.778012
0.774375
0.778958
0.769766
0.756094
0.745833
0.73763
0.735573
0.735052
0.745938
0.76125
0.768611
0.763281
0.765686
0.768273
0.765851
0.76947
0.7673
0.760269
0.755981
0.753681
0.748177
0.748359
0.742083
0.737465
0.739071
0.737812
0.737969
0.736484
0.744349
0.739922
0.740651
0.742057
0.741832
0.745573
0.737318
0.734818
0.725625
0.724427
0.726927
0.729714
0.721536
0.718299
0.710677
0.716432
0.716102
0.717865
0.716667
0.721094
0.72776
0.738056
0.739089
0.744991
0.754792
0.749167
0.750938
0.745955
0.739653
0.738203
0.731875
0.731797
0.751875
0.748924
0.742483
0.739479
0.739453
0.738411
0.735165
0.737552
0.736615
0.741641
0.749757
0.748333
0.746719
0.742153
0.740556
0.739089
0.736832
0.734549
0.734071
0.73151
0.727483
0.72737
0.729332
0.724635
0.719974
0.715391
0.714531
0.712682
0.701536
0.699731
0.698776
0.701042
0.695964
0.695286
0.704635
0.699505
0.696562
0.689792
0.687005
0.693785
0.691875
0.688594
0.682474
0.679635
0.674557
0.67526
0.677405
0.675365
0.673472
0.683811
0.685729
0.680773
0.675582
0.67237
0.681328
0.67875
0.675703
0.672656
0.667865
0.665417
0.663438
0.657396
0.650339
0.647066
0.660391
0.657813
0.660781
0.667578
0.667734
0.673698
0.673516
0.672682
0.666875
0.661545
0.66099
0.66349
0.657604
0.650729
0.648698
0.649922
0.644418
0.644453
0.648333
0.647222
0.640833
0.643533
0.634036
0.636302
0.643333
0.639792
0.638984
0.636693
0.632995
0.639115
0.648724
0.649896
0.655833
0.658776
0.659531
0.661545
0.671059
0.665122
0.671007
0.672292
0.666189
0.674193
0.681432
0.685764
0.6898
0.688003
0.692457
0.692196
0.694375
0.692023
0.694349
0.700469
0.695799
0.701198
0.694427
0.685573
0.688255
0.681771
0.677214
0.672839
0.673177
0.673802
0.673264
0.671146
0.667014
0.665781
0.669115
0.670156
0.674436
0.674766
0.684123
0.683464
0.681849
0.679835
0.689358
0.690894
0.685807
0.68342
0.68474
0.680443
0.678255
0.67474
0.674887
0.66737
0.660885
0.654245
0.653333
0.644497
0.63697
0.629297
0.623351
0.620104
0.621424
0.618299
0.613646
0.614323
0.601849
0.596667
0.60026
0.604401
0.5998
0.592309
0.591719
0.591589
0.60276
0.608047
0.608516
0.613741
0.615816
0.618437
0.622326
0.617135
0.62467
0.629106
0.630842
0.62671
0.640174
0.651068
0.654236
0.655781
0.667266
>>>>>>> cfb2ab54412f372a00d5488426891cd94c460ec6
0.669714
0.674488
0.671693
0.667439
0.662422
0.657292
0.653281
0.642786
<<<<<<< HEAD
0.635339
0.633698
0.62724
0.618108
0.614401
0.612405
0.612187
0.601042
0.601024
0.596649
0.592066
0.58691
0.574644
0.569288
0.562934
0.56276
0.561085
0.561146
0.55013
0.544922
=======
0.635356
0.633698
0.62724
0.618099
0.614392
0.611415
0.606458
0.598151
0.600521
0.600477
0.59401
0.587474
0.577509
0.567101
0.562248
0.561814
0.56013
0.560182
0.549167
0.543958
>>>>>>> cfb2ab54412f372a00d5488426891cd94c460ec6
0.531163
0.532734
0.531788
0.528099
0.537708
0.536458
0.545755
0.542292
<<<<<<< HEAD
0.542517
0.544427
0.547622
0.547274
0.539983
0.545226
0.540773
0.537222
0.536415
0.53467
0.534731
0.524505
0.520955
0.515868
0.504965
0.499705
0.490391
0.482543
0.484792
0.485165
0.48158
0.475981
0.473863
0.475608
0.464757
0.466085
0.467578
0.471207
0.474583
0.471406
0.474557
0.473073
0.473281
0.475252
0.466589
0.46388
0.45724
0.455859
0.450026
0.450104
0.445443
0.441146
=======
0.541554
0.543464
0.546658
0.546311
0.539019
0.544262
0.539809
0.536259
0.535451
0.533707
0.533767
0.523542
0.519991
0.514905
0.504002
0.498741
0.489427
0.485885
0.484809
0.485165
0.481536
0.476016
0.475
0.478151
0.470026
0.467622
0.469479
0.470243
0.47362
0.470443
0.473594
0.472109
0.472318
0.474288
0.465625
0.462917
0.456276
0.454896
0.449062
0.449141
0.444479
0.440182
>>>>>>> cfb2ab54412f372a00d5488426891cd94c460ec6
0.443229
0.441641
0.435217
0.43474
0.433958
0.423568
0.424245
0.411545
<<<<<<< HEAD
0.406484
0.406111
0.404705
0.395425
=======
0.405521
0.405148
0.403741
0.394462
>>>>>>> cfb2ab54412f372a00d5488426891cd94c460ec6
0.385781
0.380417
0.374332
0.374531
0.363247
0.363064
0.36224
0.365703
<<<<<<< HEAD
0.366215
0.369089
0.371684
0.376667
0.375911
0.377422
0.377344
0.378958
0.377812
0.383099
0.382917
0.385885
0.387474
=======
0.365252
0.368125
0.37072
0.375703
0.374948
0.377439
0.377361
0.378976
0.37783
0.383116
0.382934
0.385885
0.387491
>>>>>>> cfb2ab54412f372a00d5488426891cd94c460ec6
0.382656
0.384844
0.384167
0.382109
0.380382
0.393229
0.393906
0.396571
<<<<<<< HEAD
0.401884
0.405773
0.409748
0.402352
0.405139
0.408594
0.409201
0.408186
0.408655
=======
0.401875
0.405764
0.40974
0.402344
0.40513
0.408585
0.409193
0.408177
0.408646
>>>>>>> cfb2ab54412f372a00d5488426891cd94c460ec6
0.406727
0.403073
0.401302
0.401424
0.392526
0.38645
<<<<<<< HEAD
0.384297
=======
0.384323
>>>>>>> cfb2ab54412f372a00d5488426891cd94c460ec6
0.3777
0.367092
0.354957
0.34862
0.335764
<<<<<<< HEAD
0.324453
0.326155
0.329297
0.32487
0.325477
0.315972
0.30408
0.295946
0.288177
0.282179
0.27474
=======
0.324444
0.326146
0.329288
0.324861
0.325477
0.315972
0.304097
0.295946
0.288177
0.282187
0.274748
>>>>>>> cfb2ab54412f372a00d5488426891cd94c460ec6
0.264974
0.265547
0.268047
0.270182
0.271224
0.273438
0.281432
0.288984
0.295391
0.308142
0.309809
0.310885
0.310521
0.309896
0.307734
0.306484
0.297786
0.291172
0.297891
0.29796
0.300182
0.307526
0.310434
0.310148
0.311267
0.311484
0.315208
0.3225
0.327344
0.332075
0.3327
0.340399
0.345964
0.357865
0.37145
0.376163
0.389262
0.402214
0.407057
0.406979
0.413776
0.4175
0.423438
0.420417
0.423229
0.428568
0.432604
0.43276
0.438924
0.440365
0.440017
0.434661
0.429688
<<<<<<< HEAD
0.42776
0.41776
0.407682
0.40421
0.400755
=======
0.427769
0.41776
0.407682
0.40421
0.400764
>>>>>>> cfb2ab54412f372a00d5488426891cd94c460ec6
0.396042
0.393837
0.390486
0.383108
0.382865
0.380417
0.378516
0.379714
0.376563
0.372457
0.369002
0.352005
0.341536
0.338151
0.331354
0.318168
0.314401
0.301545
0.28625
0.281085
0.266345
0.250625
0.246554
0.241328
0.231432
0.223429
0.212656
<<<<<<< HEAD
0.202474
0.198958
0.197248
0.191424
0.198655
0.188681
0.184627
0.176623
0.167491
0.163116
0.159497
0.156007
0.146675
0.145399
0.136875
0.131918
0.129323
0.125243
0.119931
0.111337
0.104948
0.0974219
0.0932812
0.0916319
0.0924132
0.0898611
0.0888368
0.0878125
0.082309
0.0952083
0.0900781
0.0875
0.0866406
0.0837153
0.0811198
0.0768576
0.0719358
0.0679253
0.0615799
0.0583854
0.0557552
0.0536458
0.051901
0.0501823
0.0488542
0.0472656
0.0458594
0.0430469
0.0416146
0.0390365
0.0379167
0.0358333
0.0338802
0.0322135
0.0331771
0.0302344
0.0284896
0.026875
0.025651
0.0241146
0.0223958
0.0215365
0.0197656
0.018776
0.0159896
0.014349
0.0136198
0.0132031
0.0130208
0.0122135
0.01125
0.0100781
0.00921875
0.00919271
0.0090625
0.00927083
=======
0.202682
0.200286
0.197691
0.196372
0.203255
0.192396
0.185069
0.180938
0.173359
0.168715
0.164167
0.160703
0.152943
0.146458
0.141068
0.135677
0.132578
0.127413
0.121311
0.114505
0.104453
0.0988802
0.0977344
0.0941667
0.0946788
0.0918924
0.0916406
0.0907465
0.0847656
0.0990104
0.0935938
0.0917969
0.0910156
0.0898698
0.0867795
0.0816233
0.0756597
0.0722483
0.0667969
0.0642969
0.0628385
0.06
0.0580729
0.0560417
0.0541927
0.0519792
0.0504948
0.0485677
0.0469792
0.0445052
0.0430469
0.0411719
0.0389844
0.0370313
0.0375
0.0349479
0.0338281
0.0322135
0.0308594
0.0301042
0.0286198
0.0270573
0.0251823
0.0238021
0.0220052
0.0201563
0.0196094
0.0171094
0.0152865
0.0138802
0.012474
0.0109635
0.00960937
0.00992188
0.00950521
0.00955729
>>>>>>> cfb2ab54412f372a00d5488426891cd94c460ec6
0.00986979
0.00973958
0.00976562
0.00994792
0.00997396
0.01
0.0102083
0.010651
0.010625
0.0105469
0.0105469
0.0105469
0.0103646
0.0108073
0.0108854
0.01125
0.0113281
0.0116927
0.0111458
0.0116927
0.0117448
0.0109375
0.0109635
0.0109896
0.0110156
0.0108854
0.0100781
0.00986979
0.00971354
0.0096875
0.00940104
0.00908854
0.00908854
0.00885417
0.00919271
0.00908854
0.00835938
0.00846354
0.00835938
0.00908854
0.00932292
0.00924479
0.0090625
0.00914062
0.00861979
0.00817708
0.00815104
0.008125
0.0075
0.00739583
0.00768229
0.00859375
0.00807292
0.006875
0.00588542
0.00585938
<<<<<<< HEAD
0.00608507
=======
0.00606771
>>>>>>> cfb2ab54412f372a00d5488426891cd94c460ec6
0.00789063
0.00963542
0.0100521
0.011276
0.0132031
0.013724
0.0154427
0.0171354
0.0175781
0.0186979
0.0196615
0.0178906
0.015599
0.0142448
0.0127604
0.0114323
0.0100521
0.00921875
0.0135937
0.0208333
0.0244531
0.0315625
0.0363542
0.037474
0.0386198
0.0415625
0.0427604
0.0441406
0.0559635
0.0616927
0.0752083
0.0857813
0.0914844
0.100703
0.106615
0.106589
0.111719
0.112526
0.113672
0.11612
0.11651
0.11862
0.124714
0.127005
0.129974
0.134141
0.136328
0.136016
0.134297
0.131068
0.130495
0.127969
0.124453
0.121615
0.116432
0.115417
0.112005
0.110182
0.10763
0.107587
0.109063
0.104479
0.0996354
0.0929948
0.0840625
0.0784462
0.0695226
0.059974
0.0619271
0.0640104
0.0659115
0.066875
0.0708333
0.0711198
0.0718229
0.0757812
0.0797396
0.0811719
0.0853646
<<<<<<< HEAD
0.0872309
0.0874132
0.0872049
=======
0.0872135
0.0873958
0.0871875
>>>>>>> cfb2ab54412f372a00d5488426891cd94c460ec6
0.0902865
0.0898177
0.0916927
0.0973177
0.098776
0.104297
0.106146
0.10862
0.107839
0.110547
0.110885
0.116484
0.120313
0.121432
0.122786
0.12763
0.12776
0.129688
0.12237
0.124245
0.119714
0.116302
0.112292
0.110781
0.110182
0.107057
0.103646
0.0996094
0.0941406
0.0884635
0.0785069
0.0734115
0.0644792
0.0595313
0.0552517
0.0462153
0.0383594
0.0345573
0.0278559
0.0251302
0.0254601
0.0253385
0.023776
0.0214063
0.0191667
0.0165104
0.0147396
0.0161719
0.0172656
0.0177083
0.0191146
0.0199219
0.0203125
0.0217187
0.0225781
0.023151
0.0234375
<<<<<<< HEAD
0.0239931
0.0255816
0.0263368
0.0265451
0.0263108
0.0262066
0.0283681
0.0284201
0.0346701
=======
0.0239844
0.0255729
0.0263281
0.0265365
0.0263021
0.0261979
0.0283594
0.0284115
0.0346615
>>>>>>> cfb2ab54412f372a00d5488426891cd94c460ec6
0.0414844
0.0476302
0.0566146
0.0678646
0.0714844
0.0799219
0.0884635
0.0936979
0.106094
<<<<<<< HEAD
0.112031
0.120885
0.133437
0.149401
0.161042
0.174141
0.191667
0.198411
0.21638
0.229453
0.237786
0.253906
0.271771
0.280417
0.296875
0.311667
0.314141
0.326536
0.336484
0.333411
0.340269
0.336701
0.331936
0.326823
0.31763
0.315608
0.308273
0.302127
0.304036
0.297561
0.28822
0.279609
0.271797
0.262682
0.254253
0.248663
0.244236
0.242821
0.236788
0.231988
0.227734
0.224253
0.219792
0.217092
0.211024
0.206024
0.204306
0.190807
0.186649
0.179878
0.160686
0.146563
0.139236
0.121719
0.107943
0.100998
0.0877691
0.0748785
0.0679601
=======
0.112708
0.119766
0.132604
0.149583
0.158542
0.175313
0.189583
0.196927
0.215026
0.22737
0.238047
0.252188
0.273672
0.279974
0.297057
0.310391
0.314505
0.324297
0.334661
0.333359
0.338594
0.335313
0.329089
0.327813
0.318333
0.314922
0.307526
0.301953
0.302526
0.294896
0.284896
0.279314
0.270469
0.259583
0.254193
0.249245
0.24375
0.241771
0.236102
0.230443
0.226901
0.222344
0.214062
0.214167
0.212969
0.203672
0.204158
0.190165
0.183984
0.177865
0.161068
0.146172
0.139071
0.121493
0.109314
0.101042
0.0872135
0.0732813
0.0688802
>>>>>>> cfb2ab54412f372a00d5488426891cd94c460ec6
0.057526
0.0494271
0.0480122
0.0442969
0.038151
0.0339583
0.0248438
0.0160677
0.012474
0.00604167
0.00210938
0.00210938
0.00210938
0.00210938
0.00190104
0.00263021
0.00338542
0.00401042
0.00565104
0.00528646
0.00570312
0.00382812
0.00236979
0.00153646
0.000703125
0.000703125
0.000703125
0.000703125
0.000703125
0.000703125
0.000703125
0.000703125
0.000703125
0.000703125
0.000703125
0.000703125
0.000703125
0.000703125
<<<<<<< HEAD
0.000720486
0.000720486
=======
0.000703125
0.000703125
>>>>>>> cfb2ab54412f372a00d5488426891cd94c460ec6
0.000703125
0.000703125
0.000703125
0.000703125
0.00320312
0.00140625
0.00140625
0.00140625
0.00210938
0.00210938
0.00210938
0.00210938
0.00210938
0.00210938
0.00210938
0.000703125
0.000703125
0.000703125
0.00140625
0.00140625
0.00140625
0.00140625
0.00140625
0.00140625
0.00140625
0.00140625
0.00140625
0.00140625
0.00140625
0.00359375
0.00359375
0.00359375
0.00289062
0.0021875
0.00289062
0.00289062
0.00289062
0.0028125
0.0021875
0.0021875
0.00289062
0.0021875
0.00148438
0.00148438
0.00148438
0.00148438
0.00148438
0.00148438
0.00148438
0.00148438
0.00148438
0.00148438
0.00148438
0.00148438
0.00148438
0.00148438
0.00148438
0.00148438
0.00148438
0.00148438
0.00148438
0.00148438
0.00148438
0.00148438
0.00148438
0.00359375
0.00210938
0.00140625
0.00140625
0.00140625
0.00140625
0.00140625
0.00210938
0.00210938
0.00140625
0.00210938
0.00210938
0.00210938
0.00210938
0.00210938
0.00210938
0.00210938
0.00210938
0.00210938
0.00210938
0.00210938
0.00210938
0.00210938
0.00210938
0.00210938
0.00296875
0.0028125
0.0028125
0.0028125
0.00210938
0.00210938
0.0021875
0.00210938
0.00210938
0.00210938
0.00210938
0.00210938
0.00140625
<<<<<<< HEAD
0.00676215
=======
0.00674479
>>>>>>> cfb2ab54412f372a00d5488426891cd94c460ec6
0.0107292
0.0195312
0.0282031
0.0328646
0.040651
<<<<<<< HEAD
0.0474653
0.0512934
=======
0.0474479
0.051276
>>>>>>> cfb2ab54412f372a00d5488426891cd94c460ec6
0.0552083
0.0572917
0.0585156
0.0604427
0.0626042
0.0628646
0.064401
0.0660156
0.0659635
0.0676302
0.0692708
0.0692708
0.0702604
0.0721615
0.073099
0.0739063
0.0747656
0.0751562
0.0773438
0.078151
0.0791927
0.0811458
0.0860677
0.0877604
0.0977344
0.109844
0.116484
0.126328
0.140339
0.147292
0.154245
0.164505
<<<<<<< HEAD
0.168785
0.175608
0.17954
=======
0.16875
0.175573
0.179505
>>>>>>> cfb2ab54412f372a00d5488426891cd94c460ec6
0.182214
0.184193
0.190026
0.191354
0.193854
0.197057
0.198958
0.200234
0.202292
0.204271
0.205573
0.206016
0.207344
0.208672
0.211406
0.211146
0.208594
0.208385
<<<<<<< HEAD
0.206901
0.20599
0.202474
0.200286
0.200313
0.197917
0.195156
=======
0.206745
0.205885
0.20237
0.200182
0.200208
0.197813
0.195052
>>>>>>> cfb2ab54412f372a00d5488426891cd94c460ec6
0.194609
0.191823
0.193672
0.193932
0.194792
0.197161
0.200469
0.203672
0.205677
0.208646
0.215339
0.218958
0.218255
0.219714
0.22099
0.223385
0.225521
0.226016
0.229141
<<<<<<< HEAD
0.229488
0.2298
0.230451
0.230764
=======
0.229453
0.229766
0.230417
0.230729
>>>>>>> cfb2ab54412f372a00d5488426891cd94c460ec6
0.229505
0.230339
0.230937
0.237786
0.2425
0.249505
0.254063
0.261823
<<<<<<< HEAD
0.26967
=======
0.269635
>>>>>>> cfb2ab54412f372a00d5488426891cd94c460ec6
0.272682
0.280339
0.287526
0.291563
0.296823
<<<<<<< HEAD
0.299401
0.301276
0.306068
0.307083
0.306233
0.309618
0.313212
0.313394
0.316259
0.316493
0.316936
0.319175
0.322274
0.323854
0.326441
0.328967
0.328602
0.330139
0.332613
0.333759
=======
0.299418
0.301276
0.306068
0.307083
0.306198
0.309583
0.313177
0.313359
0.316224
0.316458
0.316918
0.319141
0.32224
0.323854
0.326406
0.328932
0.328568
0.330104
0.332578
0.333724
>>>>>>> cfb2ab54412f372a00d5488426891cd94c460ec6
0.335156
0.338776
0.338099
0.341458
0.347813
0.352682
0.360104
0.367396
0.370469
0.377865
0.386406
0.390469
0.387604
0.392422
0.395286
0.397292
0.397318
0.39638
0.393281
0.391589
0.390182
0.388646
0.385443
0.382604
0.381849
0.379531
0.379948
0.381615
0.381641
0.382135
0.380443
0.380339
0.378646
0.376745
0.381276
0.383516
0.388021
0.39388
0.396823
0.401562
0.405547
0.407708
0.411667
0.415391
0.415495
0.41737
0.418889
0.418359
<<<<<<< HEAD
0.425521
0.434271
0.438316
0.438333
0.441172
=======
0.426354
0.434271
0.439149
0.439167
0.442005
>>>>>>> cfb2ab54412f372a00d5488426891cd94c460ec6
0.444453
0.450469
0.454766
0.459948
0.469089
0.475234
0.47987
0.488247
0.495104
0.494844
0.503229
0.507396
0.506094
0.504453
0.504349
0.504896
0.504115
<<<<<<< HEAD
0.49875
0.498854
0.491667
0.489974
0.489479
=======
0.498385
0.49849
0.49112
0.489418
0.488906
>>>>>>> cfb2ab54412f372a00d5488426891cd94c460ec6
0.488906
0.485599
0.487057
0.484453
0.483932
0.483776
0.489479
0.489531
<<<<<<< HEAD
0.489401
0.485148
0.486658
0.485417
=======
0.488828
0.484575
0.486085
0.484844
>>>>>>> cfb2ab54412f372a00d5488426891cd94c460ec6
0.482839
0.480964
0.475339
0.477257
0.474167
<<<<<<< HEAD
0.476589
0.478802
0.476354
0.477187
0.482457
=======
0.476606
0.478802
0.476354
0.477187
0.482448
>>>>>>> cfb2ab54412f372a00d5488426891cd94c460ec6
0.488168
0.489531
0.491458
0.49849
0.500234
0.505365
0.510625
0.514714
0.523906
0.527109
0.530391
0.538281
0.540651
0.545104
0.550052
0.557917
0.559844
0.560885
0.560078
0.563958
0.569714
0.571927
0.579271
0.581719
0.585755
0.588177
0.588125
0.596484
0.597995
<<<<<<< HEAD
0.599262
0.602083
0.60283
=======
0.599245
0.602083
0.602812
>>>>>>> cfb2ab54412f372a00d5488426891cd94c460ec6
0.60487
0.600365
0.602161
0.603281
0.603776
0.604922
0.602474
0.600573
0.591849
0.594661
0.6025
0.602812
0.605703
0.606667
0.607969
0.607943
0.611797
0.613828
0.614219
0.614167
0.614609
0.618776
0.619089
0.61987
0.625781
0.630677
0.634089
0.638229
0.641979
0.644635
0.649453
0.651094
0.653464
0.65987
0.66099
0.660703
0.662448
0.664349
0.665755
0.665469
0.665729
0.667865
0.66987
0.67237
0.672448
0.674974
0.677734
0.67875
0.681432
0.681693
0.68224
0.685417
0.687708
0.688229
<<<<<<< HEAD
0.691667
0.693385
0.694818
0.697969
0.697656
0.699349
0.70066
0.702144
0.704931
=======
0.691684
0.693403
0.694835
0.697969
0.696944
0.698637
0.699965
0.70145
0.704219
>>>>>>> cfb2ab54412f372a00d5488426891cd94c460ec6
0.705521
0.708464
0.712005
0.715104
0.718385
0.718281
0.720026
<<<<<<< HEAD
0.724583
=======
0.726007
>>>>>>> cfb2ab54412f372a00d5488426891cd94c460ec6
0.725781
0.724792
0.726016
0.72625
0.725781
0.725938
0.721901
0.72526
0.725286
0.723906
0.723385
0.721953
0.716302
<<<<<<< HEAD
0.713394
=======
0.713385
>>>>>>> cfb2ab54412f372a00d5488426891cd94c460ec6
0.710286
0.711849
0.709922
0.70638
0.70388
0.703151
0.700495
0.699922
0.697865
0.697578
0.694818
0.701875
0.704818
0.705443
0.704063
0.707083
0.706875
0.70625
0.706094
0.707865
0.707943
0.708177
0.708359
0.701198
0.700365
0.701667
0.70362
0.705417
0.704583
0.705052
0.706797
0.707014
0.706233
0.705373
0.707691
0.707092
<<<<<<< HEAD
0.705191
0.704878
=======
0.706675
0.706363
>>>>>>> cfb2ab54412f372a00d5488426891cd94c460ec6
0.705503
0.70217
0.701207
0.699957
0.700269
0.700061
0.698811
0.698568
0.697292
0.695
0.697995
0.698542
0.69974
0.700859
0.701536
0.701641
0.702578
0.697734
0.698307
0.697995
<<<<<<< HEAD
0.69901
0.698411
0.697205
0.698394
0.698446
0.698924
0.699288
0.699939
0.700234
0.700252
0.702543
=======
0.699019
0.698411
0.697205
0.698377
0.698429
0.698924
0.699288
0.699939
0.700226
0.700243
0.702535
>>>>>>> cfb2ab54412f372a00d5488426891cd94c460ec6
0.703898
0.702023
0.702283
0.702648
0.700391
0.701016
0.702083
<<<<<<< HEAD
0.70296
0.702283
0.701892
0.701944
0.700773
0.700825
0.699757
0.700773
0.70197
0.703628
0.70441
0.705295
0.705391
0.707795
0.707613
0.708472
0.708472
0.705373
=======
0.702943
0.702266
0.701875
0.701936
0.700764
0.700816
0.699757
0.700764
0.701962
0.70362
0.704401
0.705295
0.705391
0.707795
0.707604
0.708464
0.708464
0.705365
>>>>>>> cfb2ab54412f372a00d5488426891cd94c460ec6
0.704766
0.705677
0.701615
0.705104
0.70026
0.697656
0.69737
0.699557
0.700217
0.702274
0.704097
0.704696
0.703915
0.704201
0.702925
0.70375
0.703542
0.703281
0.704349
0.701198
0.69776
0.699167
0.699141
0.699245
<<<<<<< HEAD
0.700477
=======
0.700469
>>>>>>> cfb2ab54412f372a00d5488426891cd94c460ec6
0.700729
0.699297
0.700391
0.699818
0.708229
0.709557
0.707969
0.707109
0.70875
0.708733
0.709696
0.710139
0.710373
0.709748
0.710399
<<<<<<< HEAD
0.709462
0.709488
=======
0.709453
0.709479
>>>>>>> cfb2ab54412f372a00d5488426891cd94c460ec6
0.709115
0.709375
0.709349
0.710156
0.71
