0.266667
0.256667
0.245
0.291667
0.298333
0.305
0.323333
0.336667
0.355
0.356667
0.375556
0.373889
0.388333
0.366667
0.402778
0.364444
0.386111
0.357778
0.382778
0.382778
0.384444
0.394444
0.406111
0.391111
0.386111
0.394444
0.416111
0.421111
0.426111
0.401111
0.394444
0.417778
0.411111
0.399444
0.419444
0.394444
0.426111
0.417778
0.437778
0.417778
0.441111
0.422778
0.424444
0.424444
0.426111
0.416111
0.404444
0.402778
0.407778
0.402778
0.406111
0.401111
0.416111
0.392778
0.416111
0.436111
0.437778
0.451111
0.427778
0.444444
0.444444
0.456111
0.469444
0.447778
0.447778
0.429444
0.426111
0.422778
0.422778
0.386111
0.382778
0.382778
0.382778
0.386111
0.391111
0.394444
0.394444
0.396111
0.391111
0.399444
0.396111
0.391111
0.421111
0.412778
0.412778
0.437778
0.454444
0.449444
0.452778
0.461111
0.464444
0.499444
0.472778
0.516111
0.524444
0.527778
0.494444
0.527778
0.522778
0.542778
0.546111
0.499444
0.539444
0.541111
0.521111
0.449444
0.549444
0.502778
0.534444
0.534444
0.572778
0.577778
0.569444
0.591111
0.609444
0.586111
0.591111
0.566111
0.572778
0.586111
0.559444
0.552778
0.589444
0.589444
0.533889
0.527222
0.561111
0.544444
0.562778
0.509444
0.542778
0.549444
0.549444
0.574444
0.571111
0.541111
0.527778
0.554444
0.534444
0.491111
0.547778
0.514444
0.519444
0.519444
0.567778
0.572778
0.549444
0.509444
0.522778
0.504444
0.501111
0.541111
0.526111
0.497778
0.496111
0.496111
0.474444
0.489444
0.489444
0.506111
0.481111
0.476111
0.471111
0.461111
0.461111
0.466111
0.464444
0.484444
0.464444
0.459444
0.476111
0.492778
0.489444
0.484444
0.486111
0.486111
0.487778
0.454444
0.441111
0.457778
0.479444
0.481111
0.476111
0.479444
0.444444
0.444444
0.444444
0.441111
0.441111
0.444444
0.444444
0.444444
0.457778
0.454444
0.452778
0.452778
0.452778
0.434444
0.449444
0.454444
0.454444
0.434444
0.434444
0.434444
0.434444
0.429444
0.429444
0.429444
0.429444
0.429444
0.429444
0.429444
0.429444
0.429444
0.449444
0.449444
0.426111
0.426111
0.426111
0.441111
0.431111
0.441111
0.441111
0.441111
0.441111
0.441111
0.441111
0.441111
0.441111
0.441111
0.441111
0.441111
0.441111
0.436111
0.436111
0.441111
0.441111
0.406111
0.407778
0.407778
0.411111
0.407778
0.437778
0.436111
0.436111
0.436111
0.432778
0.436111
0.431111
0.434444
0.434444
0.434444
0.434444
0.434444
0.434444
0.434444
0.434444
0.434444
0.434444
0.434444
0.434444
0.434444
0.434444
0.434444
0.434444
0.434444
0.434444
0.434444
0.436111
0.431111
0.436111
0.436111
0.431111
0.432778
0.432778
0.432778
0.436111
0.456111
0.456111
0.476111
0.499444
0.497778
0.501111
0.512778
0.532778
0.519444
0.527778
0.532778
0.532778
0.527778
0.543333
0.568333
0.538333
0.553333
0.53
0.531667
0.527778
0.526111
0.526111
0.519444
0.517778
0.514444
0.511111
0.507778
0.482778
0.486111
0.476111
0.446111
0.446111
0.472778
0.476111
0.446111
0.482778
0.486111
0.482778
0.457778
0.491111
0.486111
0.486111
0.461667
0.461667
0.463333
0.456667
0.456667
0.456667
0.456667
0.456667
0.456667
0.456667
0.455
0.455
0.455
0.46
0.46
0.455
0.456111
0.456111
0.456111
0.456111
0.456111
0.456111
0.456111
0.456111
0.472778
0.461111
0.474444
0.477778
0.477778
0.481111
0.481111
0.481111
0.484444
0.477778
0.474444
0.474444
0.474444
0.477778
0.474444
0.474444
0.474444
0.474444
0.474444
0.474444
0.467778
0.467778
0.467778
0.467778
0.477778
0.464444
0.467778
0.481111
0.464444
0.464444
0.459444
0.474444
0.457778
0.471111
0.454444
0.454444
0.451111
0.451111
0.451111
0.449444
0.449444
0.449444
0.474444
0.449444
0.449444
0.449444
0.449444
0.449444
0.449444
0.432778
0.499444
0.446111
0.451111
0.451111
0.497778
0.452778
0.496111
0.491111
0.451111
0.491111
0.507778
0.466111
0.509444
0.512778
0.512778
0.562778
0.566111
0.544444
0.591111
0.602778
0.607778
0.609444
0.646111
0.579444
0.581111
0.582778
0.567778
0.642778
0.602778
0.626111
0.589444
0.661111
0.594444
0.581111
0.576111
0.626111
0.616111
0.651111
0.661111
0.671111
0.676111
0.669444
0.677778
0.666111
0.696111
0.682778
0.697778
0.699444
0.684444
0.729444
0.731111
0.732778
0.719444
0.721111
0.716111
0.714444
0.707778
0.724444
0.709444
0.717778
0.709444
0.706111
0.707778
0.711111
0.744444
0.721111
0.707778
0.729444
0.744444
0.756111
0.752778
0.737778
0.761111
0.752778
0.757778
0.751111
0.756111
0.751111
0.749444
0.751111
0.722778
0.737778
0.754444
0.749444
0.753333
0.761667
0.772778
0.781111
0.777778
0.767778
0.764444
0.789444
0.771111
0.769444
0.762778
0.766111
0.767778
0.766111
0.766111
0.766111
0.756111
0.772778
0.772778
0.764444
0.764444
0.761111
0.747778
0.747778
0.777778
0.767778
0.781111
0.786111
0.779444
0.779444
0.802778
0.807778
0.814444
0.826111
0.829444
0.826111
0.836111
0.839444
0.837778
0.834444
0.831111
0.826111
0.832778
0.827778
0.826111
0.826111
0.836111
0.842778
0.832778
0.829444
0.811111
0.824444
0.814444
0.809444
0.809444
0.807778
0.804444
0.802778
0.801111
0.799444
0.797778
0.796111
0.796111
0.791111
0.787778
0.786111
0.786111
0.798889
0.797222
0.788889
0.785556
0.783889
0.782222
0.8
0.783889
0.785556
0.787222
0.788889
0.787222
0.785556
0.782222
0.777222
0.778333
0.776667
0.777222
0.777222
0.777222
0.758889
0.750556
0.758889
0.765556
0.780556
0.778333
0.78
0.78
0.803333
0.796667
0.813333
0.806667
0.813333
0.82
0.823333
0.833333
0.833333
0.836667
0.843333
0.846667
0.846667
0.856667
0.856667
0.856667
0.865
0.863333
0.865
0.865
0.873333
0.873333
0.875
0.875
0.895
0.914444
0.901667
0.905
0.905
0.905
0.905
0.905
0.905
0.910556
0.910556
0.910556
0.905
0.906667
0.906667
0.906667
0.906667
0.915
0.906667
0.906667
0.91
0.91
0.91
0.911667
0.908333
0.906667
0.906667
0.906667
0.906667
0.905
0.905
0.906667
0.906667
0.906667
0.906667
0.906667
0.906667
0.906667
0.908333
0.908333
0.908333
0.908333
0.908333
0.908333
0.908333
0.908333
0.908333
0.908333
0.903333
0.901667
0.898333
0.898333
0.898333
0.898333
0.898333
0.908333
0.905
0.905
0.911667
0.913333
0.913333
0.913333
0.913333
0.913333
0.913333
0.913333
0.913333
0.913333
0.91
0.91
0.906667
0.906667
0.905
0.9
0.9
0.9
0.896667
0.896667
0.896667
0.908333
0.896667
0.896667
0.896667
0.896667
0.905
0.905
0.906667
0.906667
0.906667
0.905
0.905
0.905
0.907222
0.906667
0.923333
0.91
0.91
0.91
0.905
0.905
0.905
0.905
0.905
0.905
0.905
0.905
0.9
0.903333
0.903333
0.903333
0.91
0.91
0.91
0.901667
0.913333
0.913333
0.901667
0.901667
0.906667
0.906667
0.895
0.906667
0.895
0.895
0.895
0.895
0.895
0.895
0.895
0.895
0.895
0.901667
0.901667
0.906111
0.906111
0.895
0.895
0.906111
0.906111
0.895
0.895
0.895
0.895
0.895
0.895
0.895
0.895
0.895
0.895
0.895
0.895
0.895
0.895
0.895
0.895
0.895
0.895
0.895
0.895
0.895
0.895
0.895
0.895
0.895
0.895
0.895
0.895
0.895
0.895
0.895
0.895
0.895
0.895
0.893333
0.893333
0.893333
0.893333
0.893333
0.893333
0.893333
0.893333
0.893333
0.893333
0.893333
0.893333
0.896667
0.896667
0.896667
0.896667
0.896667
0.897778
0.897778
0.893333
0.893333
0.893333
0.893333
0.893333
0.893333
0.893333
0.893333
0.893333
0.893333
0.893333
0.906667
0.906667
0.906667
0.906667
0.906667
0.893333
0.893333
0.893333
0.891667
0.891667
0.891667
0.893333
0.893333
0.893333
0.891667
0.9
0.9
0.898333
0.9
0.9
0.91
0.911667
0.91
0.91
0.91
0.911667
0.908333
0.913333
0.906667
0.916667
0.916667
0.916667
0.916667
0.916667
0.916667
0.916667
0.915
0.915
0.915
0.918333
0.918333
0.918333
0.918333
0.918333
0.933333
0.888333
0.91
0.908333
0.89
0.89
0.89
0.89
0.888333
0.888333
0.888333
0.896667
0.888333
0.888333
0.888333
0.886667
0.888333
0.888333
0.888333
0.888333
0.888333
0.883333
0.888333
0.891667
0.891667
0.891667
0.9
0.898333
0.883333
0.888333
0.888333
0.896667
0.896667
0.89
0.895
0.915
0.911667
0.911667
0.911667
0.911667
0.911667
0.911667
0.911667
0.911667
0.911667
0.911667
0.911667
0.911667
0.911667
0.91
0.91
0.91
0.91
0.91
0.91
0.91
0.91
0.91
0.91
0.91
0.91
0.895
0.91
0.895
0.89
0.911667
0.911667
0.911667
0.911667
0.913333
0.913333
0.913333
0.913333
0.911667
0.913333
0.926667
0.916111
0.916111
0.916111
0.916111
0.926667
0.925
0.925
0.925
0.913333
0.915
0.886667
0.886667
0.877778
0.877778
0.877778
0.877778
0.877778
0.885
0.906667
0.885
0.898333
0.928333
0.928333
0.926667
0.933889
0.933889
0.935556
0.921667
0.921667
0.925
0.925
0.925
0.925
0.921667
0.921667
0.925
0.918333
0.915
0.915
0.908333
0.908333
0.91
0.91
0.91
0.908333
0.928889
0.928889
0.921667
0.915
0.933333
0.921667
0.921667
0.921667
0.921667
0.921667
0.921667
0.921667
0.921667
0.921667
0.921667
0.945
0.946667
0.945
0.93
0.933333
0.928333
0.93
0.93
0.926667
0.926667
0.928333
0.928333
0.928333
0.928333
0.933333
0.93
0.93
0.926667
0.923333
0.923333
0.933333
0.933333
0.933333
0.933333
0.933333
0.921667
0.921667
0.921667
0.928333
0.911667
0.911667
0.913333
0.918333
0.915
0.918333
0.92
0.925
0.923333
0.91
0.896111
0.916667
0.885
0.885
0.885
0.888333
0.906667
0.885
0.893333
0.885
0.885
0.898333
0.898333
0.88
0.883333
0.883333
0.9
0.905
0.885
0.885
0.885
0.885
0.885
0.901667
0.896667
0.916667
0.901667
0.901667
0.928333
0.901667
0.928333
0.88
0.906667
0.928333
0.928333
0.928333
0.936111
0.942778
0.93
0.93
0.937778
0.937778
0.926111
0.926111
0.927222
0.92
0.94
0.94
0.940556
0.940556
0.940556
0.935
0.935
0.940556
0.940556
0.935
0.935
0.935
0.935
0.935
0.935
0.935
0.935
0.935
0.935
0.942778
0.935
0.88
0.88
0.878333
0.878333
0.878333
0.883889
0.878333
0.926667
0.915556
0.933889
0.933889
0.908333
0.916667
0.913333
0.913333
0.913333
0.913333
0.913333
0.917222
0.913333
0.913333
0.913333
0.913333
0.915
0.885
0.873333
0.888333
0.891667
0.888333
0.888333
0.915
0.91
0.907222
0.907222
0.900556
0.878889
0.905556
0.905556
0.878889
0.905556
0.905
0.905
0.905
0.908333
0.906667
0.905
0.908333
0.915
0.898333
0.915
0.901667
0.901667
0.903333
0.903333
0.903333
0.9
0.9
0.9
0.901667
0.901667
0.901667
0.901667
0.901667
0.895
0.895
0.895
0.9
0.901111
0.903333
0.901111
0.900556
0.899444
0.899444
0.898333
0.899444
0.913333
0.916667
0.916667
0.916667
0.923333
0.915
0.915
0.915
0.915
0.915
0.915
0.915
0.913333
0.896667
0.898333
0.898333
0.898333
0.915
0.896667
0.913333
0.913333
0.913333
0.905
0.931667
0.911667
0.911667
0.911667
0.911667
0.911667
0.911667
0.911667
0.911667
0.911667
0.911667
0.911667
0.911667
0.911667
0.911667
0.911667
0.911667
0.911667
0.911667
0.911667
0.911667
0.928333
0.911667
0.911667
0.911667
0.928333
0.928333
0.913333
0.916667
0.936667
0.938333
0.936667
0.936667
0.936667
0.936667
0.936667
0.93
0.928333
0.928333
0.928333
0.928333
0.926667
0.926667
0.932222
0.932222
0.932222
0.932222
0.926667
0.926667
0.926667
0.928333
0.928333
0.88
0.88
0.9
0.893333
0.896667
0.896667
0.896667
0.907778
0.896667
0.898333
0.898333
0.895
0.898333
0.898333
0.898333
0.896667
0.896667
0.896667
0.896667
0.896667
0.896667
0.896667
0.908889
0.896667
0.896667
0.920556
0.915556
0.915556
0.915556
0.905556
0.915556
0.915556
0.915556
0.92
0.921667
0.911667
0.921667
0.911667
0.921667
0.911667
0.923333
0.923333
0.923333
0.923333
0.923333
0.930556
0.930556
0.937778
0.937778
0.923333
0.903333
0.903333
0.903333
0.9
0.9
0.9
0.9
0.9
0.9
0.9
0.9
0.901667
0.903333
0.903333
0.903333
0.903333
0.903333
0.903333
0.903333
0.903333
0.903333
0.903333
0.903333
0.903333
0.903333
0.9
0.9
0.9
0.9
0.881667
0.88
0.898333
0.898333
0.881667
0.881667
0.881667
0.881667
0.881667
0.881667
0.881667
0.881667
0.881667
0.881667
0.881667
0.881667
0.881667
0.881667
0.896667
0.916667
0.916667
0.905
0.906667
0.904444
0.906667
0.913333
0.915
0.913333
0.916667
0.916667
0.915
0.915
0.916667
0.916667
0.915
0.916667
0.913333
0.913333
0.911667
0.911667
0.911667
0.911667
0.911667
0.911667
0.911667
0.911667
0.913333
0.911667
0.926111
0.922778
0.921111
0.913333
0.88
0.878333
0.876667
0.893333
0.893333
0.88
0.88
0.893889
0.88
0.91
0.917222
0.917222
0.916667
0.921667
0.92
0.921667
0.92
0.936667
0.935
0.89
0.888333
0.896667
0.911667
0.91
0.908333
0.93
0.93
0.93
0.93
0.93
0.93
0.916667
0.93
0.931667
0.933333
0.931667
0.93
0.93
0.933333
0.933333
0.931667
0.931667
0.931667
0.933889
0.918333
0.920556
0.920556
0.921111
0.921111
0.942222
0.942222
0.927222
0.918889
0.922222
0.932222
0.932222
0.932222
0.932222
0.928333
0.938333
0.945
0.946667
0.946667
0.938333
0.943333
0.943333
0.943333
0.946667
0.946667
0.95
0.951667
0.96
0.963889
0.965556
0.957222
0.965556
0.960556
0.961667
0.961667
0.961667
0.961667
0.963333
0.963333
0.955
0.955
0.96
0.955
0.955
0.963333
0.963333
0.971667
0.972222
0.972222
0.972222
0.973889
0.973889
0.973889
0.973889
0.973333
0.973333
0.973333
0.973333
0.973333
0.971667
0.966667
0.965
0.958333
0.951667
0.95
0.96
0.95
0.946111
0.92
0.916667
0.943333
0.92
0.956667
0.928333
0.961667
0.928333
0.931667
0.958333
0.926667
0.956667
0.926667
0.956667
0.951667
0.96
0.963333
0.965
0.968333
0.968333
0.965
0.966667
0.968333
0.968333
0.966667
0.961667
0.978333
0.97
0.973333
0.98
0.975
0.975
0.98
0.976667
0.971667
0.971667
0.968333
0.982778
0.976667
0.973333
0.953333
0.97
0.968333
0.971667
0.971667
0.971667
0.971667
0.97
0.980556
0.967222
0.973333
0.975
0.963333
0.977222
0.975556
0.972222
0.971667
0.973333
0.955
0.965
0.969444
0.966111
0.965556
0.967222
0.96
0.958333
0.955
0.951667
0.936667
0.945
0.953333
0.938333
0.92
0.935
0.92
0.931667
0.922222
0.915
0.916667
0.926667
0.913333
0.913333
0.93
0.91
0.913333
0.906667
0.915
0.925
0.918333
0.928889
0.926667
0.92
0.916667
0.936111
0.936667
0.945
0.923333
0.905
0.93
0.93
0.91
0.946667
0.908333
0.936667
0.9
0.933333
0.928333
0.946667
0.95
0.961667
0.951667
0.951667
0.923333
0.963333
0.961667
0.952222
0.950556
0.938333
0.918333
0.923333
0.918333
0.942222
0.953889
0.945556
0.941111
0.955
0.941667
0.943333
0.926667
0.957222
0.92
0.942222
0.917222
0.898333
0.916667
0.893333
0.896667
0.918333
0.913333
0.938333
0.916667
0.931667
0.926111
0.906667
0.911667
0.925
0.921667
0.893333
0.901667
0.926111
0.900556
0.925556
0.903333
0.896667
0.925
0.925
0.923333
0.92
0.923333
0.921667
0.913333
0.908333
0.923333
0.925
0.906667
0.926667
0.921667
0.925
0.921667
0.916667
0.896667
0.883333
0.928333
0.869444
0.891667
0.905
0.915
0.925
0.908333
0.907222
0.915556
0.905556
0.916111
0.903333
0.911667
0.915
0.915
0.918333
0.933333
0.928333
0.936667
0.921667
0.932222
0.955556
0.952222
0.95
0.95
0.931667
0.961667
0.956667
0.936667
0.94
0.936667
0.923333
0.933333
0.926667
0.931667
0.922778
0.933333
0.903333
0.905
0.88
0.885
0.881667
0.883889
0.883333
0.883333
0.91
0.916667
0.908333
0.906667
0.9
0.901667
0.893333
0.881667
0.903333
0.905
0.91
0.91
0.896667
0.893333
0.895556
0.896667
0.897778
0.896111
0.858333
0.893333
0.905556
0.897222
0.905556
0.881667
0.885
0.885
0.873333
0.876667
0.87
0.865
0.876667
0.861667
0.895
0.911667
0.866111
0.88
0.865
0.879444
0.854444
0.839444
0.817778
0.828333
0.835
0.846667
0.838333
0.821667
0.823333
0.841667
0.811667
0.813333
0.845
0.845
0.816111
0.793333
0.763333
0.773333
0.778333
0.798333
0.781667
0.765
0.74
0.743333
0.743333
0.724444
0.738333
0.736667
0.723333
0.72
0.72
0.706667
0.705
0.711667
0.743333
0.701667
0.706667
0.723333
0.721667
0.746667
0.711667
0.721667
0.751667
0.752778
0.734444
0.743889
0.735
0.743333
0.73
0.72
0.716667
0.721667
0.698333
0.716667
0.695
0.687778
0.705556
0.698333
0.68
0.621667
0.653333
0.66
0.638333
0.688333
0.681667
0.705556
0.693333
0.709444
0.745
0.735
0.718333
0.71
0.721667
0.756667
0.746667
0.738889
0.742778
0.698889
0.692222
0.692778
0.692778
0.672778
0.656667
0.655
0.623333
0.625
0.626667
0.638333
0.655
0.603333
0.606667
0.631667
0.598333
0.621667
0.594444
0.626111
0.600556
0.608333
0.598333
0.585
0.561667
0.588333
0.561667
0.517222
0.543333
0.565
0.6
0.545
0.546667
0.55
0.51
0.493333
0.498333
0.481667
0.49
0.475
0.478333
0.476667
0.436111
0.437778
0.396667
0.385
0.415
0.425
0.413333
0.431667
0.45
0.433333
0.455
0.425
0.442222
0.493333
0.463333
0.47
0.485
0.508333
0.518333
0.53
0.538333
0.533333
0.535
0.525
0.537778
0.589444
0.538333
0.568333
0.61
0.626667
0.651667
0.65
0.655
0.648333
0.636111
0.62
0.655
0.648333
0.668333
0.661667
0.641667
0.655
0.633333
0.631667
0.616667
0.63
0.562778
0.65
0.618333
0.64
0.69
0.708333
0.736667
0.708333
0.76
0.761667
0.773333
0.786667
0.803889
0.765
0.78
0.731667
0.745
0.708333
0.708333
0.706111
0.69
0.707222
0.688889
0.682222
0.675556
0.650556
0.610556
0.603889
0.583889
0.616667
0.581667
0.585
0.516667
0.523333
0.511667
0.521111
0.546667
0.51
0.516667
0.51
0.466667
0.466667
0.466667
0.451667
0.442778
0.426111
0.435
0.403333
0.4
0.396667
0.391667
0.403333
0.381667
0.358333
0.34
0.326667
0.31
0.316667
0.303333
0.295
0.298333
0.306667
0.272222
0.26
0.223333
0.246667
0.24
0.23
0.233333
0.215
0.205
0.201667
0.196667
0.183333
0.163333
0.15
0.143333
0.148333
0.143333
0.158333
0.16
0.168333
0.173333
0.17
0.183333
0.151667
0.151667
0.135
0.14
0.133333
0.136667
0.131667
0.13
0.13
0.136667
0.14
0.131667
0.138333
0.131667
0.133333
0.14
0.115
0.14
0.143333
0.171667
0.16
0.198333
0.21
0.233333
0.263333
0.295
0.303333
0.305
0.313333
0.361667
0.336667
0.365
0.365
0.413333
0.373333
0.43
0.438333
0.393889
0.415556
0.436667
0.496667
0.521667
0.561111
0.535
0.567778
0.556667
0.498333
0.558333
0.585
0.585
0.558333
0.53
0.52
0.51
0.521667
0.496667
0.52
0.518333
0.537222
0.53
0.503889
0.48
0.445
0.448333
0.434444
0.455
0.403333
0.4
0.386667
0.368333
0.373333
0.345
0.355556
0.363333
0.343333
0.32
0.3
0.298333
0.332222
0.293333
0.276667
0.26
0.255
0.253333
0.248333
0.251667
0.252778
0.223333
0.211667
0.201667
0.191667
0.178333
0.177222
0.163889
0.157222
0.13
0.13
0.13
0.128333
0.106667
0.106667
0.106667
0.105
0.103333
0.1
0.1
0.103333
0.103333
0.1
0.1
0.1
0.1
0.1
0.0983333
0.0983333
0.113333
0.125
0.131667
0.14
0.145
0.17
0.188333
0.202222
0.222222
0.222222
0.24
0.245
0.251667
0.263889
0.280556
0.308889
0.323889
0.323889
0.360556
0.346667
0.34
0.365556
0.405
0.395
0.405
0.427222
0.450556
0.49
0.491667
0.493889
0.517222
0.520556
0.537222
0.555556
0.547222
0.528889
0.545556
0.563889
0.550556
0.528889
0.523333
0.531667
0.49
0.485
0.476667
0.51
0.483333
0.496667
0.502778
0.498333
0.462778
0.495
0.501667
0.482222
0.461111
0.478333
0.44
0.488333
0.483333
0.488333
0.486667
0.498333
0.515556
0.478333
0.47
0.523333
0.44
0.461667
0.493333
0.478333
0.505
0.48
0.473333
0.473333
0.455
0.443333
0.421667
0.438333
0.408333
0.391667
0.386667
0.363333
0.363333
0.367222
0.328333
0.323333
0.317778
0.271667
0.281667
0.285
0.256667
0.26
0.263333
0.248333
0.241667
0.231667
0.225
0.216667
0.201667
0.188333
0.161667
0.163333
0.163333
0.161111
0.156667
0.148333
0.143333
0.125
0.0983333
0.0966667
0.085
0.06
0.06
0.06
0.0666667
0.06
0.06
0.06
0.06
0.06
0.06
0.06
0.06
0.06
0.06
0.06
0.06
0.06
0.06
0.0666667
0.06
0.06
0.06
0.06
0.06
0.0666667
0.06
0.06
0.06
0.06
0.06
0.06
0.06
0.06
0.06
0.06
0.06
0.06
0.06
0.06
0.06
0.06
0.06
0.0633333
0.0633333
0.0633333
0.0783333
0.0783333
0.0633333
0.0633333
0.0783333
0.0783333
0.108333
0.108333
0.108333
0.108333
0.108333
0.108333
0.0933333
0.0933333
0.155
0.163333
0.156667
0.173333
0.186667
0.2
0.226667
0.233333
0.255
0.276667
0.26
0.268333
0.301667
0.263333
0.306667
0.29
0.316667
0.315
0.28
0.308333
0.308333
0.3
0.326667
0.323333
0.298333
0.288333
0.285
0.306111
0.309444
0.307778
0.31
0.303333
0.303333
0.321667
0.33
0.335
0.330556
0.321667
0.328333
0.301667
0.305
0.31
0.285
0.28
0.271667
0.252222
0.238333
0.235
0.223333
0.18
0.241667
0.221667
0.16
0.166667
0.16
0.205
0.274444
0.148333
0.118333
0.115
0.198333
0.171667
0.148333
0.0966667
0.153333
0.125556
0.0705556
0.0905556
0.15
0.06
0.145
0.141667
0.115
0.125
0.06
0.11
0.131667
0.06
0.06
0.105
0.06
0.06
0.06
0.06
0.125
0.06
0.09
0.06
0.06
0.06
0.0633333
0.0633333
0.0633333
0.0666667
0.111667
0.116667
0.153333
0.116667
0.121667
0.166667
0.175
0.166667
0.105
0.175
0.18
0.198333
0.17
0.19
0.15
0.13
0.105
0.105
0.11
0.115
0.11
0.105
0.13
0.156667
0.133333
0.158333
0.158333
0.2
0.2
0.24
0.218333
0.251111
0.246111
0.252778
0.244444
0.246111
0.294444
0.306111
0.267778
0.295
0.249444
0.256111
0.262778
0.262778
0.289444
0.269444
0.265
0.278333
0.265
0.24
0.251667
0.23
0.24
0.231667
0.215
0.208333
0.191667
0.18
0.16
0.14
0.126667
0.125
0.113333
0.105
0.111667
0.0933333
0.0733333
0.0633333
0.0633333
0.06
0.06
0.06
0.136667
0.153333
0.158333
0.175
0.185
0.18
0.181667
0.166667
0.205
0.21
0.211667
0.198333
0.216667
0.213333
0.228333
0.225
0.231667
0.231667
0.231667
0.236667
0.238333
0.235
0.235
0.25
0.259444
0.238333
0.215
0.226667
0.211667
0.208333
0.191667
0.185
0.178333
0.166667
0.16
0.126667
0.131667
0.126667
0.125
0.1
0.095
0.0983333
0.0866667
0.06
0.095
0.06
0.06
0.06
0.11
0.06
0.125
0.11
0.148333
0.108333
0.128333
0.11
0.108333
0.0633333
0.108333
0.113333
0.128333
0.148333
0.143333
0.105
0.15
0.115
0.135
0.135
0.17
0.14
0.135
0.16
0.14
0.135
0.12
0.15
0.173333
0.158333
0.156667
0.143333
0.158333
0.173333
0.181667
0.223333
0.193333
0.203333
0.236667
0.261667
0.26
0.245
0.295
0.29
0.277222
0.280556
0.280556
0.307222
0.29
0.29
0.286667
0.295
0.303333
0.32
0.358333
0.365
0.311667
0.36
0.321667
0.336667
0.368333
0.327778
0.346667
0.3
0.285
0.325
0.302778
0.302778
0.278333
0.265
0.285
0.265
0.246667
0.196667
0.173333
0.133333
0.133333
0.173333
0.113333
0.111667
0.1
0.085
0.08
0.06
0.06
0.06
0.06
0.06
0.06
0.06
0.06
0.06
0.06
0.06
0.06
0.06
0.06
0.06
0.06
0.06
0.06
0.06
0.06
0.06
0.0666667
0.06
0.06
0.06
0.06
0.06
0.06
0.06
0.06
0.06
0.06
0.06
0.06
0.06
0.06
0.06
0.06
0.06
0.06
0.06
0.06
0.06
0.06
0.06
0.06
0.0816667
0.0816667
0.0816667
0.06
0.0816667
0.06
0.06
0.0816667
0.06
0.06
0.06
0.06
0.06
0.06
0.06
0.1
0.105
0.118333
0.141667
0.153333
0.166667
0.168333
0.166667
0.156667
0.185
0.208333
0.196667
0.193333
0.253333
0.271667
0.28
0.305
0.296667
0.311667
0.318333
0.37
0.386667
0.403333
0.416667
0.428889
0.431667
0.485
0.43
0.45
0.486667
0.485
0.5
0.521667
0.511667
0.54
0.528333
0.536667
0.535
0.546667
0.523333
0.485
0.461667
0.486667
0.488333
0.43
0.488333
0.48
0.493333
0.468333
0.493333
0.426667
0.458333
0.435
0.48
0.466667
0.428333
0.443889
0.425
0.425
0.425
0.385
0.36
0.342778
0.346667
0.33
0.318333
0.313333
0.311667
0.3
0.283333
0.275
0.273333
0.256667
0.256667
0.24
0.226667
0.203333
0.2
0.173333
0.173333
0.173333
0.153333
0.153333
0.158333
0.143333
0.138333
0.173333
0.173333
0.173333
0.168333
0.168333
0.15
0.138333
0.165
0.148333
0.158333
0.158333
0.153333
0.153333
0.153333
0.153333
0.148333
0.178333
0.178333
0.181667
0.237778
0.24
0.247778
0.24
0.228333
0.215
0.238333
0.228333
0.225
0.27
0.27
0.28
0.231667
0.243333
0.22
0.273333
0.263333
0.286667
0.286667
0.27
0.265
0.27
0.253333
0.298333
0.28
0.25
0.281667
0.311667
0.321667
0.323333
0.288333
0.288333
0.266667
0.293333
0.288333
0.283333
0.285
0.283333
0.281111
0.296111
0.294444
0.281667
0.3
0.291667
0.346667
0.351667
0.338333
0.336667
0.34
0.341667
0.351667
0.353333
0.348333
0.33
0.361667
0.361667
0.348333
0.316667
0.3
0.311667
0.293333
0.355
0.295
0.328333
0.32
0.305
0.301667
0.285
0.285
0.265
0.293333
0.308333
0.296667
0.295
0.308333
0.315
0.325
0.355
0.328333
0.358333
0.328333
0.366667
0.386667
0.373333
0.403333
0.403333
0.371667
0.398333
0.4
0.405
0.403333
0.403333
0.398333
0.405
0.403333
0.405
0.405
0.403333
0.403333
0.403333
0.403333
0.401667
0.398333
0.405
0.4
0.38
0.39
0.39
0.361667
0.361667
0.361667
0.39
0.386667
0.39
0.39
0.391667
0.366667
0.403333
0.403333
0.391667
0.421667
0.426667
0.445
0.443333
0.443333
0.46
0.466667
0.433333
0.431667
0.42
0.385
0.338333
0.338333
0.363333
0.365
0.385
0.36
0.355
0.355
0.355
0.34
0.34
0.34
0.34
0.355
0.311667
0.33
0.34
0.375
0.373333
0.375
0.375
0.375
0.378333
0.38
0.411667
0.411667
0.415
0.415
0.411667
0.411667
0.417222
0.398889
0.378333
0.375
0.382222
0.388889
0.398333
0.403333
0.441667
0.366667
0.368333
0.35
0.378333
0.353333
0.333333
0.343333
0.348333
0.363333
0.405
0.358333
0.358333
0.378333
0.371667
0.38
0.415
0.395
0.381667
0.4
0.376667
0.41
0.408333
0.43
0.413333
0.435
0.425
0.4
0.4
0.393333
0.393333
0.388333
0.393333
0.393333
0.398333
0.385
0.391667
0.398333
0.388333
0.393333
0.391667
0.408333
0.405
0.401667
0.411667
0.426667
0.436667
0.46
0.451667
0.471667
0.496667
0.496667
0.498333
0.511667
0.525
0.536667
0.535
0.555
0.561667
0.563333
0.573333
0.615
0.628333
0.638333
0.645
0.648333
0.656667
0.658333
0.688333
0.681667
0.683333
0.685
0.686667
0.688333
0.695
0.69
0.695
0.698333
0.698333
0.7
0.705
0.705
0.705
0.705
0.718333
0.706667
0.736667
0.705
0.708333
0.718333
0.723333
0.718333
0.735
0.738333
0.763333
0.765
0.771667
0.775
0.788333
0.791667
0.793333
0.795
0.786111
0.796111
0.796667
0.796667
0.798333
0.815
0.81
0.828333
0.833333
0.826667
0.848333
0.845
0.866667
0.886667
0.890556
0.886667
0.901667
0.903333
0.891667
0.883333
0.886667
0.89
0.896667
0.901667
0.911667
0.915
0.908333
0.918333
0.916667
0.925
0.915
0.941667
0.926667
0.938333
0.926667
0.94
0.938333
0.935
0.935
0.936667
0.935
0.931667
0.921667
0.937778
0.926111
0.922778
0.921667
0.925
0.918333
0.911667
0.917778
0.915
0.905556
0.907222
0.905
0.903333
0.9
0.9
0.911667
0.919444
0.929444
0.933333
0.93
0.923333
0.923333
0.918333
0.918333
0.911667
0.931111
0.931111
0.933333
0.935
0.925
0.926667
0.926667
0.943333
0.926667
0.921667
0.921667
0.936667
0.945
0.945
0.948333
0.95
0.936667
0.945
0.942222
0.943889
0.943889
0.946667
0.946667
0.946667
0.946667
0.946667
0.947222
0.943889
0.943333
0.943889
0.943889
0.943889
0.943889
0.947222
0.947222
0.946667
0.945556
0.945556
0.945
0.945
0.945
0.951667
0.956667
0.956667
0.956667
0.956667
0.957222
0.952222
0.952222
0.951667
0.956667
0.956667
0.957222
0.96
0.96
0.96
0.96
0.96
0.96
0.961667
0.961667
0.97
0.968333
0.97
0.97
0.958333
0.958889
0.947222
0.958889
0.958333
0.958333
0.958333
0.958889
0.958889
0.958333
0.955
0.958333
0.955
0.958333
0.958333
0.958333
0.958333
0.946667
0.947222
0.947222
0.946667
0.946667
0.946667
0.946667
0.946667
0.946667
0.946667
0.946667
0.947222
0.947222
0.947222
0.946667
0.946667
0.946667
0.946667
0.946667
0.946667
0.946667
0.941667
0.938333
0.938333
0.938333
0.938333
0.941667
0.941667
0.941667
0.936667
0.94
0.941667
0.941667
0.941667
0.926667
0.936667
0.942222
0.936667
0.936667
0.933333
0.936667
0.936667
0.936667
0.936667
0.94
0.936667
0.936667
0.946667
0.946667
0.946667
0.946667
0.946667
0.941667
0.941667
0.941667
0.941667
0.941667
0.941667
0.941667
0.936667
0.953333
0.941667
0.941667
0.941667
0.941667
0.953333
0.953333
0.941667
0.941667
0.941667
0.941667
0.941667
0.941667
0.941667
0.945
0.951111
0.951111
0.951111
0.957778
0.951111
0.951667
0.951667
0.941667
0.941667
0.953889
0.965556
0.953889
0.953889
0.953889
0.953889
0.946667
0.946667
0.946667
0.946667
0.946667
0.946667
0.946667
0.946667
0.946667
0.958333
0.958333
0.958333
0.958333
0.958333
0.958333
0.946667
0.952778
0.946667
0.964444
0.956111
0.951111
0.951111
0.952778
0.952778
0.946667
0.946667
0.952778
0.952778
0.952778
0.952778
0.952778
0.952778
0.946667
0.946667
0.95
0.95
0.963333
0.95
0.963333
0.963333
0.963333
0.963333
0.963333
0.963333
0.946667
0.946667
0.958889
0.958889
0.960556
0.960556
0.958889
0.958889
0.960556
0.946667
0.946667
0.946667
0.946667
0.946667
0.946667
0.946667
0.946667
0.946667
0.946667
0.946667
0.946667
0.946667
0.958333
0.911667
0.911667
0.921667
0.921667
0.921667
0.925
0.94
0.965
0.941667
0.966667
0.909444
0.919444
0.919444
0.898333
0.958333
0.948333
0.948333
0.966667
0.971667
0.94
0.959444
0.891667
0.891667
0.908333
0.908333
0.908333
0.903333
0.891667
0.891667
0.891667
0.891667
0.943333
0.96
0.95
0.908333
0.908333
0.908333
0.908333
0.908333
0.908333
0.908333
0.908333
0.95
0.95
0.945
0.908333
0.92
0.908333
0.908333
0.948333
0.957222
0.946667
0.938333
0.925
0.908889
0.922222
0.925556
0.938889
0.938889
0.932222
0.918889
0.915556
0.912222
0.908889
0.908889
0.908889
0.908889
0.908889
0.908333
0.908333
0.908333
0.908889
0.908889
0.908889
0.908889
0.908889
0.908333
0.908333
0.908889
0.908889
0.908889
0.925
0.908333
0.908333
0.912778
0.912778
0.912778
0.908333
0.908333
0.908333
0.908333
0.908333
0.908333
0.91
0.908333
0.913889
0.913889
0.913889
0.913889
0.913889
0.913889
0.913889
0.898333
0.898333
0.898333
0.896667
0.896667
0.908333
0.908333
0.908333
0.908333
0.908333
0.908333
0.908333
0.908333
0.908333
0.908333
0.908333
0.908333
0.908333
0.908333
0.908333
0.908333
0.908889
0.908889
0.908889
0.908889
0.908889
0.908889
0.908889
0.908889
0.908333
0.908333
0.908333
0.908889
0.908889
0.908333
0.908333
0.908889
0.908889
0.908889
0.908889
0.908889
0.908333
0.908333
0.908333
0.908333
0.908333
0.908333
0.908333
0.908333
0.908333
0.908333
0.908333
0.908333
0.908333
0.908333
0.908333
0.908333
0.908333
0.908333
0.908333
0.908333
0.908333
0.908333
0.908333
0.908333
0.908333
0.908333
0.908333
0.908333
0.908333
0.908333
0.908333
0.908333
0.908333
0.908333
0.908333
0.908333
0.908333
0.908333
0.908333
0.908333
0.908333
0.908333
0.908333
0.908333
0.908333
0.918333
0.918333
0.918333
0.918333
0.908333
0.908333
0.908333
0.908333
0.908333
0.908333
0.911111
0.911111
0.911111
0.911111
0.911111
0.911111
0.911111
0.911111
0.908333
0.908333
0.908333
0.908333
0.908333
0.913889
0.913889
0.918333
0.918333
0.918333
0.918333
0.922778
0.92
0.92
0.913889
0.913889
0.913889
0.913889
0.913889
0.908333
0.915556
0.911111
0.911111
0.911111
0.911111
0.911111
0.911111
0.911111
0.911111
0.918333
0.918333
0.918333
0.918333
0.918333
0.918333
0.908333
0.908333
0.908333
0.908333
0.908333
0.908333
0.908333
0.908333
0.908333
0.908333
0.908333
0.908333
0.908333
0.908333
0.908333
0.908333
0.908333
0.908333
0.908333
0.908333
0.908333
0.908333
0.908333
0.908333
0.908333
0.908333
0.908333
0.908333
0.908333
0.908333
0.908333
0.908333
0.908333
0.908333
0.908333
0.908333
0.921667
0.908333
0.908333
0.908333
0.908333
0.908333
0.908333
0.908333
0.908333
0.908333
0.908333
0.908333
0.908333
0.908333
0.908333
0.908333
0.908333
0.908333
0.908333
0.908333
0.908333
0.908333
0.908333
0.908333
0.908333
0.908333
0.908333
0.908333
0.908333
0.908889
0.908333
0.908333
0.908333
0.911667
0.915
0.925
0.921667
0.918333
0.912222
0.912222
0.912222
0.908889
0.908333
0.908889
0.908333
0.908333
0.908333
0.908333
0.908333
0.908333
0.908333
0.908333
0.908889
0.908889
0.908333
0.908333
0.908333
0.908333
0.908333
0.908333
0.908333
0.908333
0.908333
0.908333
0.908333
0.908333
0.902778
0.931111
0.936111
0.936111
0.922778
0.922778
0.925556
0.925556
0.92
0.925
0.931111
0.931111
0.931111
0.931111
0.931111
0.92
0.908333
0.908333
0.908333
0.908333
0.908333
0.908333
0.908333
0.908333
0.908333
0.908333
0.908333
0.908333
0.908889
0.908889
0.908889
0.908333
0.908333
0.908333
0.908333
0.908333
0.908889
0.908889
0.892222
0.908889
0.908889
0.908333
0.908333
0.905
0.908333
0.905
0.905
0.905
0.905
0.908333
0.891667
0.891667
0.891667
0.908333
0.908333
0.908333
0.908889
0.908889
0.908333
0.891667
0.892222
0.892222
0.891667
0.891667
0.891667
0.891667
0.891667
0.906667
0.901667
0.901667
0.901667
0.903333
0.903333
0.888333
0.888889
0.888889
0.892222
0.891667
0.891667
0.891667
0.908333
0.908333
0.92
0.92
0.92
0.92
0.920556
0.920556
0.92
0.92
0.92
0.906667
0.906667
0.906667
0.906667
0.906667
0.906667
0.906667
0.906667
0.906667
0.906667
0.905
0.905
0.905
0.905
0.905
0.905
0.905556
0.905556
0.905
0.905
0.905
0.905556
0.905556
0.905
0.905
0.913333
0.911111
0.911111
0.914444
0.914444
0.914444
0.905556
0.905
0.905
0.905
0.905
0.905
0.905
0.905
0.905556
0.908889
0.908889
0.912222
0.912222
0.915556
0.912222
0.908889
0.908889
0.911667
0.911667
0.911667
0.911667
0.911667
0.911667
0.911667
0.911667
0.911667
0.911667
0.911667
0.912222
0.912222
0.911667
0.911667
0.911667
0.908333
0.908333
0.908333
0.908333
0.908333
0.908889
0.908889
0.908889
0.908889
0.908889
0.908889
0.908333
0.908333
0.915
0.918333
0.918333
0.918333
0.918889
0.918333
0.918333
0.905556
0.912222
0.912222
0.912222
0.912222
0.912222
0.912222
0.912222
0.913889
0.913889
0.913889
0.913889
0.913889
0.913889
0.913889
0.913333
0.913333
0.913333
0.913889
0.907222
0.913889
0.913889
0.913889
0.913333
0.920556
0.920556
0.92
0.92
0.92
0.913333
0.92
0.92
0.92
0.916667
0.916667
0.916667
0.916667
0.916667
0.916667
0.916667
0.916667
0.916667
0.916667
0.916667
0.916667
0.916667
0.91
0.91
0.91
0.91
0.91
0.91
0.91
0.91
0.91
0.91
0.91
0.91
0.91
0.91
0.91
0.91
0.91
0.91
0.91
0.91
0.91
0.91
0.916667
0.916667
0.916667
0.917222
0.925556
0.925556
0.925556
0.916667
0.916667
0.916667
0.916667
0.916667
0.917222
0.917222
0.917222
0.916667
0.917222
0.917222
0.917222
0.917222
0.917222
0.917222
0.917222
0.917222
0.917222
0.910556
0.910556
0.910556
0.916667
0.916667
0.916667
0.916667
0.916667
0.913333
0.913333
0.911667
0.911667
0.911667
0.911667
0.911667
0.911667
0.911667
0.911667
0.911667
0.911667
0.911667
0.911667
0.913333
0.911667
0.913333
0.916667
0.916667
0.916667
0.916667
0.916667
0.917222
0.916667
0.916667
0.916667
0.916667
0.91
0.91
0.91
0.91
0.91
0.91
0.91
0.91
0.91
0.91
0.91
0.91
0.910556
0.910556
0.91
0.91
0.91
0.91
0.91
0.91
0.910556
0.910556
0.91
0.91
0.91
0.916667
0.91
0.91
0.916667
0.916667
0.91
0.905
0.91
0.905
0.908333
0.908333
0.91
0.91
0.91
0.91
0.931111
0.923889
0.916667
0.916667
0.916667
0.916667
0.916667
0.916667
0.916667
0.916667
0.916667
0.916667
0.916667
0.91
0.91
0.91
0.91
0.91
0.91
0.91
0.91
0.91
0.913333
0.913333
0.913333
0.92
0.92
0.92
0.927222
0.92
0.92
0.913333
0.917222
0.917222
0.917222
0.917222
0.917222
0.917222
0.916667
0.916667
0.913333
0.913333
0.913333
0.913333
0.913333
0.91
0.91
0.91
0.91
0.913889
0.920556
0.916667
0.916667
0.916667
0.916667
0.916667
0.916667
0.920556
0.920556
0.916667
0.916667
0.916667
0.916667
0.916667
0.916667
0.916667
0.916667
0.916667
0.916667
0.91
0.91
0.91
0.91
0.91
0.91
0.91
0.917222
0.91
0.91
0.91
0.91
0.91
0.91
0.916667
0.923333
0.923333
0.916667
0.916667
0.916667
0.916667
0.916667
0.916667
0.916667
0.91
0.91
0.91
0.91
0.91
0.913333
0.913333
0.92
0.92
0.923889
0.923889
0.92
0.92
0.918333
0.92
0.923889
0.923889
0.923889
0.923889
0.923889
0.923333
0.923333
0.923333
0.923333
0.923333
0.923333
0.923333
0.923333
0.923333
0.923333
0.923333
0.923333
0.916667
0.916667
0.916667
0.916667
0.920556
0.920556
0.92
0.918333
0.918333
0.915
0.915
0.915
0.915
0.915
0.915
0.915
0.92
0.92
0.92
0.923333
0.923333
0.923333
0.923333
0.921667
0.925
0.918333
0.918333
0.918333
0.918333
0.918333
0.918333
0.921667
0.918333
0.918333
0.918333
0.918333
0.918333
0.916667
0.916667
0.923333
0.923333
0.926667
0.926667
0.926667
0.926667
0.908333
0.921667
0.916667
0.921667
0.91
0.916667
0.928333
0.926667
0.923333
0.931667
0.93
0.933333
0.93
0.926667
0.926667
0.928333
0.931667
0.931667
0.926667
0.928333
0.936667
0.936667
0.938333
0.938333
0.955
0.946667
0.948333
0.951667
0.951111
0.955
0.936667
0.94
0.953333
0.958333
0.96
0.97
0.973333
0.963333
0.973333
0.963333
0.973333
0.973333
0.966667
0.966667
0.97
0.976667
0.978333
0.966667
0.973333
0.971667
0.97
0.968889
0.978333
0.968333
0.983333
0.980556
0.982778
0.993333
0.997778
0.995
0.989444
0.987778
0.976667
0.98
0.985
0.985
0.985
0.983333
0.983333
0.983333
0.983333
0.982222
0.983333
0.983333
0.981667
0.98
0.992222
0.978333
0.983333
0.981667
0.983333
0.983333
0.983333
0.981667
0.978333
0.975556
0.955
0.953333
0.955
0.958333
0.933333
0.946667
0.95
0.946667
0.967222
0.926667
0.950556
0.951667
0.958333
0.958333
0.951667
0.965
0.965
0.952778
0.959444
0.954444
0.955
0.968333
0.96
0.97
0.94
0.946667
0.933333
0.961667
0.963333
0.971111
0.968333
0.96
0.955
0.955
0.943333
0.946667
0.941667
0.943333
0.921667
0.943333
0.94
0.94
0.938333
0.93
0.925556
0.935556
0.92
0.935
0.926667
0.931667
0.928333
0.951667
0.956667
0.948889
0.947222
0.940556
0.945556
0.926667
0.915
0.911667
0.921667
0.918333
0.913333
0.916667
0.915
0.92
0.926667
0.918333
0.933333
0.917222
0.936667
0.925
0.923333
0.941667
0.917222
0.925556
0.952222
0.950556
0.942222
0.920556
0.910556
0.942222
0.905556
0.926111
0.926111
0.921667
0.912778
0.910556
0.902222
0.882222
0.880556
0.872222
0.868889
0.858889
0.827222
0.892222
0.902222
0.905556
0.887222
0.913889
0.913889
0.917222
0.902222
0.918889
0.907222
0.926667
0.915
0.918333
0.916667
0.913333
0.911667
0.920556
0.915
0.9
0.921667
0.902222
0.893889
0.903333
0.888889
0.872222
0.881667
0.888333
0.878333
0.903333
0.876667
0.871667
0.871667
0.863333
0.846667
0.816667
0.808333
0.885
0.845
0.853333
0.91
0.898333
0.86
0.883333
0.89
0.853333
0.797222
0.877222
0.833333
0.796667
0.865
0.798333
0.82
0.823333
0.770556
0.791667
0.774444
0.758333
0.775
0.780556
0.803333
0.78
0.748333
0.791667
0.79
0.829444
0.786667
0.796667
0.806667
0.81
0.833889
0.825556
0.838889
0.830556
0.828889
0.808333
0.813333
0.83
0.838333
0.833333
0.836667
0.818333
0.836667
0.82
0.815
0.836667
0.831667
0.84
0.826111
0.840556
0.821667
0.844444
0.845
0.848333
0.846111
0.824444
0.826111
0.793333
0.795
0.775
0.765
0.791667
0.754444
0.76
0.742778
0.756667
0.76
0.763333
0.811667
0.763333
0.743333
0.783333
0.746667
0.736667
0.735
0.71
0.76
0.775
0.778333
0.793333
0.748333
0.785
0.761667
0.757778
0.781111
0.807778
0.736667
0.765
0.785
0.788333
0.836667
0.818333
0.81
0.801667
0.823333
0.815
0.831667
0.836667
0.816667
0.779444
0.81
0.801667
0.836667
0.795
0.78
0.788333
0.745
0.735
0.755
0.765
0.801667
0.768333
0.771667
0.8
0.816667
0.803333
0.858333
0.865556
0.840556
0.818889
0.852222
0.835556
0.857222
0.865556
0.891667
0.893333
0.902222
0.893333
0.89
0.895
0.903333
0.916667
0.910556
0.913333
0.922222
0.920556
0.922222
0.931111
0.953333
0.93
0.925
0.945
0.93
0.932778
0.945
0.932222
0.938333
0.93
0.926667
0.925
0.925
0.92
0.913333
0.895
0.891667
0.893333
0.881667
0.886667
0.91
0.906667
0.901667
0.911667
0.916667
0.918333
0.926667
0.92
0.9
0.88
0.906667
0.911667
0.863889
0.835556
0.891667
0.870556
0.903889
0.893889
0.876667
0.825
0.84
0.852222
0.823889
0.803333
0.840556
0.801667
0.811111
0.821111
0.803333
0.83
0.851111
0.809444
0.811111
0.824444
0.814444
0.81
0.816667
0.822222
0.825
0.81
0.813333
0.831667
0.848333
0.806667
0.82
0.842778
0.812778
0.807222
0.8
0.786667
0.788333
0.785
0.795
0.775
0.77
0.81
0.778333
0.806667
0.81
0.805
0.81
0.811667
0.798333
0.803333
0.785
0.786667
0.79
0.775556
0.806111
0.800556
0.791667
0.798333
0.801667
0.781667
0.751667
0.783333
0.755
0.726667
0.766667
0.758333
0.771667
0.741667
0.723333
0.726667
0.762222
0.728333
0.731667
0.743333
0.755
0.736667
0.733333
0.736667
0.733333
0.731667
0.753333
0.765
0.768333
0.728333
0.765
0.79
0.808333
0.825
0.807222
0.773889
0.788333
0.808333
0.811667
0.783333
0.795
0.75
0.77
0.766667
0.763333
0.783333
0.783333
0.773333
0.806667
0.696667
0.753333
0.756667
0.758333
0.73
0.76
0.69
0.603333
0.616667
0.608333
0.677778
0.696667
0.713333
0.683333
0.672222
0.66
0.629444
0.645556
0.640556
0.627222
0.586667
0.605
0.585
0.631667
0.66
0.635
0.63
0.658333
0.696667
0.703333
0.676667
0.666667
0.691667
0.665
0.678333
0.668333
0.715
0.645
0.655
0.66
0.701667
0.696667
0.691667
0.683333
0.716667
0.693333
0.718889
0.728889
0.728333
0.71
0.74
0.736667
0.756667
0.773333
0.741667
0.74
0.758333
0.781667
0.78
0.74
0.798333
0.81
0.828333
0.836667
0.8
0.795
0.798333
0.823333
0.796667
0.813333
0.826667
0.798333
0.792222
0.775
0.773333
0.751667
0.727222
0.71
0.688333
0.701667
0.661667
0.671667
0.648333
0.645
0.651667
0.660556
0.660556
0.651667
0.662222
0.673889
0.650556
0.641667
0.636111
0.611667
0.599444
0.57
0.573333
0.555
0.541111
0.516667
0.49
0.49
0.485
0.485
0.45
0.427778
0.407778
0.421667
0.415
0.41
0.386667
0.375
0.368333
0.363333
0.296667
0.291667
0.285
0.276667
0.273333
0.243333
0.225
0.22
0.196667
0.195
0.19
0.185
0.165556
0.145
0.143333
0.13
0.12
0.118333
0.111667
0.11
0.1
0.09
0.0633333
0.06
0.06
0.06
0.06
0.06
0.06
0.06
0.06
0.06
0.06
0.06
0.06
0.06
0.0633333
0.0633333
0.0633333
0.0633333
0.0633333
0.0633333
0.0633333
0.0633333
0.0633333
0.0633333
0.0816667
0.06
0.06
0.06
0.06
0.06
0.0633333
0.0633333
0.0633333
0.0633333
0.0633333
0.0633333
0.0633333
0.0633333
0.0633333
0.0633333
0.0783333
0.0633333
0.0783333
0.0783333
0.0633333
0.0633333
0.0783333
0.08
0.0633333
0.0633333
0.0633333
0.06
0.06
0.06
0.0633333
0.0633333
0.0633333
0.0633333
0.0633333
0.075
0.06
0.075
0.075
0.06
0.06
0.06
0.06
0.06
0.06
0.06
0.06
0.075
0.075
0.0761111
0.0761111
0.0761111
0.06
0.06
0.075
0.075
0.075
0.06
0.06
0.06
0.06
0.0633333
0.0633333
0.0644444
0.0644444
0.0644444
0.0644444
0.0644444
0.0644444
0.0633333
0.0644444
0.0644444
0.0633333
0.0633333
0.06
0.0611111
0.06
0.06
0.06
0.0766667
0.0811111
0.0911111
0.0911111
0.0994444
0.0961111
0.0961111
0.107778
0.105
0.106111
0.104444
0.104444
0.101111
0.0977778
0.0933333
0.0611111
0.0611111
0.0611111
0.0611111
0.111667
0.12
0.153333
0.168333
0.17
0.185
0.166667
0.2
0.185
0.216667
0.23
0.265
0.253333
0.271667
0.315
0.328333
0.311667
0.338333
0.341667
0.34
0.355
0.35
0.361667
0.401667
0.411667
0.416667
0.393333
0.396667
0.403333
0.391667
0.386667
0.381667
0.378333
0.355
0.361667
0.35
0.348333
0.34
0.32
0.297778
0.308333
0.293333
0.291667
0.281667
0.255
0.238333
0.231111
0.196667
0.186667
0.206667
0.215
0.208333
0.221667
0.245
0.226667
0.228333
0.266667
0.243333
0.248333
0.263333
0.248333
0.265
0.228333
0.298333
0.26
0.318333
0.278333
0.27
0.266667
0.278333
0.273333
0.288333
0.296667
0.298333
0.29
0.321667
0.318333
0.321667
0.313333
0.308333
0.295
0.321667
0.323333
0.281667
0.283333
0.297778
0.306667
0.328333
0.265
0.268333
0.243333
0.271667
0.263333
0.251667
0.205
0.225
0.215
0.195
0.168333
0.148333
0.148333
0.136667
0.13
0.153333
0.141667
0.153333
0.113333
0.0966667
0.0633333
0.0633333
0.108333
0.0633333
0.128333
0.141667
0.135
0.153333
0.131667
0.125
0.105
0.125
0.125
0.135
0.183333
0.128333
0.128333
0.138333
0.133333
0.168333
0.215
0.223333
0.226667
0.246667
0.256667
0.201667
0.265
0.236667
0.283333
0.241667
0.258333
0.235
0.218333
0.255
0.26
0.26
0.266667
0.318333
0.326667
0.341667
0.355
0.376667
0.345
0.346667
0.381667
0.428333
0.436667
0.453333
0.475
0.463333
0.488333
0.446667
0.455
0.51
0.496667
0.503333
0.45
0.44
0.443333
0.456667
0.433333
0.41
0.41
0.406667
0.348333
0.31
0.356667
0.366111
0.331667
0.363333
0.356667
0.35
0.328333
0.291667
0.29
0.308333
0.305
0.26
0.253333
0.258889
0.228333
0.27
0.271667
0.221667
0.208333
0.21
0.221667
0.195
0.205
0.205
0.186667
0.176667
0.165
0.146667
0.145
0.13
0.121667
0.122222
0.0933333
0.0933333
0.0633333
0.0633333
0.0633333
0.0633333
0.0633333
0.0633333
0.0633333
0.0633333
0.0633333
0.0633333
0.07
0.0633333
0.0633333
0.0633333
0.0633333
0.0633333
0.0633333
0.0633333
0.0633333
0.06
0.06
0.06
0.06
0.06
0.06
0.06
0.0666667
0.0666667
0.0666667
0.0666667
0.06
0.06
0.06
0.0666667
0.0666667
0.0666667
0.0666667
0.0666667
0.0666667
0.0666667
0.0666667
0.0666667
0.0666667
0.0666667
0.06
0.06
0.06
0.0633333
0.0633333
0.06
0.06
0.0633333
0.06
0.06
0.06
0.06
0.06
0.06
0.0633333
0.06
0.0633333
0.0633333
0.0633333
0.0633333
0.0633333
0.0633333
0.0633333
0.0633333
0.0633333
0.0633333
0.0633333
0.0633333
0.0633333
0.0633333
0.0633333
0.0633333
0.0633333
0.0633333
0.0633333
0.0633333
0.0633333
0.0633333
0.0633333
0.0633333
0.0633333
0.0633333
0.0633333
0.0633333
0.0633333
0.0633333
0.0633333
0.0633333
0.0633333
0.0633333
0.07
0.07
0.07
0.0633333
0.0633333
0.0633333
0.0633333
0.0633333
0.0633333
0.0633333
0.0633333
0.0633333
0.0633333
0.0633333
0.0633333
0.0633333
0.0633333
0.0633333
0.0633333
0.0633333
0.0633333
0.0633333
0.0633333
0.0633333
0.0633333
0.06
0.06
0.06
0.06
0.06
0.06
0.0711111
0.0711111
0.0711111
0.0711111
0.06
0.06
0.06
0.0933333
0.113333
0.125
0.14
0.151667
0.161667
0.178333
0.19
0.193333
0.206667
0.2
0.218333
0.225
0.231667
0.228333
0.241667
0.25
0.258333
0.255
0.256667
0.261667
0.256667
0.263333
0.281667
0.263333
0.246667
0.256667
0.225
0.248333
0.241667
0.245
0.245
0.223333
0.316667
0.306667
0.326667
0.331667
0.383333
0.355
0.378333
0.428333
0.451667
0.441667
0.438333
0.47
0.426667
0.518333
0.555
0.571667
0.538333
0.555
0.558333
0.555
0.54
0.518333
0.531667
0.471667
0.495
0.473333
0.475
0.481667
0.488333
0.453333
0.471667
0.458333
0.466667
0.473333
0.468333
0.457778
0.449444
0.452778
0.431667
0.45
0.498333
0.448333
0.483333
0.448333
0.465
0.471667
0.48
0.491667
0.5
0.486667
0.521667
0.533333
0.535
0.553333
0.539444
0.546111
0.551111
0.554444
0.546111
0.537222
0.543333
0.543333
0.551667
0.565
0.581667
0.613333
0.618333
0.628333
0.633889
0.618889
0.647222
0.633889
0.650556
0.665
0.666667
0.651667
0.64
0.645
0.6
0.635
0.652778
0.642778
0.63
0.626667
0.63
0.633333
0.626667
0.63
0.623333
0.621667
0.593333
0.646667
0.597778
0.621111
0.622778
0.616111
0.586111
0.593333
0.651667
0.648333
0.658333
0.661667
0.661667
0.668333
0.667778
0.652778
0.677778
0.678889
0.689444
0.635556
0.718889
0.664444
0.701111
0.712778
0.687778
0.656111
0.669444
0.652778
0.664444
0.644444
0.652778
0.639444
0.674444
0.664444
0.681111
0.657778
0.654444
0.67
0.692222
0.696667
0.705
0.716667
0.716667
0.720556
0.727222
0.725
0.728333
0.721667
0.703333
0.72
0.742222
0.780556
0.782222
0.79
0.793333
0.791667
0.797222
0.802222
0.813889
0.810556
0.817222
0.822222
0.813889
0.813889
0.818889
0.817222
0.802778
0.806111
0.781667
0.777778
0.759444
0.789444
0.777778
0.766111
0.740556
0.780556
0.740556
0.750556
0.748889
0.738889
0.746111
0.717778
0.742222
0.751111
0.727778
0.777778
0.752222
0.750556
0.763889
0.741667
0.733333
0.741667
0.746667
0.735
0.731667
0.738333
0.736667
0.741667
0.73
0.775
0.773333
0.768333
0.773333
0.778333
0.771667
0.776667
0.783333
0.778333
0.786667
0.785
0.78
0.785
0.788333
0.783333
0.795
0.79
0.78
0.795
0.801667
0.803333
0.798333
0.801667
0.806667
0.805
0.805
0.805
0.833333
0.833333
0.851667
0.838333
0.855
0.848333
0.848333
0.843333
0.853333
0.855
0.86
0.861667
0.856667
0.831667
0.823333
0.83
0.879444
0.884444
0.884444
0.891667
0.898333
0.9
0.886667
0.89
0.885
0.89
0.891667
0.891667
0.903333
0.896667
0.898333
0.905
0.91
0.913333
0.915
0.92
0.92
0.933333
0.925556
0.925556
0.928889
0.930556
0.945556
0.945556
0.933889
0.935556
0.935556
0.933889
0.933889
0.954444
0.942778
0.933889
0.935556
0.930556
0.930556
0.945
0.935556
0.935556
0.935556
0.933889
0.945556
0.948889
0.948889
0.938889
0.938889
0.937222
0.945556
0.943889
0.948889
0.947222
0.947222
0.942222
0.947222
0.947222
0.947222
0.947222
0.947222
0.947222
0.945556
0.945556
0.945556
0.922222
0.922222
0.922222
0.922222
0.922222
0.937222
0.937222
0.937222
0.938889
0.938889
0.94
0.941667
0.945
0.943889
0.943889
0.943889
0.944444
0.944444
0.944444
0.951111
0.951111
0.958333
0.958333
0.943889
0.943889
0.943889
0.943889
0.943889
0.943889
0.943889
0.945
0.945
0.928333
0.928333
0.928333
0.938889
0.928333
0.927222
0.938333
0.938333
0.927222
0.928333
0.927222
0.930556
0.923889
0.923889
0.923889
0.923889
0.930556
0.930556
0.930556
0.930556
0.930556
0.930556
0.930556
0.910556
0.910556
0.908889
0.907222
0.907222
0.907222
0.907222
0.908889
0.908889
0.905556
0.905556
0.905556
0.905556
0.905556
0.905556
0.905556
0.895556
0.895556
0.895556
0.895556
0.895556
0.895556
0.895556
0.895556
0.895556
0.895556
0.895556
0.895556
0.898889
0.895556
0.895556
0.895556
0.900556
0.900556
0.895556
0.895556
0.895556
0.895556
0.895556
0.895556
0.895556
0.895556
0.895556
0.895556
0.903333
0.895556
0.892222
0.895556
0.895556
0.892222
0.892222
0.895556
0.888889
0.887222
0.887222
0.900556
0.900556
0.890556
0.900556
0.900556
0.928889
0.902222
0.902222
0.892222
0.892222
0.895556
0.895556
0.895556
0.888889
0.903889
0.903889
0.907222
0.910556
0.898889
0.895556
0.892222
0.892222
0.907222
0.907222
0.907222
0.908889
0.908889
0.908889
0.907222
0.907222
0.907222
0.907222
0.907222
0.907222
0.907222
0.907222
0.907222
0.907222
0.907222
0.907222
