0.160833
0.155833
0.154167
0.159583
0.16625
0.17375
0.18375
0.193333
0.194167
0.198333
<<<<<<< HEAD
0.207222
0.215972
=======
0.2025
0.21125
>>>>>>> cfb2ab54412f372a00d5488426891cd94c460ec6
0.217917
0.22
0.222083
0.226667
<<<<<<< HEAD
0.225972
0.22625
0.230972
0.230556
0.233472
0.236389
0.242639
=======
0.22375
0.22625
0.22875
0.228333
0.23125
0.234167
0.240417
>>>>>>> cfb2ab54412f372a00d5488426891cd94c460ec6
0.24125
0.239583
0.247083
0.244167
0.249583
0.254583
0.255833
0.254583
0.257917
<<<<<<< HEAD
0.259583
0.261528
=======
0.259861
0.260833
>>>>>>> cfb2ab54412f372a00d5488426891cd94c460ec6
0.257917
0.259167
0.255
0.265417
0.259583
0.265417
0.267917
0.2625
0.265833
0.268333
0.27
0.274167
0.277083
0.275833
0.279167
0.26875
0.280417
0.284583
0.280833
<<<<<<< HEAD
0.286528
0.295694
0.293333
0.300417
0.302083
0.306944
0.305694
=======
0.28625
0.295417
0.293333
0.300417
0.302083
0.30625
0.305
>>>>>>> cfb2ab54412f372a00d5488426891cd94c460ec6
0.307917
0.3125
0.30875
0.308333
0.303333
0.302083
0.298333
0.290833
0.296667
0.304167
0.303611
0.309444
0.293611
0.295
0.291667
0.295833
0.294167
0.2925
0.3025
0.305139
0.29875
0.311111
0.314583
0.317222
0.3325
0.349167
0.359583
0.355833
0.357917
0.359722
0.370417
0.369583
0.38125
0.395833
0.399583
0.40625
0.407917
0.414167
0.415417
0.4
0.400833
0.38875
0.395
0.39375
0.389583
0.394167
0.39875
0.397083
0.417917
0.423333
0.42
0.411667
0.430833
0.435
0.42875
0.43625
0.445
0.438333
0.424167
0.425417
0.4225
0.439583
0.43125
0.442083
0.4475
0.44875
0.44125
0.44375
0.447917
0.449167
0.46
0.460833
0.443333
0.4575
0.462083
0.465278
0.470694
0.468611
0.450833
0.446528
0.461389
0.46375
0.4425
0.465833
0.454167
0.450833
0.454583
0.445833
0.439167
0.44625
0.4475
0.440833
0.450833
0.437917
0.447083
0.445417
0.4375
0.4325
0.43375
0.43375
0.434167
0.43
0.42875
0.430417
0.43125
0.433333
0.42125
0.420417
0.415833
0.417083
0.41625
0.41
0.4075
0.40375
0.409583
0.39875
0.39
0.397917
0.40375
0.39875
0.399167
0.401667
0.397917
0.394583
0.397917
0.39875
0.394167
0.386667
0.38875
0.390833
0.384583
0.384167
0.385833
0.388333
0.385
0.387083
0.385833
0.380833
0.379583
0.380417
0.380417
0.380833
0.3825
0.382917
0.383333
0.381667
0.3825
0.3825
0.3825
0.3775
0.378333
0.37875
0.37875
0.380417
0.383333
0.382917
0.3825
0.384583
0.384167
0.380833
0.38125
0.380417
0.377917
0.38125
0.3825
0.383333
0.3825
0.382917
0.38125
0.38
0.381667
0.382083
0.38375
0.38375
0.384583
0.38375
0.384583
0.384167
0.38375
0.382083
0.380833
0.38
0.380833
0.379167
0.37625
0.367917
0.365833
0.372083
0.368333
0.372917
0.3725
0.37
0.365833
0.3675
0.3675
0.374583
0.375
0.384167
0.3825
0.389167
0.385833
0.389167
0.387083
0.385833
0.386667
0.3875
0.387917
0.38375
0.382917
0.385
0.3825
0.382083
0.377917
0.380833
0.390417
0.39
0.38625
0.398333
0.403333
0.405417
0.4125
0.414167
0.419167
0.42375
0.4275
0.423333
0.42625
0.4275
0.430833
0.43625
0.437083
0.4425
0.442083
0.44
0.434167
0.4375
0.432917
0.4325
0.430833
0.429583
0.42125
0.409583
0.4125
0.409583
0.405833
0.405417
0.404167
0.404167
0.404167
0.4
0.402917
0.410417
0.415
0.416667
0.416667
0.411667
0.412083
0.411667
0.402083
0.395833
0.39625
0.399583
0.400417
0.393333
0.394167
0.390417
0.387083
0.3875
0.387083
0.385833
0.384167
0.385833
0.385417
0.385417
0.384583
0.385417
0.389583
0.390833
0.3925
0.390833
0.390417
0.390417
0.397917
0.402083
0.404583
0.402917
0.404167
0.407917
0.4075
0.410833
0.409167
0.409167
0.413333
0.402083
0.405417
0.404583
0.404583
0.417083
0.418333
0.414583
0.415
0.415
0.406667
0.415833
0.41625
0.41625
0.416667
0.415833
0.41625
0.410417
0.40875
0.408333
0.407917
0.407917
0.405833
0.402917
0.4025
0.401667
0.400833
0.400417
0.397917
0.395833
0.396667
0.39625
0.407083
0.4125
0.414167
0.417083
0.42375
0.422917
0.41875
0.418333
0.416667
0.424167
0.415833
0.428333
0.430417
0.415
0.427917
0.417917
0.420417
0.42125
0.419167
0.418333
0.424583
0.43375
0.440833
0.46125
0.467917
0.48125
0.481667
0.49125
0.507083
0.505833
0.506667
0.496667
0.501667
0.51125
0.505833
0.51875
0.519583
0.53625
0.530833
0.529167
0.535417
0.547917
0.550417
0.569167
0.550417
0.568333
0.574583
0.5825
0.577917
0.5875
0.595417
0.599583
0.610833
0.609583
0.607083
0.615
0.615833
0.627917
0.619167
0.635
0.6225
0.622083
0.625833
0.639583
0.647917
0.638333
0.63875
0.6325
0.637917
0.63375
0.628333
0.627917
0.630833
0.641667
0.63875
0.637917
0.652917
0.640417
0.658333
0.655833
0.673333
0.680417
<<<<<<< HEAD
0.678056
0.686806
0.686806
0.693056
0.685139
0.673889
0.687639
0.687222
=======
0.67625
0.685
0.685
0.69125
0.683333
0.672083
0.685833
0.685417
>>>>>>> cfb2ab54412f372a00d5488426891cd94c460ec6
0.687917
0.689167
0.693333
0.689583
0.6925
0.70375
0.6875
0.697917
0.69375
0.69875
0.69
0.684167
0.684583
0.685417
0.675417
0.67875
0.683333
0.679167
0.673333
0.6775
0.68875
0.675
0.681667
0.6875
0.684167
0.69
0.690833
0.707917
0.719167
0.715
0.72
<<<<<<< HEAD
0.732639
0.741389
0.742639
0.741806
0.750139
0.753472
0.757222
0.751806
=======
0.730833
0.739583
0.740833
0.74
0.748333
0.751667
0.755417
0.75
>>>>>>> cfb2ab54412f372a00d5488426891cd94c460ec6
0.75125
0.757917
0.7625
0.74875
0.747917
0.751667
0.7575
0.764583
0.766667
0.76875
0.769583
0.763333
0.761667
0.75875
0.760833
0.759583
0.766667
0.76625
0.772917
0.77125
0.77
0.76875
0.771667
0.767917
0.77
0.769167
0.764583
0.76
0.764167
0.76
0.765833
0.742917
0.73875
0.74375
0.745833
0.748333
0.755417
0.749167
0.74875
0.740833
0.74
0.745
0.74375
0.744167
0.74375
0.74125
0.74625
0.74625
0.745
0.74
0.735
0.737917
0.734583
0.738333
0.741667
0.739583
0.745833
0.745
0.740833
0.7525
0.759167
0.755
0.756667
0.755417
0.757917
0.76125
0.769583
0.774167
0.775
0.77375
0.766667
0.769583
0.772917
0.77625
0.77375
0.772083
0.771667
0.776667
0.777917
0.7825
0.782917
0.789167
0.78625
0.794583
0.79875
0.79875
0.80375
0.822083
0.82625
0.82625
0.826667
0.82625
0.82375
0.827083
0.83125
0.833333
0.848333
0.847083
0.848333
0.84125
0.8425
0.847083
0.84625
0.843333
0.851667
0.853333
0.85875
0.859583
0.86
0.85875
0.85875
0.857083
0.85625
0.855833
0.853333
0.856667
<<<<<<< HEAD
0.858194
0.858194
=======
0.857917
0.857917
>>>>>>> cfb2ab54412f372a00d5488426891cd94c460ec6
0.857917
0.85875
0.859583
0.8575
0.857083
0.858333
0.857917
0.85875
0.858333
0.85875
0.858333
0.859583
0.859167
0.857917
0.858333
0.859583
0.859583
0.859167
0.86125
0.86125
0.872917
0.875
0.877083
0.877083
0.8775
0.879167
0.8775
0.877917
0.878333
0.88
0.87875
0.88
0.880417
0.875833
0.875833
0.876667
0.875417
0.874167
0.872917
0.870833
0.870417
0.869167
0.86875
0.86875
0.86625
0.869167
0.87125
<<<<<<< HEAD
0.870139
0.870139
=======
0.87
0.87
>>>>>>> cfb2ab54412f372a00d5488426891cd94c460ec6
0.870417
0.869583
0.869583
0.869583
0.870417
0.869167
0.869583
0.868333
0.868333
0.866667
0.867083
0.8675
0.867917
0.868333
0.874583
0.87125
0.872917
0.86875
0.86625
<<<<<<< HEAD
0.872917
0.873333
0.865833
0.874583
0.874583
0.874583
0.874583
0.875
0.875
0.874583
0.87625
0.877222
=======
0.872083
0.875
0.866111
0.874861
0.874583
0.874583
0.874861
0.875
0.875
0.874583
0.875417
0.874583
>>>>>>> cfb2ab54412f372a00d5488426891cd94c460ec6
0.874583
0.872917
0.873333
0.872917
0.873333
0.873333
0.873333
0.87375
0.869583
0.869583
0.870417
0.870417
0.87
0.87
0.870417
0.870417
0.87
0.87
0.87
<<<<<<< HEAD
0.874306
0.873611
0.873611
0.873611
=======
0.869583
0.869583
0.869583
0.869583
>>>>>>> cfb2ab54412f372a00d5488426891cd94c460ec6
0.869167
0.869167
0.869583
0.869583
0.869167
0.869167
0.869167
0.869167
0.869167
0.869167
0.864167
0.865417
0.865833
<<<<<<< HEAD
0.865833
0.865972
0.864583
=======
0.8675
0.8675
0.867639
0.867222
>>>>>>> cfb2ab54412f372a00d5488426891cd94c460ec6
0.864167
0.864167
0.864167
0.864167
0.864167
0.864167
<<<<<<< HEAD
0.864444
0.864583
0.864167
0.864167
0.864444
0.864444
0.864444
0.864861
=======
0.864583
0.864167
0.864167
0.864167
0.864167
0.864167
0.864583
>>>>>>> cfb2ab54412f372a00d5488426891cd94c460ec6
0.864583
0.86375
0.856667
0.85625
0.857917
0.856667
<<<<<<< HEAD
0.858333
0.859583
0.859583
0.859583
0.859583
0.860417
0.860417
=======
0.856667
0.85625
0.85625
0.85625
0.85625
0.857083
0.857083
>>>>>>> cfb2ab54412f372a00d5488426891cd94c460ec6
0.8575
0.8575
0.8575
0.8575
0.859167
0.859167
0.859167
0.86
0.86
0.859167
<<<<<<< HEAD
0.859306
0.859722
0.859722
0.87125
0.873333
0.874583
=======
0.859167
0.859583
0.861806
0.873472
0.875556
0.873333
>>>>>>> cfb2ab54412f372a00d5488426891cd94c460ec6
0.875
0.873333
0.874583
0.875417
0.875417
0.874583
0.874583
0.875
0.874583
0.874583
0.875417
<<<<<<< HEAD
0.877083
=======
0.875833
>>>>>>> cfb2ab54412f372a00d5488426891cd94c460ec6
0.875417
0.875417
0.875417
0.875417
0.875417
<<<<<<< HEAD
0.875833
0.875556
=======
0.874583
0.874583
>>>>>>> cfb2ab54412f372a00d5488426891cd94c460ec6
0.87375
0.87375
0.873333
0.87375
0.87375
<<<<<<< HEAD
0.875139
0.875556
0.883472
0.887222
0.889722
0.893056
0.893472
=======
0.874167
0.874583
0.87875
0.8825
0.885
0.888333
0.88875
>>>>>>> cfb2ab54412f372a00d5488426891cd94c460ec6
0.888333
0.882917
0.884167
0.884167
0.885417
0.884583
0.885
0.885
0.885
0.885
0.884167
0.8825
0.880833
0.884583
0.884583
0.8825
0.8825
0.8825
0.8825
0.8825
0.88125
0.880833
0.88
0.879583
0.882083
0.882083
0.885
0.885
0.884167
0.885
0.888333
0.888333
0.882917
0.88125
0.88125
0.880833
0.880833
0.880833
0.8825
0.8825
0.8825
0.882083
0.88125
0.88125
0.88125
0.882083
0.882083
0.882083
0.879167
0.879167
0.879167
0.87875
0.87875
0.875833
0.875833
0.884167
0.883333
0.883333
0.882917
0.877917
0.882917
0.882917
0.88625
0.88625
0.887917
<<<<<<< HEAD
0.890972
0.884306
0.883889
0.888889
0.883889
0.885139
0.890139
0.890139
=======
0.884583
0.879583
0.879167
0.884167
0.879167
0.880417
0.885417
0.885417
>>>>>>> cfb2ab54412f372a00d5488426891cd94c460ec6
0.885417
0.885417
0.880417
0.880417
0.885417
0.885417
0.885417
0.88375
0.883333
0.88625
0.885
0.885
0.879167
0.884583
<<<<<<< HEAD
0.891111
0.884861
=======
0.887083
0.880833
>>>>>>> cfb2ab54412f372a00d5488426891cd94c460ec6
0.880833
0.880833
0.879167
0.879167
0.879167
0.88
0.87875
0.87875
<<<<<<< HEAD
0.879583
0.87875
=======
0.877917
>>>>>>> cfb2ab54412f372a00d5488426891cd94c460ec6
0.87875
0.87875
0.87875
0.87875
0.87875
<<<<<<< HEAD
0.880417
0.880417
0.880417
0.880417
0.88125
0.880417
0.881667
0.878333
0.880833
0.880833
0.8825
0.883333
0.88125
0.880417
0.879583
0.88
0.880694
0.880694
0.88125
0.881667
0.88125
0.880833
0.880833
0.880833
0.880833
=======
0.878889
0.880556
0.880556
0.880556
0.880556
0.881389
0.880556
0.881806
0.878472
0.880972
0.880972
0.882639
0.883472
0.881389
0.880556
0.879722
0.880139
0.880556
0.880556
0.881389
0.881806
0.881389
0.880972
0.880972
0.880972
0.880972
>>>>>>> cfb2ab54412f372a00d5488426891cd94c460ec6
0.880833
0.877917
0.883333
0.882917
0.8775
0.87875
0.87875
0.879167
0.879167
0.879583
0.87875
0.879167
0.879167
0.880417
0.880417
0.880833
0.88125
0.880417
<<<<<<< HEAD
0.880556
0.881806
0.880417
0.879583
0.879583
0.879583
0.880417
0.879583
0.879583
0.884583
0.88
0.88125
0.880417
0.88125
0.880417
0.88
=======
0.880417
0.884583
0.883333
0.8825
0.8825
0.8825
0.883333
0.8825
0.8825
0.8875
0.882917
0.884167
0.883333
0.885139
0.884306
0.883889
>>>>>>> cfb2ab54412f372a00d5488426891cd94c460ec6
0.880417
0.88
0.88
0.88
0.87875
0.879167
0.879167
0.879167
<<<<<<< HEAD
0.879444
0.879444
0.879444
0.879167
0.879444
0.879167
0.879167
0.880833
0.879167
0.879167
0.88
0.881667
=======
0.879167
0.883056
0.883056
0.883056
0.879167
0.881389
0.879167
0.879167
0.879167
0.879167
0.88
0.88
>>>>>>> cfb2ab54412f372a00d5488426891cd94c460ec6
0.88
0.88
0.88
0.879167
0.884583
0.884583
0.885833
0.88125
0.880833
0.88125
0.884583
0.880417
0.881667
0.881667
0.881667
0.881667
0.882083
0.88125
0.881667
0.881667
0.881667
0.881667
0.882083
0.882083
0.882083
0.882083
0.882083
0.882083
0.878333
0.875
0.875417
<<<<<<< HEAD
0.885556
0.885972
0.887222
0.887222
0.887639
0.887639
0.887639
0.887639
0.888056
0.887639
0.887639
=======
0.880417
0.880833
0.882083
0.882083
0.8825
0.8825
0.8825
0.8825
0.8825
0.882083
0.882083
>>>>>>> cfb2ab54412f372a00d5488426891cd94c460ec6
0.882083
0.882083
0.882083
0.882083
0.882083
0.882083
0.8825
0.8825
0.8825
0.8825
0.8825
0.885833
0.885417
0.885
0.885
0.88375
<<<<<<< HEAD
0.88375
0.885
=======
0.887639
0.888889
>>>>>>> cfb2ab54412f372a00d5488426891cd94c460ec6
0.885
0.885417
0.885417
0.885417
0.885417
0.885417
0.885417
0.885417
0.885417
0.885417
<<<<<<< HEAD
0.8875
0.887083
0.891944
0.892361
0.891944
0.891944
0.885833
0.885833
0.887083
0.883056
0.883889
0.885
0.885417
0.88625
0.892361
0.891944
0.891111
0.891944
0.892361
0.892361
0.892361
0.892778
0.892778
0.893611
=======
0.885833
0.885417
0.885833
0.88625
0.885833
0.8875
0.8875
0.8875
0.88875
0.882917
0.88375
0.886667
0.885417
0.88625
0.88625
0.885833
0.885
0.885833
0.88625
0.88625
0.88625
0.886667
0.886667
0.889444
>>>>>>> cfb2ab54412f372a00d5488426891cd94c460ec6
0.887917
0.887917
0.887917
0.887917
0.887917
0.887917
0.889583
0.888333
0.888333
0.885833
0.887083
0.888333
<<<<<<< HEAD
0.885417
=======
0.885556
>>>>>>> cfb2ab54412f372a00d5488426891cd94c460ec6
0.885417
0.888333
0.885833
0.885833
0.886667
0.88625
0.887083
0.886667
0.88625
<<<<<<< HEAD
0.885833
0.885
0.89375
0.883333
=======
0.885972
0.885
0.893889
0.883611
>>>>>>> cfb2ab54412f372a00d5488426891cd94c460ec6
0.884167
0.885833
0.882083
0.8825
0.882083
0.882083
0.88125
0.880833
0.877917
<<<<<<< HEAD
0.880972
0.879306
=======
0.880833
0.879167
>>>>>>> cfb2ab54412f372a00d5488426891cd94c460ec6
0.879167
0.879167
0.879583
0.892917
0.879583
0.875
0.87625
0.87625
0.878333
0.878333
0.878333
0.8825
0.8825
0.877917
0.881667
0.879167
0.878333
0.878333
<<<<<<< HEAD
0.88
=======
0.880139
>>>>>>> cfb2ab54412f372a00d5488426891cd94c460ec6
0.880833
0.879583
0.879583
0.885833
0.885833
0.885833
0.8825
0.884167
0.8825
0.8825
0.883333
0.882083
0.882083
0.880833
0.8825
0.883333
0.879583
<<<<<<< HEAD
0.880417
0.880417
0.885833
0.885417
=======
0.87875
0.87875
0.884167
0.88375
>>>>>>> cfb2ab54412f372a00d5488426891cd94c460ec6
0.878333
0.883333
0.882083
0.883333
0.884583
0.884583
0.884583
0.878333
0.878333
0.878333
0.878333
0.878333
0.878333
0.878333
0.879583
0.88
0.88
0.88
0.88
0.88
0.88
0.88
0.879583
0.879583
0.879583
0.88
0.88
0.881667
0.88125
0.881667
0.882083
0.881667
0.884583
0.884583
0.884167
0.884583
0.885
0.885417
0.885417
0.884583
0.885833
0.88375
0.88375
0.88375
0.88375
0.88375
0.884583
0.884583
0.887083
0.884583
0.88875
0.88875
0.88875
0.88875
0.889167
0.889167
0.889167
0.877083
0.87625
0.87625
0.87625
0.87625
0.876667
0.885833
0.886667
0.886667
0.886667
0.8775
0.8775
0.887083
0.877917
0.877083
<<<<<<< HEAD
0.888472
0.888472
0.888056
0.887222
=======
0.885417
0.885417
0.885
0.884167
>>>>>>> cfb2ab54412f372a00d5488426891cd94c460ec6
0.885
0.885833
0.886667
0.887083
0.886667
0.887083
0.885417
0.885
0.884583
0.884583
0.884583
0.884583
<<<<<<< HEAD
0.887222
0.888472
0.888056
0.888056
0.885
0.887639
0.887639
0.887639
0.889722
=======
0.884167
0.885417
0.885
0.885
0.885
0.884583
0.884583
0.884583
0.886667
>>>>>>> cfb2ab54412f372a00d5488426891cd94c460ec6
0.886667
0.886667
0.886667
0.88625
0.886667
0.886667
0.886667
0.886667
0.885833
0.885833
0.88
0.880417
0.8775
0.88
0.88125
0.88125
0.882083
0.88
0.882083
0.881667
0.88
0.88125
0.88125
0.88125
0.881667
0.881667
0.881667
<<<<<<< HEAD
0.88125
0.8825
0.880833
0.882778
0.883194
0.883611
0.883611
0.886111
=======
0.879583
0.880833
0.879167
0.881111
0.881528
0.881944
0.881944
0.884444
>>>>>>> cfb2ab54412f372a00d5488426891cd94c460ec6
0.877917
0.878333
0.877917
0.877917
0.8775
0.877917
0.877083
0.877083
0.885417
0.885417
0.885417
0.885
0.885
0.885
0.885
0.886667
0.886667
0.886667
0.885
0.885
0.884583
0.885833
0.885833
0.885833
0.885833
0.885417
0.88625
0.89125
0.890833
0.890833
0.89
0.890417
0.89125
0.89125
0.89125
0.89125
0.89125
0.89125
0.89125
0.890833
0.890833
0.890833
0.890833
0.89
0.89
0.889583
0.88625
0.889583
0.889583
0.89
0.879167
0.88
0.880417
0.881944
0.882083
0.882917
0.881667
0.88375
0.88375
0.886667
0.88875
0.886667
0.887083
0.88625
0.887917
0.88625
<<<<<<< HEAD
0.885556
0.884306
0.884306
0.887639
0.887639
0.886806
0.885139
0.885556
0.885833
0.881389
0.880556
0.881389
0.879722
0.882083
0.88375
0.878889
=======
0.885417
0.884167
0.884167
0.8875
0.8875
0.886667
0.885
0.885417
0.885694
0.88125
0.880417
0.88125
0.879583
0.882083
0.88375
0.87875
>>>>>>> cfb2ab54412f372a00d5488426891cd94c460ec6
0.87875
0.87625
0.872917
0.87375
0.87375
0.873333
0.87375
0.874583
0.87375
0.874444
0.875278
0.875417
0.874167
0.875833
0.876111
0.878333
0.88125
0.880833
0.886667
0.890417
0.8875
0.884167
0.885
0.882917
<<<<<<< HEAD
0.887778
0.886528
0.882778
0.889583
0.891944
=======
0.8875
0.88625
0.8825
0.889583
0.891667
>>>>>>> cfb2ab54412f372a00d5488426891cd94c460ec6
0.890833
0.891667
0.8925
0.890833
0.8975
0.897917
0.900417
0.900417
0.9
0.899583
0.9025
0.90375
0.90625
0.908333
<<<<<<< HEAD
0.904167
0.90375
0.906806
0.908889
0.903472
0.915556
=======
0.904444
0.904028
0.906806
0.909167
0.90375
0.915833
>>>>>>> cfb2ab54412f372a00d5488426891cd94c460ec6
0.916806
0.916667
0.92
0.92
0.92625
0.930694
0.927361
0.93
0.933333
0.935
0.936944
<<<<<<< HEAD
0.937361
0.938889
=======
0.937222
0.93875
>>>>>>> cfb2ab54412f372a00d5488426891cd94c460ec6
0.939583
0.938333
0.9375
0.9325
0.94
0.935417
0.940417
0.940972
0.941389
0.93875
0.940833
0.934167
0.94125
0.9375
0.937083
0.93125
0.935
0.928333
0.93625
0.925833
0.924583
0.928333
0.925
0.921667
0.921667
0.925278
0.921667
0.929167
0.93375
0.93625
0.93
0.934583
0.935
0.938333
0.936528
0.938611
0.93625
0.94125
0.943333
0.942639
0.94125
0.943333
0.938333
0.939722
0.936389
0.933889
0.937083
0.930833
0.937083
0.939028
0.939861
0.941667
0.935
<<<<<<< HEAD
0.934444
0.936111
0.943333
0.943611
=======
0.930833
0.9325
0.943333
0.943333
>>>>>>> cfb2ab54412f372a00d5488426891cd94c460ec6
0.944861
0.94375
0.94875
0.94875
0.940417
0.935417
0.941667
0.939167
0.933889
0.944167
0.9175
0.927639
0.922917
0.919583
0.924306
0.922917
0.917917
0.9175
0.909167
0.917083
0.922083
0.916667
0.913333
0.922083
0.917917
0.920833
0.9025
0.9075
0.898333
0.895694
0.887917
<<<<<<< HEAD
0.888333
0.877917
0.879167
0.895833
0.897083
0.889444
0.8975
0.887083
=======
0.886667
0.87625
0.8775
0.894167
0.895417
0.887778
0.895833
0.885417
>>>>>>> cfb2ab54412f372a00d5488426891cd94c460ec6
0.878611
0.879583
0.874583
0.8625
0.858333
0.852778
0.855278
0.846806
0.848611
0.842083
0.845694
0.849583
0.865833
0.866528
0.87
0.851667
0.861528
0.847917
0.863333
0.861944
0.85625
0.845833
0.845833
0.85125
0.856944
0.844583
0.852778
0.861389
0.872361
0.842361
0.852083
0.855
0.855833
0.869167
0.860833
0.861667
0.857917
0.872083
0.863333
0.87875
0.86625
0.862083
0.866667
0.841667
0.852083
0.864583
0.849583
0.864167
0.871111
0.869167
0.865833
0.871111
0.862083
0.874167
0.868333
0.863333
0.855
0.843333
0.850139
0.835556
0.831944
0.850833
0.828333
0.814583
0.834444
0.815
0.834583
0.816667
0.804583
0.815833
0.790833
0.801667
0.8
0.79375
0.790833
0.795833
0.788333
0.797083
0.790417
0.7825
0.807083
0.804028
0.802083
0.789583
0.807083
0.8
0.807917
0.796667
0.792917
0.812917
0.8175
0.817083
0.81625
0.809583
0.8125
0.815833
0.795833
0.804583
0.804583
0.81625
0.81625
0.820833
0.803056
0.804167
0.801667
0.800417
0.804167
0.804167
0.821667
0.795417
0.787361
0.787917
0.79625
0.818333
0.814861
0.819028
0.798333
0.817083
0.820833
0.839167
0.838333
0.835
0.846667
0.849444
0.845
0.849583
0.830833
0.84875
0.853333
0.8625
0.84625
0.855417
0.856667
0.862083
0.86125
0.852917
0.852917
0.854028
0.85375
0.852083
0.839583
0.834583
0.826667
0.83875
0.82875
0.817083
0.825
0.820833
0.816667
0.810833
0.813611
0.79375
0.80625
0.8025
0.805417
0.8075
0.817917
0.834444
0.82875
0.827083
0.813333
0.806667
0.790417
0.805417
0.775
0.776528
0.769167
0.769444
0.762917
0.755417
0.757083
0.74625
0.757083
0.74625
0.762778
0.75875
0.74875
0.7525
0.765694
0.760833
0.738333
0.730417
0.731944
0.757917
0.751667
0.723333
0.753333
0.750833
0.745417
0.74875
0.719583
0.722917
0.737083
0.723333
0.719583
0.702917
0.694583
<<<<<<< HEAD
0.691389
0.698472
0.693889
0.691806
0.688194
0.714306
0.713889
0.721111
0.715556
0.706806
0.718056
0.713889
0.7125
0.713889
0.703472
0.688056
0.692222
0.684722
0.683333
0.671389
0.682222
0.667639
0.658333
0.672639
0.675556
0.670972
0.667639
0.662639
0.650139
0.632639
0.629306
0.629722
0.625139
0.616389
0.628472
0.616944
0.612222
0.616111
0.608194
0.594722
0.589306
0.596806
0.587222
0.582639
0.573889
0.565556
0.564722
0.558333
0.550139
0.552639
0.549306
0.541667
0.545
=======
0.705
0.703333
0.704583
0.704583
0.705
0.72375
0.712917
0.7175
0.717083
0.709861
0.716389
0.72375
0.714167
0.716667
0.705833
0.701667
0.70375
0.689583
0.685417
0.677083
0.665556
0.659722
0.668889
0.67375
0.662917
0.667083
0.660972
0.655694
0.649167
0.639028
0.628889
0.624306
0.617639
0.621806
0.612222
0.613333
0.617222
0.618333
0.599861
0.591389
0.592639
0.589306
0.590278
0.593611
0.594028
0.577361
0.578611
0.567778
0.569861
0.563333
0.558333
0.557083
0.554167
>>>>>>> cfb2ab54412f372a00d5488426891cd94c460ec6
0.549167
0.556667
0.556944
0.564028
0.555278
0.546667
0.542083
0.554167
<<<<<<< HEAD
0.530972
0.530833
0.538611
0.527778
0.514861
0.518333
0.514861
0.514722
0.522778
0.5125
0.4975
=======
0.53375
0.53875
0.538611
0.53625
0.527778
0.518333
0.521389
0.52625
0.522778
0.5125
0.491667
>>>>>>> cfb2ab54412f372a00d5488426891cd94c460ec6
0.500833
0.514028
0.494583
0.513333
0.52375
0.512917
0.504167
0.504583
0.498333
0.496806
0.505278
0.509583
0.502917
0.489167
0.486944
0.492361
0.484167
0.491667
0.472083
0.454583
0.451667
0.446667
0.431528
0.415694
0.419167
0.416667
0.400417
0.384167
0.39
0.365833
0.34625
0.33625
<<<<<<< HEAD
0.323333
0.329444
0.323611
0.312639
0.317222
0.323889
0.316667
0.321389
0.324722
0.319028
0.317361
0.32
0.318472
0.312778
0.31875
0.312778
0.319167
=======
0.32875
0.330556
0.323611
0.317222
0.313333
0.320972
0.329583
0.322917
0.320833
0.3175
0.318889
0.325972
0.328333
0.32
0.324306
0.321806
0.324861
>>>>>>> cfb2ab54412f372a00d5488426891cd94c460ec6
0.33
0.349583
0.337917
0.356667
0.359583
0.35125
0.359583
0.37625
0.370833
0.382917
0.3925
0.391528
0.410833
0.408333
0.390833
0.415
0.440833
0.438333
0.455417
0.482361
0.48125
0.494167
0.490833
0.499583
0.511667
0.513333
0.499167
0.50375
0.5125
0.503333
0.512917
0.518333
0.531944
0.5475
0.56125
0.589028
0.602917
0.61625
0.618333
0.620417
0.620417
0.6175
0.615833
0.602083
0.611667
0.603333
0.594583
0.602917
0.5875
0.58
0.566111
0.549583
0.556944
0.554583
0.544861
0.536944
0.505
0.502083
0.509167
0.4875
0.483333
0.462083
0.46625
0.4775
0.434583
0.435694
0.420417
0.415833
0.420833
0.412083
0.416667
0.419583
0.406667
0.39
0.399167
0.379167
0.361111
0.365833
0.347083
0.3225
0.323333
0.304167
0.292083
0.2825
0.244583
0.245833
0.241667
0.212917
0.204167
0.214167
0.1975
0.190417
0.186667
0.184583
0.186528
0.177917
0.159583
0.156528
0.149028
0.136667
0.13
0.127083
<<<<<<< HEAD
0.123472
=======
0.119583
>>>>>>> cfb2ab54412f372a00d5488426891cd94c460ec6
0.0966667
0.0966667
0.0945833
0.0961111
0.0945833
0.0941667
0.0979167
0.0970833
0.095
0.0925
0.0941667
0.0954167
0.095
0.0925
0.102917
0.0995833
0.0995833
0.0929167
0.0933333
0.0920833
0.0945833
0.09
0.0895833
0.0875
0.08625
0.08625
0.085
0.0925
0.0929167
0.08625
0.110417
0.124583
0.1375
0.145833
0.167083
0.205833
0.220833
0.234167
0.24625
0.277083
0.285417
0.304583
0.295417
0.32125
<<<<<<< HEAD
0.309306
0.337222
0.346389
0.367222
0.386806
0.397639
0.409722
0.428056
0.436389
0.451389
0.458472
0.460556
0.458194
0.455833
0.443889
=======
0.307917
0.3275
0.343333
0.365417
0.387083
0.402083
0.412917
0.423333
0.4325
0.442083
0.454861
0.45625
0.458194
0.455833
0.442917
>>>>>>> cfb2ab54412f372a00d5488426891cd94c460ec6
0.43625
0.450833
0.45125
0.450417
0.42875
0.434583
0.436667
0.435833
0.429583
0.432083
0.4275
0.426667
0.394583
0.392083
0.358333
0.35375
0.340417
0.335833
0.312917
0.311667
0.2875
0.305417
0.296667
0.297083
0.28375
0.272083
0.283194
0.260417
0.244583
0.22875
0.188333
0.18875
0.170417
0.179583
0.154167
0.152917
0.149167
0.155
0.152917
0.154861
0.140278
0.136528
0.123611
0.115833
0.10875
0.0920833
0.07875
0.07375
0.0666667
0.0658333
0.0670833
0.06625
0.0658333
0.065
0.0625
0.07125
0.0720833
0.075
0.0745833
0.075
0.0591667
0.0579167
0.0566667
0.055
0.0554167
0.0583333
0.0575
0.0633333
0.0691667
0.0729167
0.085
0.0954167
0.115417
0.13
0.13625
0.151667
0.164583
0.170417
0.182917
0.19875
0.214583
0.231667
0.235
0.239167
0.245833
0.26875
0.276667
0.295833
0.302083
0.31875
0.342083
0.367917
0.3725
0.385
0.390417
0.40375
0.42875
0.44
0.44875
0.467917
0.475833
0.487083
<<<<<<< HEAD
0.476389
0.480139
0.488056
0.492639
0.479306
0.479306
0.471806
0.470972
0.472222
0.469722
0.455139
0.448889
0.441389
0.433056
0.430139
0.426806
0.432639
0.434306
0.424722
0.408472
0.405139
0.388472
0.399306
0.398889
0.400417
0.403472
0.405556
0.407222
0.405972
0.408472
0.398472
0.388472
0.389722
0.393889
0.380139
0.378472
0.372222
0.358472
0.354306
0.345556
0.343889
0.341806
0.334306
0.288472
0.295972
0.288056
0.275417
0.268889
0.269306
0.253056
0.215139
0.208889
0.200139
0.188056
0.179306
0.188889
0.183889
0.158472
0.145556
=======
0.47625
0.48
0.487917
0.4925
0.479167
0.479167
0.471667
0.470833
0.472083
0.469583
0.455
0.44875
0.44125
0.432917
0.43
0.426667
0.4325
0.434167
0.424583
0.408333
0.405
0.388333
0.399167
0.39875
0.400278
0.403333
0.405417
0.407083
0.405833
0.408333
0.398333
0.388333
0.389583
0.39375
0.38
0.378333
0.372083
0.358333
0.354167
0.345417
0.34375
0.341667
0.334167
0.288333
0.295833
0.287917
0.275278
0.26875
0.269167
0.252917
0.215
0.20875
0.2
0.187917
0.179167
0.18875
0.18375
0.158333
0.145417
>>>>>>> cfb2ab54412f372a00d5488426891cd94c460ec6
0.139583
0.13375
0.11625
0.111667
0.09625
0.0845833
0.0816667
0.06625
0.07
<<<<<<< HEAD
0.0670833
=======
0.0673611
>>>>>>> cfb2ab54412f372a00d5488426891cd94c460ec6
0.0716667
0.0730556
0.0711111
0.0620833
0.0583333
0.06
0.0575
0.0529167
0.0433333
0.0391667
0.0391667
<<<<<<< HEAD
0.0393056
0.0297222
0.0297222
0.0297222
0.0297222
0.0297222
0.0297222
0.0297222
0.0297222
0.0297222
0.0297222
0.0334722
0.0297222
0.0297222
=======
0.0391667
0.0295833
0.0295833
0.0295833
0.0295833
0.0295833
0.0295833
0.0295833
0.0295833
0.0295833
0.0295833
0.0333333
0.0295833
0.0295833
>>>>>>> cfb2ab54412f372a00d5488426891cd94c460ec6
0.0295833
0.0295833
0.0295833
0.0283333
0.0320833
0.0320833
0.0295833
<<<<<<< HEAD
0.0380556
0.0379167
=======
0.0379167
0.0379167
0.0416667
>>>>>>> cfb2ab54412f372a00d5488426891cd94c460ec6
0.0416667
0.0416667
0.0416667
0.0416667
0.0416667
0.0416667
<<<<<<< HEAD
0.0418056
0.0393056
0.0393056
0.0393056
0.0418056
=======
0.0391667
0.0391667
0.0391667
0.0416667
>>>>>>> cfb2ab54412f372a00d5488426891cd94c460ec6
0.0416667
0.0416667
0.0416667
0.0416667
0.0391667
0.0391667
0.0391667
0.0454167
0.0454167
0.0475
0.0391667
0.0391667
0.0479167
0.0475
0.0391667
0.0420833
0.0470833
0.0445833
0.0470833
0.0420833
0.0554167
0.0691667
0.07875
0.0870833
0.100417
0.119583
0.120833
0.136667
0.145417
0.163333
0.170417
0.180833
0.180417
0.175
0.177917
0.18125
0.193333
0.182083
0.183333
0.182083
0.184167
0.195833
0.2
0.206667
0.203333
0.199167
0.218333
0.210833
0.214583
0.216111
0.2175
0.218333
0.204583
0.216667
0.224167
0.225833
0.227917
0.21625
0.233194
0.216667
0.22125
0.232083
0.216667
0.22
0.213333
0.212083
0.194583
0.181528
0.1675
0.152917
0.144167
0.147083
0.119167
0.140417
0.162917
0.128333
0.149583
0.154306
0.15
0.153472
0.1575
0.1625
0.131667
0.138333
0.151667
0.115833
0.1
0.107083
0.122083
0.11875
0.105
0.111667
<<<<<<< HEAD
0.0923611
0.125278
0.0956944
0.106111
0.0936111
0.0902778
0.0906944
0.0781944
0.06875
0.0631944
0.0690278
0.0536111
0.0590278
0.0498611
0.0640278
0.0602778
0.0583333
0.0636111
0.0677778
=======
0.0920833
0.125
0.0954167
0.105833
0.0933333
0.09
0.0904167
0.0779167
0.06875
0.0629167
0.06875
0.0533333
0.05875
0.0495833
0.06375
0.06
0.0583333
0.0633333
0.0675
>>>>>>> cfb2ab54412f372a00d5488426891cd94c460ec6
0.0495833
0.05125
0.0554167
0.0808333
0.0816667
0.0883333
0.08875
0.0991667
0.0945833
0.105417
0.0920833
0.08875
0.0970833
0.0945833
0.09875
0.0929167
0.09625
0.09625
0.0895833
0.102083
0.0975
0.0954167
0.08375
0.0716667
0.0716667
0.0716667
0.0858333
0.105
0.131667
0.134167
0.14
0.145417
0.153333
0.165833
0.170417
0.164583
0.169167
0.177083
0.18
0.181667
0.1825
0.175417
0.173333
0.167917
0.173333
0.16375
0.160833
0.165417
0.172083
0.17125
0.169167
0.172083
0.1725
0.160417
0.155833
0.141667
0.13375
0.1275
0.125833
0.12125
0.11125
0.0954167
0.0891667
0.08625
0.075
0.0670833
0.0575
0.0629167
0.0566667
0.0495833
0.0354167
0.0425
0.0354167
0.0354167
0.0391667
0.0625
0.0729167
0.0666667
0.10375
0.09
0.11125
0.114167
0.125
0.125833
0.12625
0.12875
0.128333
0.130417
0.135417
0.137083
0.1375
0.142083
0.140417
0.142917
0.14
0.138333
0.139167
0.137083
0.138333
0.149583
0.151667
0.159167
0.1525
0.141944
0.13875
0.125
0.120694
0.111667
0.107083
0.0866667
0.0870833
0.0791667
0.0720833
0.06875
0.07125
0.0740278
0.0754167
0.0608333
0.0516667
0.0516667
0.0529167
0.0541667
0.0579167
0.0595833
0.0679167
0.0666667
0.0766667
0.0754167
0.07875
0.0758333
0.0845833
0.0779167
0.0770833
0.0833333
0.08375
0.085
0.0941667
0.0983333
0.0983333
0.109583
0.0983333
0.1
0.10625
0.10625
0.10875
0.0979167
0.0991667
0.104167
0.0995833
0.100417
0.0970833
0.104583
0.102083
0.111667
0.115
0.114167
0.129583
0.147917
0.156667
0.157083
0.161667
0.159583
0.180417
0.177917
0.175417
0.184167
0.185833
0.192917
0.192917
0.199583
0.200833
0.19375
<<<<<<< HEAD
0.20375
0.195
0.197917
0.213333
0.22
0.224167
=======
0.204028
0.195278
0.198194
0.213611
0.220278
0.224444
>>>>>>> cfb2ab54412f372a00d5488426891cd94c460ec6
0.215417
0.207083
0.20125
0.205
<<<<<<< HEAD
0.216667
=======
0.216944
>>>>>>> cfb2ab54412f372a00d5488426891cd94c460ec6
0.215
0.225417
0.228333
0.23375
0.243333
0.22375
0.21625
0.213333
0.2075
0.187083
0.18
0.176667
0.161528
0.140833
0.136667
0.1325
0.11875
0.104167
0.0925
0.0825
0.0966667
0.0875
0.0781944
0.0723611
0.0508333
0.0483333
0.0470833
0.0408333
0.0404167
0.0404167
0.0404167
0.0404167
0.0404167
0.0404167
0.0404167
0.0404167
0.0404167
0.0404167
0.0404167
0.0404167
0.0404167
0.0404167
0.0404167
0.0404167
0.0404167
0.0408333
0.0408333
0.0370833
0.0370833
0.0370833
0.0370833
0.0370833
0.0370833
0.0370833
0.0370833
0.0370833
0.0370833
0.0370833
0.0370833
0.0370833
0.0370833
0.0370833
0.0370833
0.0370833
0.0370833
0.0370833
0.0370833
0.0370833
0.0370833
0.0370833
0.0379167
0.0379167
0.0379167
0.0379167
0.0379167
0.0379167
0.0379167
0.0379167
0.0379167
0.0379167
0.0379167
0.0391667
0.0391667
0.0391667
0.0391667
0.0558333
0.0625
0.0716667
0.0816667
0.0920833
0.103333
0.107917
0.112083
0.118333
0.120833
0.119167
0.129583
0.13625
0.141667
0.157917
0.181667
0.182083
0.184583
0.224583
0.2325
0.252083
0.270833
0.2675
0.296667
0.297917
0.30375
0.322917
0.33125
0.3425
0.35125
0.3675
0.37375
0.38
0.375833
0.383333
0.389583
0.385
0.38625
0.378333
0.350833
0.359583
0.34625
0.346667
0.3525
0.331667
0.333333
0.31625
0.315833
0.313333
0.315417
0.319861
0.309167
0.312917
0.31
0.302917
0.278333
0.26875
0.265417
0.266389
0.267083
0.255833
0.24875
0.255417
0.237917
0.235417
0.226111
0.220833
0.211667
0.19625
0.190417
0.185
0.174583
0.15625
0.140417
0.127917
0.125833
0.10875
0.110833
0.09125
0.0875
0.09125
0.08875
0.0883333
0.0979167
0.0975
0.0966667
0.10125
0.105
0.104583
0.0875
0.0908333
0.105833
0.117083
0.1125
0.105833
0.0916667
0.109583
0.112083
0.102917
0.1225
0.114583
0.116667
0.11
0.114167
0.134722
0.143333
0.1375
0.16625
0.1575
0.172917
0.1725
0.177639
0.16875
0.187917
0.181667
0.179583
0.189167
0.177917
0.179861
0.18125
0.172083
0.16625
0.172917
0.186667
0.18875
0.179583
0.17375
0.175833
0.172083
0.1975
0.199167
0.207917
0.225833
0.208333
0.220417
0.239583
0.234583
0.243333
0.233333
0.255
0.239167
0.235833
0.261667
0.274583
0.229167
<<<<<<< HEAD
0.221389
0.262917
0.2575
0.260556
=======
0.22125
0.262917
0.2575
0.260417
>>>>>>> cfb2ab54412f372a00d5488426891cd94c460ec6
0.262083
0.277083
0.270417
0.25375
0.284583
0.268333
0.287083
0.296667
0.28625
0.292083
0.292083
0.28125
0.277083
0.265417
0.272083
0.28125
0.27625
0.2775
0.271667
0.293333
0.282917
0.264167
0.29875
0.281667
0.285
0.290417
0.275
0.26875
0.265
0.280833
0.275417
0.274167
0.271667
0.282083
0.2775
0.27125
0.284167
0.2975
0.29625
0.299583
0.290417
0.307083
0.3075
0.294583
0.2975
0.2925
0.28625
0.292917
0.292083
0.29125
<<<<<<< HEAD
0.290833
0.290833
0.29125
0.295417
0.292917
=======
0.291111
0.291111
0.291528
0.295694
0.293194
>>>>>>> cfb2ab54412f372a00d5488426891cd94c460ec6
0.289167
0.294167
0.304167
0.305417
0.306667
0.30375
0.307083
0.302083
0.302083
0.31
0.30625
0.29625
0.304167
0.294583
0.29625
0.306667
0.312083
0.304167
0.293333
0.307917
0.315417
<<<<<<< HEAD
0.326528
0.337778
0.330278
0.360278
=======
0.32625
0.3375
0.33
0.36
>>>>>>> cfb2ab54412f372a00d5488426891cd94c460ec6
0.36125
0.345
0.357083
0.354167
0.349583
0.34375
0.32125
0.337083
0.32
0.301667
0.2975
0.30875
<<<<<<< HEAD
0.301944
0.282778
0.310278
0.294861
0.301111
0.299028
0.299861
0.293611
0.308611
0.295278
0.305694
0.291944
0.276944
0.284444
0.287361
0.277361
0.312361
0.313194
0.314444
0.317361
0.320278
0.329444
0.331944
0.336944
0.336944
0.336111
0.324028
0.329028
0.332778
0.336528
0.326944
0.326944
0.326111
0.321944
0.332361
0.324861
0.316528
0.314444
0.318611
0.339028
0.328194
0.312361
0.314444
0.326944
0.314861
0.321944
0.332778
0.326528
0.343611
0.329444
0.335694
0.339444
0.336528
0.336528
0.334444
0.325694
0.334028
0.340139
0.347222
0.346111
0.355694
0.344028
0.352778
0.360694
0.350278
0.342361
0.336944
0.336528
0.341528
0.348611
0.355694
0.343611
0.338611
0.337361
0.345278
0.346944
0.354028
0.358611
0.369444
0.367778
0.385278
0.394861
0.396111
0.403611
0.407778
0.416528
0.440694
0.440278
0.452361
0.467778
0.459028
0.480278
0.486111
0.478194
0.482917
0.487917
0.495
0.507083
0.51125
0.519583
0.524583
0.530833
0.527361
0.534861
0.536944
0.540694
0.547778
0.552778
0.548611
0.556528
0.561111
0.567778
0.570278
0.571944
0.572361
0.580278
0.590694
0.589028
0.595694
0.608611
0.611944
0.610278
0.602361
0.609861
0.617778
0.615694
0.617778
0.620694
0.627778
0.634028
0.629444
0.644444
0.655278
0.648194
0.664028
0.669444
0.677361
0.679028
0.687778
0.696944
0.707361
0.709861
0.724028
0.723611
0.745278
0.748194
0.746944
0.744444
0.757361
0.761111
0.759444
0.771944
0.773611
0.780278
0.785694
0.795278
0.777361
0.791944
0.804861
0.800139
0.800139
0.812222
0.802639
0.814028
0.806944
0.815694
0.803194
0.804444
0.806944
0.793194
0.793194
0.786528
0.785278
0.781528
0.784444
0.777361
0.778194
0.775278
0.786111
0.782361
0.777778
0.777361
0.779861
0.795694
0.778611
0.778611
0.782361
0.790278
0.787361
0.791528
0.784444
0.779861
0.792361
0.797778
0.791944
0.796528
0.797361
0.801111
0.806111
0.811944
0.809861
0.809444
0.816528
0.819444
0.819861
0.819444
0.815278
0.811944
0.814861
0.813611
0.813611
0.804861
0.797361
0.794861
0.798611
0.812361
0.817361
0.817361
0.811528
0.817778
0.829444
0.823611
0.829028
0.837778
0.844861
0.845694
0.842778
0.841111
0.843611
0.838611
0.834861
0.844028
0.843194
0.844444
0.844444
0.840694
0.839028
0.844028
0.839861
0.837778
0.837361
0.839861
0.838194
0.844028
0.835694
0.827778
0.843194
0.846111
0.839861
0.832778
0.849028
0.844444
0.839028
0.850694
0.841111
0.834028
0.840278
0.839861
0.839028
0.839444
0.836944
0.835694
0.831528
0.839444
0.831528
0.838194
0.834861
0.845694
0.846528
0.829028
0.831944
0.831111
=======
0.301667
0.2825
0.31
0.294583
0.300833
0.29875
0.299583
0.293333
0.308333
0.295
0.305417
0.291667
0.276667
0.284167
0.287083
0.277083
0.312083
0.312917
0.314167
0.317083
0.32
0.329167
0.331667
0.336667
0.336667
0.335833
0.32375
0.32875
0.3325
0.33625
0.326667
0.326667
0.325833
0.321667
0.332083
0.324583
0.31625
0.314167
0.318333
0.33875
0.327917
0.312083
0.314167
0.326667
0.314583
0.321667
0.3325
0.32625
0.343333
0.329167
0.335417
0.339167
0.33625
0.33625
0.334167
0.325417
0.33375
0.339861
0.346944
0.345833
0.355417
0.34375
0.3525
0.360417
0.35
0.342083
0.336667
0.33625
0.34125
0.348333
0.355417
0.343333
0.338333
0.337083
0.345
0.346667
0.35375
0.358333
0.369167
0.3675
0.385
0.394583
0.395833
0.403333
0.4075
0.41625
0.440417
0.44
0.452083
0.4675
0.45875
0.48
0.485833
0.477917
0.482917
0.487917
0.495
0.507083
0.51125
0.519583
0.524583
0.530833
0.527083
0.534583
0.536667
0.540417
0.5475
0.5525
0.548333
0.55625
0.560833
0.5675
0.57
0.571667
0.572083
0.58
0.590417
0.58875
0.595417
0.608333
0.611667
0.61
0.602083
0.609583
0.6175
0.615417
0.6175
0.620417
0.6275
0.63375
0.629167
0.644167
0.655
0.647917
0.66375
0.669167
0.677083
0.67875
0.6875
0.696667
0.707083
0.709583
0.72375
0.723333
0.745
0.747917
0.746667
0.744167
0.757083
0.760833
0.759167
0.771667
0.773333
0.78
0.785417
0.795
0.777083
0.791667
0.804583
0.799861
0.799861
0.811944
0.802361
0.81375
0.806667
0.815417
0.802917
0.804167
0.806667
0.792917
0.792917
0.78625
0.785
0.78125
0.784167
0.777083
0.777917
0.775
0.785833
0.782083
0.7775
0.777083
0.779583
0.795417
0.778333
0.778333
0.782083
0.79
0.787083
0.79125
0.784167
0.779583
0.792083
0.7975
0.791667
0.79625
0.797083
0.800833
0.805833
0.811667
0.809583
0.809167
0.81625
0.819167
0.819583
0.819167
0.815
0.811667
0.814583
0.813333
0.813333
0.804583
0.797083
0.794583
0.798333
0.812083
0.817083
0.817083
0.81125
0.8175
0.829167
0.823333
0.82875
0.8375
0.844583
0.845417
0.8425
0.840833
0.843333
0.838333
0.834583
0.84375
0.842917
0.844167
0.844167
0.840417
0.83875
0.84375
0.839583
0.8375
0.837083
0.839583
0.837917
0.84375
0.835417
0.8275
0.842917
0.845833
0.839583
0.8325
0.84875
0.844167
0.83875
0.850417
0.840833
0.83375
0.84
0.839583
0.83875
0.839167
0.836667
0.835417
0.83125
0.839167
0.83125
0.837917
0.834583
0.845417
0.84625
0.82875
0.8275
0.826667
>>>>>>> cfb2ab54412f372a00d5488426891cd94c460ec6
0.8325
0.8325
0.83125
0.835417
0.832083
0.83625
0.840833
0.83875
0.836667
0.836667
0.836667
0.842083
0.843333
<<<<<<< HEAD
0.842361
0.840278
0.844861
0.844861
0.843611
0.846111
0.843194
0.846528
0.846528
0.849861
0.851528
0.850278
0.850694
0.857361
0.855694
0.854861
0.855278
=======
0.842083
0.84
0.844583
0.844583
0.843333
0.845833
0.842917
0.84625
0.84625
0.849583
0.85125
0.85
0.850417
0.857083
0.855417
0.854583
0.855
>>>>>>> cfb2ab54412f372a00d5488426891cd94c460ec6
0.8625
0.862917
0.85375
0.855833
0.852917
0.852917
0.857083
0.864583
0.856667
<<<<<<< HEAD
0.854861
0.855694
0.854028
0.857361
0.857778
0.857361
0.856944
0.858611
0.861111
0.865694
0.861111
0.856528
0.861528
0.856944
0.858194
0.851528
0.849444
0.853194
0.852361
0.856528
0.856111
0.856528
0.857778
0.858611
0.858611
0.861111
0.861111
0.860278
0.858611
0.858611
0.858194
0.861528
0.861528
0.870278
0.870278
0.871111
0.880278
0.879028
0.879028
0.878611
0.878611
0.876111
0.876111
0.876528
0.876528
0.876528
0.876528
0.876528
0.878611
0.878611
0.880694
0.879444
0.879444
0.870278
0.879444
0.871528
0.871528
0.874444
0.863611
0.862778
0.871528
0.871528
0.870278
0.872778
0.872778
0.869861
0.871944
=======
0.854583
0.855417
0.85375
0.857083
0.8575
0.857083
0.856667
0.858333
0.860833
0.865417
0.860833
0.85625
0.86125
0.856667
0.857917
0.85125
0.849167
0.852917
0.852083
0.85625
0.855833
0.85625
0.8575
0.858333
0.858333
0.860833
0.860833
0.86
0.858333
0.858333
0.857917
0.86125
0.86125
0.87
0.87
0.870833
0.88
0.87875
0.87875
0.878333
0.878333
0.875833
0.875833
0.87625
0.87625
0.87625
0.87625
0.87625
0.878333
0.878333
0.880417
0.879167
0.879167
0.87
0.879167
0.87125
0.87125
0.874167
0.863333
0.8625
0.87125
0.87125
0.87
0.8725
0.8725
0.869583
0.871667
>>>>>>> cfb2ab54412f372a00d5488426891cd94c460ec6
0.871667
0.871667
0.86875
0.87
0.8725
0.870833
0.872917
<<<<<<< HEAD
0.869028
0.861528
0.867778
0.861528
0.861111
0.861111
0.861111
0.861111
0.861111
0.859028
0.861111
0.865278
0.864444
0.865278
0.861528
0.869444
0.869444
0.870278
0.867361
0.867361
0.866528
0.866528
0.866528
0.877361
0.877361
0.881111
0.881111
0.881111
0.880694
0.879861
0.880278
0.879028
0.878194
0.876528
0.883194
0.877778
0.873611
0.874444
0.881528
=======
0.86875
0.86125
0.8675
0.86125
0.860833
0.860833
0.860833
0.860833
0.860833
0.85875
0.860833
0.865
0.864167
0.865
0.86125
0.869167
0.869167
0.87
0.867083
0.867083
0.86625
0.86625
0.86625
0.877083
0.877083
0.880833
0.880833
0.880833
0.880417
0.879583
0.88
0.87875
0.877917
0.87625
0.882917
0.8775
0.873333
0.874167
0.88125
>>>>>>> cfb2ab54412f372a00d5488426891cd94c460ec6
0.87375
0.874167
0.872083
0.863333
0.860833
0.868333
0.86625
0.86625
0.87125
0.872083
0.872083
0.870417
<<<<<<< HEAD
0.879861
0.878194
0.878194
0.878194
0.879444
0.879444
0.879444
0.879444
0.876111
0.875278
0.875278
0.875278
0.875278
0.875694
0.871528
0.870278
0.871111
0.871111
0.871111
0.870694
0.874306
0.871944
0.866944
0.859028
0.864861
0.871528
0.866528
0.870694
0.866944
0.864444
0.862778
0.855278
0.865278
0.865694
0.857361
0.861111
0.863194
0.853611
0.865694
0.858194
0.856111
0.851111
0.849861
0.859861
=======
0.879583
0.877917
0.877917
0.877917
0.879167
0.879167
0.879167
0.879167
0.875833
0.875
0.875
0.875
0.875
0.875417
0.87125
0.87
0.870833
0.870833
0.870833
0.870417
0.874028
0.871667
0.866667
0.85875
0.864583
0.87125
0.86625
0.870417
0.866667
0.864167
0.8625
0.855
0.865
0.865417
0.857083
0.860833
0.862917
0.853333
0.865417
0.857917
0.855833
0.850833
0.849583
0.859583
>>>>>>> cfb2ab54412f372a00d5488426891cd94c460ec6
0.859583
0.847083
0.845833
0.845833
0.844167
<<<<<<< HEAD
0.866528
0.866528
0.856528
0.859861
0.867778
0.858611
0.858194
0.864444
0.864861
0.862778
0.861528
0.869028
0.869028
0.869028
0.865694
0.869444
0.864444
0.871944
0.859861
0.851944
0.860278
0.846528
0.846528
0.851111
0.838194
0.846944
0.857361
0.846944
0.858194
=======
0.86625
0.86625
0.85625
0.859583
0.8675
0.858333
0.857917
0.864167
0.864583
0.8625
0.86125
0.86875
0.86875
0.86875
0.865417
0.869167
0.864167
0.871667
0.859583
0.851667
0.86
0.84625
0.84625
0.850833
0.837917
0.846667
0.857083
0.846667
0.857917
>>>>>>> cfb2ab54412f372a00d5488426891cd94c460ec6
0.857917
0.845417
0.845417
0.859583
0.848333
0.836667
0.84
0.839583
0.839583
0.839167
0.84
0.840417
0.840417
0.845417
0.845417
0.849167
0.849583
0.846667
0.850833
<<<<<<< HEAD
0.845
0.845417
0.844583
0.850417
0.852917
0.85625
0.856667
0.856667
0.855417
0.854167
0.85375
0.85125
0.850694
0.850278
0.850278
0.850278
0.850278
0.850278
0.850278
0.850278
0.850278
0.849028
0.846528
0.846528
0.844861
0.844444
0.844861
0.844444
0.846111
0.846111
0.846111
0.846528
0.846528
0.846528
0.846528
0.846111
0.862778
0.863611
0.864028
0.854861
0.854861
0.854861
0.864028
0.864028
0.864028
0.864028
0.864028
0.864028
0.864028
0.864028
0.854861
0.855694
0.851111
0.847778
0.847778
0.853194
0.850278
=======
0.845
0.845417
0.844583
0.850417
0.852917
0.85625
0.856667
0.856667
0.855417
0.854167
0.85375
0.85125
0.850417
0.85
0.85
0.85
0.85
0.85
0.85
0.85
0.85
0.84875
0.84625
0.84625
0.844583
0.844167
0.844583
0.844167
0.845833
0.845833
0.845833
0.84625
0.84625
0.84625
0.84625
0.845833
0.8625
0.863333
0.86375
0.854583
0.854583
0.854583
0.86375
0.86375
0.86375
0.86375
0.86375
0.86375
0.86375
0.86375
0.854583
0.855417
0.850833
0.8475
0.8475
0.852917
0.85
>>>>>>> cfb2ab54412f372a00d5488426891cd94c460ec6
0.850833
0.85
0.849167
0.849167
0.859167
0.859167
0.859167
0.856667
0.857083
0.8575
0.857083
0.857083
0.856667
0.855833
0.8575
0.856667
0.854583
0.85375
0.85375
0.854167
0.854167
0.853333
0.853333
0.852917
0.852917
0.85
0.849167
0.849167
0.849167
0.840833
0.842083
0.840833
0.840833
0.840833
0.840833
0.840417
0.840417
0.840417
0.840417
0.84
0.840417
0.84
0.839583
0.84
0.839583
0.84
0.84
0.84
0.849167
0.849167
0.849167
0.849167
0.849167
0.849167
0.844583
0.84625
0.84625
0.846667
0.844167
0.853333
0.842917
0.840833
0.844167
0.844167
0.844167
0.844167
0.844167
0.844167
0.84375
0.852917
0.852917
0.852917
0.852917
0.8525
0.8525
0.8525
0.8525
0.8525
0.8525
0.85125
0.85125
0.850833
0.85125
0.850833
0.850417
0.850417
0.85125
<<<<<<< HEAD
0.853611
=======
0.852083
>>>>>>> cfb2ab54412f372a00d5488426891cd94c460ec6
0.85125
0.851667
0.857083
0.857083
0.855833
0.85625
0.85625
0.855417
0.855833
0.855833
0.85625
0.856667
0.85625
0.855833
0.850417
0.853333
0.85875
0.863333
0.862083
0.863333
0.863333
0.866667
0.862083
0.862917
0.862083
0.859167
0.860833
0.860833
<<<<<<< HEAD
0.861389
0.859306
0.860139
0.860972
0.860139
0.860139
0.860139
0.860139
0.860139
0.860139
0.860139
0.860139
=======
0.86125
0.859167
0.86
0.860833
0.86
0.86
0.86
0.86
0.86
0.86
0.86
0.86
>>>>>>> cfb2ab54412f372a00d5488426891cd94c460ec6
0.86125
0.860833
0.860833
0.860833
0.860833
0.860833
0.860833
<<<<<<< HEAD
0.863333
=======
0.860833
>>>>>>> cfb2ab54412f372a00d5488426891cd94c460ec6
0.860833
0.861667
0.866667
0.867083
0.867083
0.867083
0.867917
0.86625
0.863333
0.85625
0.856667
<<<<<<< HEAD
0.858889
0.857639
0.860556
0.863056
0.863472
0.863472
0.863889
0.862222
0.863472
0.865139
0.865139
0.867222
0.868056
0.868056
0.869306
0.869722
0.871806
0.878472
0.877639
0.877222
=======
0.856667
0.855417
0.858333
0.860833
0.86125
0.86125
0.861667
0.86
0.86125
0.862917
0.862917
0.865
0.865833
0.865833
0.867083
0.8675
0.869583
0.87625
0.87625
0.875833
>>>>>>> cfb2ab54412f372a00d5488426891cd94c460ec6
0.878333
0.8725
0.877083
0.8675
0.8675
0.864583
0.869167
0.869167
0.869167
0.869583
0.869167
0.874583
0.87
0.868333
0.8675
0.869167
0.8675
0.866667
0.86375
0.871667
0.87125
0.86625
0.862083
0.862083
0.861667
0.860417
0.86
0.863333
0.862917
0.861667
0.8625
0.86375
0.863333
0.860417
0.862361
0.861667
0.861667
0.864167
0.864167
0.863333
0.859583
0.85875
0.858333
0.858333
0.856667
0.85625
0.855
0.854167
0.854167
0.854167
0.855417
0.855417
0.857083
0.857083
0.855833
0.855833
0.855417
0.855
0.857083
0.856667
0.855833
0.855833
0.85375
0.85375
0.85375
0.85375
0.85375
0.85375
0.85375
0.851667
0.851667
0.851667
0.854583
0.855
0.854583
0.849583
0.8525
0.849167
0.848333
0.849167
0.85
0.853333
0.85375
0.853333
0.85375
0.853333
0.854167
0.850417
0.850417
0.850833
0.85125
0.857083
0.857083
0.8575
0.856667
0.856667
0.846667
0.8475
0.83875
0.84625
0.849583
0.85
0.85
0.84875
0.847083
0.847083
0.847083
0.850417
0.8425
0.842083
0.841667
0.841667
0.84125
0.839583
0.847083
0.8525
0.8525
0.850833
0.850417
0.848333
0.847917
0.85
0.85
0.849583
0.849583
0.850833
0.849583
0.84625
0.847083
0.847083
0.848333
0.84375
0.848333
0.847917
0.847083
0.845417
0.844583
0.846667
0.8475
0.849167
0.848333
0.845833
0.845
0.83875
0.83875
0.842083
0.854583
0.857917
0.855417
0.85375
0.849583
0.85
0.849583
0.849167
0.855417
0.855
0.845417
0.850833
0.85125
0.857917
0.849583
0.8425
0.85
0.8575
0.855833
0.855833
0.857083
0.854583
0.8575
0.857083
0.854583
0.855417
0.855417
0.855417
0.855417
0.855833
0.857083
0.856667
0.857083
0.859167
0.857083
0.85625
0.857917
0.859167
0.8575
0.85875
0.859167
0.859167
0.85875
0.859167
0.859167
0.85875
0.859167
0.860833
0.860833
0.86125
0.873333
0.872917
0.871667
0.871667
0.87125
0.87125
0.87125
0.868333
0.87125
0.87125
0.87125
0.877917
0.875833
0.877083
0.876667
0.878333
0.881667
0.8825
0.883333
0.883333
0.883333
0.88375
0.88375
0.884167
0.885
0.89
0.890417
0.889167
0.889167
0.889167
0.889583
0.889167
0.889583
0.889583
0.889167
0.889583
0.888333
<<<<<<< HEAD
0.888194
0.888194
0.888194
0.888333
0.888611
0.888611
0.888194
0.888194
0.887917
0.8875
0.887361
0.887778
0.887778
0.888194
0.888194
0.885417
0.882361
0.883611
0.885278
0.884861
0.887778
0.888333
0.88375
0.884444
0.884861
0.884028
0.887778
0.887361
0.887778
0.881944
0.882778
=======
0.887917
0.887917
0.887917
0.888333
0.888333
0.888333
0.887917
0.887917
0.887917
0.8875
0.887083
0.8875
0.8875
0.887917
0.887917
0.885417
0.882083
0.883333
0.885
0.884583
0.8875
0.888333
0.88375
0.884167
0.884583
0.88375
0.8875
0.887083
0.8875
0.881667
0.8825
>>>>>>> cfb2ab54412f372a00d5488426891cd94c460ec6
0.8825
0.8825
0.8825
0.881667
0.8825
0.887083
0.884583
0.886667
0.884167
0.88625
0.88625
0.88625
0.88625
0.88625
0.885417
0.885417
0.885417
0.885833
0.885833
0.885833
0.886667
0.885833
0.885833
0.885
0.885417
0.88625
0.885417
0.88625
0.885417
0.88625
0.88625
0.88625
0.88375
0.88375
0.887083
0.8875
0.887083
0.886667
0.882917
0.886667
0.886667
0.886667
0.886667
0.8825
0.88625
0.88625
0.8825
0.8825
0.8825
0.8825
0.8825
0.8825
0.8825
0.8825
0.8825
0.8825
0.8825
0.881667
0.881667
0.882917
0.882917
0.882917
0.882917
0.882083
0.882083
0.881667
0.881667
0.882083
0.881667
0.881667
0.882083
0.878333
0.878333
0.878333
0.878333
0.878333
0.878333
0.878333
0.878333
0.878333
0.878333
0.878333
0.885417
0.885417
0.884583
0.885417
0.882917
0.885
0.885833
0.885
0.885
0.885
0.885417
0.885
0.885
0.885
0.885
0.885
0.885
0.885
0.885
0.885
0.885417
0.885417
0.884167
0.884167
0.884167
0.885833
0.885833
0.885833
0.885833
0.886667
0.886667
0.886667
0.885833
0.885833
0.885833
0.885833
0.88625
0.886667
0.886667
0.887083
0.88625
0.885417
0.885833
0.885833
0.885833
0.885417
0.885417
0.885417
0.885417
0.885417
0.88125
0.88125
0.88125
0.88125
0.8825
0.8825
0.8825
0.88125
0.88125
0.88125
0.8825
0.8825
0.88125
0.88125
0.8825
0.881667
0.881667
0.882917
0.886667
0.885417
0.886667
0.885417
0.886667
0.885417
0.885417
0.880417
0.880417
0.876667
0.876667
0.876667
0.876667
0.876667
0.87625
0.875833
0.875833
0.875833
0.879167
0.879167
<<<<<<< HEAD
0.882639
=======
0.8825
>>>>>>> cfb2ab54412f372a00d5488426891cd94c460ec6
0.882917
0.879167
0.879167
0.883333
0.883333
0.883333
0.883333
0.883333
0.883333
0.882917
0.882917
0.887083
<<<<<<< HEAD
0.894444
0.893194
0.893194
0.893194
0.894444
0.893194
=======
0.888333
0.887083
0.887083
0.887083
0.888333
0.887083
>>>>>>> cfb2ab54412f372a00d5488426891cd94c460ec6
0.887083
0.88875
0.88875
0.887083
0.88875
0.889167
0.88875
0.89
0.88875
0.88875
0.88875
0.88875
0.88875
0.89
0.88875
0.88875
0.89
0.890417
0.888333
0.888333
0.888333
0.888333
0.886667
0.886667
0.889167
0.884167
0.892083
0.892083
0.892917
<<<<<<< HEAD
0.8925
0.89125
0.89125
0.8875
=======
0.893333
0.892083
0.892083
0.888333
>>>>>>> cfb2ab54412f372a00d5488426891cd94c460ec6
0.8875
0.88625
0.887917
0.893333
0.893333
0.891667
0.891667
0.891667
0.891667
0.891667
0.887917
0.887917
0.887917
0.887917
0.887917
0.887917
0.887917
0.887917
0.887917
0.891667
0.889167
0.891667
0.8925
0.8925
0.892917
0.892083
0.892083
0.892083
0.889583
0.89125
0.891667
0.890833
0.887083
0.8875
0.887917
0.8925
0.8925
0.8925
0.8925
0.8925
0.892083
0.89125
0.892083
0.892917
0.894583
0.895
0.894583
0.895
0.894583
0.895833
0.895833
0.895833
0.896667
0.896667
0.8975
0.8975
0.9
0.90375
0.903333
0.903333
0.90125
0.902917
0.906667
0.898333
0.895417
0.902083
0.890417
0.89625
0.900833
0.902917
0.905417
0.906667
0.905417
0.904167
0.914583
0.905833
0.915417
0.917083
0.915833
0.920417
0.91625
0.934583
0.935
0.935417
0.945
0.934583
<<<<<<< HEAD
0.932222
0.939722
0.923472
0.936806
0.940139
0.947222
=======
0.932083
0.939583
0.923333
0.936667
0.94
0.947083
>>>>>>> cfb2ab54412f372a00d5488426891cd94c460ec6
0.9525
0.952917
0.959167
0.965833
0.962361
0.96375
0.9625
0.960833
0.96375
0.96375
0.963194
0.9625
0.96125
0.959167
0.958889
0.9625
0.96375
0.970417
0.966667
0.970417
0.973611
0.975972
0.966528
0.969167
0.96625
0.969722
0.964583
0.964167
0.9575
0.95375
0.953333
0.955833
0.954167
0.944167
0.942361
0.932917
0.934583
0.92625
0.921389
0.926667
0.93
0.911667
0.915417
0.909167
0.908333
0.908333
0.904583
0.88
0.875972
0.888472
0.894722
0.88875
0.879444
0.865417
0.86
0.867917
0.857083
0.8675
0.864583
0.849583
0.855417
0.861111
0.870833
0.873333
0.882083
0.881667
0.879167
0.892083
0.891667
0.899583
0.895417
0.8925
0.904583
0.88875
0.881667
0.8825
0.866667
0.885833
0.890417
0.880417
0.886667
0.890833
0.904028
0.894167
0.896667
0.906667
0.899167
0.89875
0.900833
0.896667
0.911667
0.911667
0.912083
0.89125
0.892361
0.909028
0.904861
0.899861
0.919167
0.910278
0.9
0.901667
0.907083
0.9075
0.89125
0.89375
0.89125
0.88625
0.886667
0.873056
0.88
0.883333
0.875833
0.870417
0.868333
0.8625
0.867917
0.86875
0.87125
0.87
0.880417
0.884028
0.859167
0.880417
0.865417
0.862083
0.862917
0.85875
0.865694
0.843333
0.842083
0.849583
0.84375
0.836667
0.831944
0.830139
0.830417
0.814167
0.815
0.825139
0.821667
0.8175
0.819167
0.810417
0.827917
0.81625
0.818889
0.818333
0.827917
0.826667
0.807917
0.81625
0.818333
0.815278
0.825417
0.809444
0.810833
0.816667
0.812917
0.812083
0.81625
0.827917
0.814861
0.810694
0.805833
0.807361
0.819167
0.814583
0.805
0.803333
0.7925
0.812083
0.820694
0.807917
0.8075
0.799167
0.797917
0.795
0.789167
0.78125
0.764167
0.757222
0.760833
0.760833
0.771111
0.751667
0.772917
0.77625
0.771667
0.76375
0.7575
0.732083
0.72625
0.745
0.744583
0.722917
0.723194
0.73
0.712917
0.709167
0.699444
0.69875
0.702778
0.68625
0.662778
0.668333
0.67375
0.682917
0.682083
0.682083
0.686944
0.677083
0.67875
0.692778
0.695833
0.7025
0.687083
0.71375
0.7075
0.704306
0.698333
0.693333
0.698333
0.70875
0.7075
0.701667
0.692917
0.689167
0.698333
0.698194
0.717917
0.725
0.722917
0.7225
0.711667
0.71125
0.697083
0.717778
0.711806
0.709167
0.705417
0.715
0.70375
0.720417
0.697917
0.708333
0.695
0.72375
0.696528
0.710833
0.687083
0.688889
0.68
0.68875
0.674167
0.6875
0.67625
0.689583
<<<<<<< HEAD
0.676528
0.684583
0.677917
0.660972
0.675833
0.671667
=======
0.67
0.684583
0.677917
0.660833
0.675833
0.670833
>>>>>>> cfb2ab54412f372a00d5488426891cd94c460ec6
0.687083
0.678194
0.678333
0.693333
0.691111
0.67625
0.677083
0.712083
0.698333
0.709861
0.693333
0.709167
0.700417
0.695
0.677917
0.693333
0.690417
0.652083
<<<<<<< HEAD
0.637222
=======
0.626528
>>>>>>> cfb2ab54412f372a00d5488426891cd94c460ec6
0.641528
0.639306
0.637222
0.623056
0.6525
0.639167
0.647083
0.654583
0.679167
0.6775
0.656667
0.674167
0.67625
0.679583
0.678333
0.70625
0.70875
0.727083
0.734167
0.7375
0.737083
0.7325
0.7625
0.778333
0.787917
0.791667
0.797917
0.79875
0.798333
0.8
0.806667
0.809167
0.789861
0.790417
0.7925
0.808194
0.80375
0.808194
0.815
0.8025
0.810417
0.83
0.830417
0.829583
0.85
0.857917
0.859167
0.853333
0.854583
0.858889
0.8525
0.842917
0.83
0.823333
0.827917
0.827083
0.828333
0.835833
0.82375
0.817639
0.816667
0.81625
0.8125
0.807917
0.793333
0.802917
0.793333
0.796667
0.794167
0.797917
0.803333
0.803333
0.803333
0.77
0.760417
0.760417
0.764583
0.755833
0.762083
0.75375
0.747917
0.744583
0.7575
0.751111
0.77125
0.76125
0.739583
0.746667
0.756111
0.750417
0.75375
0.745694
0.711667
0.723333
0.725833
0.726667
0.70875
0.684167
0.668472
0.6725
0.711667
0.681111
0.715
0.71875
0.697917
0.713333
0.697917
0.699583
0.704028
0.701806
0.682083
0.6925
0.6925
0.695417
0.694167
0.694167
0.690417
0.6975
0.680417
0.679444
0.683194
0.68125
0.661667
0.653333
0.660833
0.672083
0.669583
0.66
0.64875
0.637917
0.626111
0.629167
0.6175
0.605972
0.605833
0.595417
0.587083
0.580417
0.5725
0.54375
0.530417
0.547917
0.549167
0.559167
0.552083
0.557361
0.560694
0.567083
0.569167
0.5575
0.565833
0.569167
0.570833
0.565833
0.5975
0.620417
0.61875
0.610833
0.630417
0.6375
0.615833
0.653611
0.625278
0.639861
0.642083
0.648333
0.654167
0.644167
0.63625
0.644861
0.642917
0.641667
0.642917
0.6125
0.63375
0.636944
0.622917
0.640417
0.596667
0.627083
0.619583
0.60875
0.590694
0.556528
0.54375
0.541667
0.523611
0.541667
0.535833
0.516111
0.500694
0.488611
0.4875
0.471667
0.461528
0.455417
0.4475
0.480417
0.490833
0.479583
0.478333
0.4775
0.49375
0.488889
0.495833
0.503333
0.51375
0.5225
0.509167
0.52
0.525417
0.489167
0.482083
0.487083
0.48875
0.502083
0.495
0.495
0.51375
0.516111
0.494583
0.517917
0.525972
0.5425
0.557639
0.568611
0.577361
0.604444
0.590694
0.632083
0.615
0.621667
0.624583
0.625417
0.64
0.634861
0.635
0.657917
0.637083
0.652083
0.648194
0.655833
0.674167
0.679861
0.676667
0.67125
0.66375
0.635833
0.632917
0.635
0.629167
0.62
0.608611
0.596944
0.575833
0.581667
0.573333
0.573333
0.565
0.568333
0.56375
0.55875
0.543056
0.53875
0.532083
0.518333
0.51375
0.517917
0.49875
0.485417
0.48
0.4675
0.435417
0.430833
0.427083
0.42
0.417639
0.405
0.379583
0.370417
0.350833
0.340833
0.332083
<<<<<<< HEAD
0.329583
=======
0.327917
>>>>>>> cfb2ab54412f372a00d5488426891cd94c460ec6
0.312083
0.304167
0.289167
0.276111
0.260417
0.2375
0.222917
<<<<<<< HEAD
0.22
0.203333
0.185
=======
0.218333
0.201667
0.183333
>>>>>>> cfb2ab54412f372a00d5488426891cd94c460ec6
0.175417
0.164583
0.150833
0.142083
0.129861
0.125833
0.115
0.101389
0.0804167
0.0777778
0.065
0.05875
0.055
<<<<<<< HEAD
0.0522222
0.0527778
0.0484722
0.0572222
0.0547222
0.0538889
0.0540278
0.0538889
0.0505556
0.0443056
0.0388889
0.0359722
0.0354167
0.0379167
0.0297222
0.0268056
0.0258333
0.0258333
0.0258333
0.0258333
=======
0.0529167
0.0513889
0.0501389
0.055
0.0504167
0.0475
0.04875
0.0475
0.0466667
0.0429167
0.0420833
0.0379167
0.0375
0.0379167
0.035
0.0316667
0.03125
0.0304167
0.0275
0.0266667
>>>>>>> cfb2ab54412f372a00d5488426891cd94c460ec6
0.0370833
0.0370833
0.0370833
0.0370833
0.0370833
0.0370833
0.0370833
0.0370833
0.0520833
0.0520833
0.0520833
0.0520833
0.0520833
0.0529167
0.0529167
0.0416667
0.0416667
0.0416667
0.0416667
0.0416667
0.0416667
0.0416667
0.0675
0.05625
0.0508333
0.0570833
0.0579167
0.0545833
0.0583333
0.0583333
0.07
0.0704167
0.0591667
0.0583333
0.05375
0.0566667
0.0566667
0.0645833
0.0641667
0.0633333
0.0641667
0.0641667
0.0641667
0.0675
0.06625
0.0645833
0.0658333
0.0575
0.0529167
0.05375
0.05375
0.0533333
0.0525
0.0520833
0.0570833
0.0516667
0.0516667
0.0516667
0.0516667
0.0495833
0.0495833
0.0525
0.0525
0.0533333
0.0558333
0.05625
0.0533333
0.0529167
0.0533333
0.0491667
0.0495833
0.05
0.04875
0.04875
0.04875
0.0466667
0.04875
0.0483333
0.0483333
0.0533333
0.0533333
0.0483333
0.0483333
0.0495833
0.04875
0.0445833
0.0408333
0.0483333
0.05375
0.055
0.0583333
0.0604167
0.0616667
0.0645833
0.0658333
0.0670833
0.0679167
0.0704167
0.0679167
0.065
0.0625
0.06125
0.0616667
0.05875
0.05625
0.06875
0.0791667
0.0870833
0.08875
0.0958333
0.1
0.107917
0.115
0.12
0.12125
0.147083
0.1525
0.162917
0.17625
0.182083
0.197083
0.207083
0.230417
0.239583
0.24625
0.238333
0.243333
0.2525
0.2475
0.250833
0.251667
0.240833
0.254167
0.245833
0.250833
0.247917
0.241667
0.2325
0.238333
0.224167
0.21375
0.214167
0.213333
0.202083
0.194167
0.199583
0.199583
0.192361
0.187917
0.175139
0.169583
0.155833
0.145833
0.129583
0.115417
0.12625
0.128333
0.131667
0.132917
0.131667
0.141667
0.14
0.148333
0.1625
0.170417
0.166667
0.175
0.165
0.1725
0.168333
0.180417
0.15625
0.194167
0.184167
0.207917
0.210833
0.205417
0.204583
0.207083
0.2
0.209167
0.210417
0.2275
0.230833
0.23375
0.231667
0.229167
0.231667
0.218333
0.224167
0.222083
0.207083
0.213611
0.215417
0.191667
0.200417
0.196389
0.17375
0.161667
0.14125
0.135
0.130417
0.119861
0.110833
0.0983333
0.0875
0.0766667
0.0745833
0.0795833
0.0894444
0.08875
0.0854167
0.0829167
0.0795833
0.0754167
0.0679167
0.0775
0.0783333
0.09
0.0929167
0.085
0.095
0.0879167
0.0929167
0.0883333
0.0895833
0.0916667
0.0979167
0.0783333
0.0975
0.09625
0.0908333
0.105833
0.105833
0.114167
0.127917
0.128333
0.14875
0.154167
0.1575
0.164167
0.169167
0.179583
0.194861
0.207917
0.185833
0.214583
0.215417
0.227917
0.216667
0.238333
0.2525
0.265833
0.28875
0.31125
0.325
<<<<<<< HEAD
0.341944
0.344861
0.364861
0.381944
0.388194
0.413194
0.426111
0.404028
0.405694
0.416111
0.398194
0.397361
0.403611
0.396944
0.388194
0.373194
0.355694
0.358611
0.345278
0.336111
0.339444
0.319028
0.296944
0.298611
0.287778
0.266528
0.266944
0.272778
0.262778
0.246944
0.241944
0.237778
=======
0.341667
0.344583
0.364583
0.381667
0.387917
0.412917
0.425833
0.40375
0.405417
0.415833
0.397917
0.397083
0.403333
0.396667
0.387917
0.372917
0.355417
0.358333
0.345
0.335833
0.339167
0.31875
0.296667
0.298333
0.2875
0.26625
0.266667
0.2725
0.2625
0.246667
0.241667
0.2375
>>>>>>> cfb2ab54412f372a00d5488426891cd94c460ec6
0.22625
0.213333
0.208333
0.189167
0.182083
0.186667
0.160417
<<<<<<< HEAD
0.150972
0.156528
0.161806
0.143611
0.143472
0.145139
0.139722
0.138472
0.115139
0.1125
0.109306
0.0884722
0.0801389
0.0743056
0.0655556
0.0572222
0.0543056
0.0393056
0.0409722
0.0409722
0.0409722
0.0409722
0.0409722
0.0409722
0.0409722
0.0409722
0.0459722
0.0476389
0.0419444
0.0419444
0.0394444
0.0394444
0.0394444
0.0393056
0.0393056
0.0393056
0.0393056
0.0393056
0.0393056
0.0297222
0.0297222
0.0297222
0.0297222
=======
0.150833
0.15625
0.161667
0.143333
0.143333
0.145
0.139583
0.138333
0.115
0.112361
0.109167
0.0883333
0.08
0.0741667
0.0654167
0.0570833
0.0541667
0.0391667
0.0408333
0.0408333
0.0408333
0.0408333
0.0408333
0.0408333
0.0408333
0.0408333
0.0458333
0.0475
0.0416667
0.0416667
0.0391667
0.0391667
0.0391667
0.0391667
0.0391667
0.0391667
0.0391667
0.0391667
0.0391667
0.0295833
0.0295833
0.0295833
0.0295833
>>>>>>> cfb2ab54412f372a00d5488426891cd94c460ec6
0.0408333
0.0408333
0.0408333
0.0408333
0.0408333
0.0408333
0.0408333
0.0408333
0.0408333
0.0391667
0.0391667
0.0391667
0.0391667
0.0416667
0.0504167
0.0504167
0.0529167
0.0529167
0.0416667
0.0416667
<<<<<<< HEAD
0.0418056
0.0418056
0.0418056
0.0418056
0.0418056
0.0418056
0.0418056
0.0418056
=======
>>>>>>> cfb2ab54412f372a00d5488426891cd94c460ec6
0.0416667
0.0416667
0.0416667
0.0416667
0.0416667
0.0416667
0.0416667
<<<<<<< HEAD
=======
0.0416667
0.0416667
0.0416667
0.0416667
0.0416667
0.0416667
0.0416667
0.0416667
0.0408333
0.0408333
0.0408333
0.0408333
0.0408333
0.0408333
0.0408333
0.0408333
0.0408333
0.0408333
0.0416667
0.0416667
0.0391667
0.0391667
0.0391667
0.0391667
0.0391667
0.0391667
0.0391667
0.0416667
0.0416667
0.0416667
0.0416667
0.0416667
0.0391667
0.0416667
>>>>>>> cfb2ab54412f372a00d5488426891cd94c460ec6
0.0408333
0.0408333
0.0408333
0.0408333
<<<<<<< HEAD
0.0409722
0.0409722
0.0409722
0.0409722
0.0409722
0.0409722
0.0418056
0.0418056
0.0393056
0.0393056
0.0393056
0.0393056
0.0393056
0.0393056
0.0393056
0.0418056
0.0418056
0.0418056
0.0418056
0.0418056
0.0393056
0.0418056
0.0409722
0.0409722
0.0409722
0.0409722
0.0409722
0.0409722
0.0409722
0.0409722
0.0409722
0.0418056
0.0418056
0.0393056
0.0418056
0.0409722
0.0418056
0.0418056
0.0418056
0.0409722
0.0409722
0.0409722
0.0418056
0.0418056
=======
0.0408333
0.0408333
0.0408333
0.0408333
0.0408333
0.0416667
0.0416667
0.0391667
0.0416667
0.0408333
0.0416667
0.0416667
0.0416667
0.0408333
0.0408333
0.0408333
>>>>>>> cfb2ab54412f372a00d5488426891cd94c460ec6
0.0416667
0.0416667
0.0416667
0.0416667
0.0416667
0.0416667
0.0416667
0.0416667
<<<<<<< HEAD
0.0418056
0.0418056
0.0418056
0.0418056
0.0355556
0.0355556
0.0355556
0.0380556
0.0380556
0.0380556
0.0380556
0.0405556
0.0405556
0.0405556
=======
0.0416667
0.0416667
0.0416667
0.0416667
0.0416667
0.0416667
0.0354167
0.0354167
0.0354167
0.0379167
0.0379167
0.0379167
0.0379167
0.0404167
0.0404167
0.0404167
>>>>>>> cfb2ab54412f372a00d5488426891cd94c460ec6
0.0404167
0.0491667
0.0491667
0.0654167
0.0695833
0.0820833
0.0916667
0.0945833
0.10875
0.109167
0.113333
0.119583
0.130833
0.135
0.141667
0.129583
0.125833
0.126667
0.13125
0.130417
0.132917
0.137083
0.139583
0.141667
0.144583
0.146667
0.147917
0.148333
0.153333
0.15125
0.151667
0.153333
0.154583
0.157917
0.163333
0.180833
0.198333
0.21125
0.22875
0.235
0.25125
0.25875
0.280833
0.281667
0.28625
0.308333
0.3175
0.324167
0.32375
0.332083
0.351667
0.35125
0.352917
0.348333
0.35125
0.355417
0.355833
0.350833
0.35125
0.3525
0.355
0.3675
0.374167
0.37375
0.373333
0.35875
0.356667
0.355
0.35375
0.35
0.354583
0.340417
0.329167
0.329167
0.339167
0.34
0.344167
0.344167
0.34875
0.349583
0.353333
0.357917
0.355417
0.365417
0.36875
0.36625
0.370417
0.367917
0.375833
0.375417
0.37625
0.37375
0.38
0.370417
0.373333
0.375
0.375833
0.381667
0.390833
0.395833
0.408333
0.41
0.42625
0.432083
0.436667
0.435
0.442917
0.442083
0.445417
0.44125
0.447083
0.454167
0.45125
0.465833
0.458333
0.47
0.480139
0.478472
0.495
0.487083
0.484167
0.495417
0.503333
0.50125
0.510417
0.498333
0.4925
0.491667
0.50125
0.485417
0.48625
0.503333
0.505
0.5
0.52
0.530833
0.54125
0.545972
0.567639
0.572639
0.570556
0.563472
0.559306
0.583056
0.585556
0.575972
0.580972
0.575139
0.553472
0.536389
0.559722
0.560972
0.555833
0.545
0.544722
0.543889
0.544306
0.543889
0.550556
0.549306
0.538889
0.53625
0.5475
0.555833
0.555972
0.553333
0.559722
0.558056
0.573889
0.573889
0.576806
0.589722
0.595556
0.591389
0.597639
0.593056
0.601389
0.616389
0.62125
0.626389
0.622639
0.636806
0.644306
0.639167
0.643056
0.647917
0.652917
0.675833
0.675417
0.685139
0.675139
0.682639
0.690972
0.691389
0.670556
0.676111
0.669444
0.667361
0.659444
0.651944
0.662361
0.644861
0.642917
0.640833
0.655833
0.621944
0.64
0.638333
0.6425
0.644583
0.64875
0.644583
0.62875
0.63875
0.6275
0.62375
0.6175
0.615417
0.629583
0.616667
0.622083
0.616667
0.615
0.624583
0.635
0.640417
0.64625
0.654167
0.652222
0.656667
0.660972
0.678611
0.674444
0.673194
0.677361
0.672778
0.682361
0.689861
0.688611
0.684444
0.715694
0.711528
0.716528
0.708194
0.714861
0.711944
0.710694
0.714028
0.721111
0.718194
0.721528
0.733194
0.739861
0.743194
0.744444
0.746111
0.744861
0.747778
0.758194
0.76
0.75375
0.754583
0.759583
0.761667
0.762917
0.759167
0.76375
0.78125
0.7875
0.804583
0.79
0.795417
0.793333
0.7975
0.805417
0.803333
0.805833
0.8125
0.810417
0.814167
0.815833
0.815
0.816667
0.816667
0.82125
0.828333
0.830833
0.83375
0.8425
0.845833
0.843333
0.850833
0.857917
0.857083
0.86375
0.862083
0.864583
0.864167
0.864583
0.860833
0.860833
0.875833
0.87625
0.880833
0.879167
0.885833
0.885417
0.882917
0.885
0.885417
0.882083
0.89
0.88375
0.880833
0.883333
0.882083
0.877917
0.8825
0.88375
0.88375
0.885417
0.885417
0.88375
0.886667
0.89
0.89
0.889583
0.89125
0.891667
0.89125
0.890833
0.89
0.888333
0.879583
0.875417
0.8725
0.864583
0.866667
0.869583
0.86875
0.870417
0.870417
0.866667
0.87125
0.870417
0.864583
0.865417
0.868333
0.866667
0.87125
0.8675
0.865833
0.867917
0.867083
0.868333
0.87375
0.874167
0.875
0.875833
0.8725
0.873333
0.8725
0.875833
0.872917
0.874167
0.872083
0.87375
0.87375
0.874167
0.875417
0.874167
0.875417
0.875833
0.875417
0.875
0.875
0.874167
0.87375
0.87375
0.874167
0.874583
0.86125
0.86125
0.86125
0.854583
0.854583
0.855
0.85625
0.855
0.853333
0.855
0.854167
0.856667
0.857917
0.854583
0.850833
0.852083
0.855417
0.855
0.85
0.848333
0.8425
0.845417
0.84625
0.845417
0.847917
0.847083
0.846667
0.847083
0.847917
0.85
0.855417
0.8575
0.855833
0.857917
0.847083
0.852083
0.850833
0.850833
0.850833
0.84625
0.851667
0.852083
0.851667
0.852083
0.851667
0.8525
0.851667
0.85375
0.855833
0.854167
0.84625
0.858194
0.858333
0.846667
0.850417
0.849167
0.84625
0.84625
0.84625
0.8475
0.845833
0.845833
0.845417
0.845
0.844583
0.83875
0.849583
0.848333
0.847917
0.839583
0.838333
0.838333
0.83875
0.837083
0.833333
0.833333
0.837083
0.83375
0.83375
0.834167
0.834583
0.834583
0.834583
0.834583
0.83375
0.83625
0.832083
0.834583
0.834583
0.834583
0.83625
0.83625
0.837917
0.83875
0.837917
0.837917
0.845
0.83625
0.845
0.845
0.846667
0.847917
