0.0734686
0.0683272
0.06578
0.071615
0.0855148
0.0912244
0.101707
0.113514
0.117762
0.126611
0.134452
0.137481
0.14082
0.143281
0.145334
0.147831
0.149884
0.150644
0.151941
0.168698
0.167013
0.167957
0.167028
0.166135
0.166049
0.168427
0.169517
0.171515
0.174788
0.176022
0.177131
0.17902
0.178855
0.178867
0.177652
0.17958
0.178099
0.178922
0.179137
0.179545
0.179032
0.179713
0.179376
0.179561
0.177684
0.175595
0.173851
0.173518
0.173208
0.172503
0.172989
0.171966
0.173863
0.175207
0.178185
0.181434
0.183264
0.186509
0.188264
0.189553
0.190878
0.192704
0.192739
0.193696
0.191591
0.190827
0.189232
0.187935
0.186125
0.188491
0.184898
0.183166
0.181728
0.179972
0.177068
0.175842
0.174984
0.17447
0.174635
0.176022
0.177378
0.179627
0.182026
0.182939
0.188272
0.194797
0.198132
0.208622
0.219152
0.224168
0.236273
0.246559
0.249726
0.258414
0.276671
0.275758
0.278956
0.283137
0.285233
0.290332
0.293408
0.293667
0.296335
0.297997
0.295943
0.291699
0.287832
0.284128
0.278097
0.276236
0.274719
0.269327
0.267215
0.265941
0.264582
0.264233
0.261874
0.256544
0.253378
0.253919
0.253499
0.251462
0.250149
0.250713
0.249067
0.24788
0.248052
0.24857
0.247903
0.24931
0.252383
0.250396
0.251227
0.252669
0.250521
0.250478
0.250498
0.250376
0.251493
0.252128
0.252896
0.252818
0.25259
0.253429
0.25116
0.254777
0.255373
0.25676
0.255196
0.255047
0.252861
0.252132
0.251979
0.252187
0.251195
0.250212
0.247406
0.24556
0.245928
0.244192
0.24342
0.243444
0.242594
0.241438
0.240474
0.241081
0.237817
0.23726
0.237147
0.235136
0.234023
0.232495
0.23266
0.231794
0.232229
0.231884
0.231688
0.230191
0.229387
0.229321
0.230324
0.230857
0.230398
0.232248
0.230865
0.230865
0.229697
0.229611
0.22927
0.229795
0.228517
0.228713
0.228467
0.228298
0.228094
0.228376
0.229078
0.228251
0.228188
0.228502
0.227859
0.227777
0.227624
0.228298
0.228102
0.22677
0.226644
0.226264
0.225919
0.226456
0.226785
0.227173
0.227263
0.226053
0.226464
0.22646
0.224846
0.224975
0.225026
0.225614
0.226292
0.225845
0.224959
0.223944
0.224775
0.224516
0.224105
0.223325
0.223772
0.22378
0.223584
0.224074
0.224665
0.22548
0.226084
0.225198
0.224763
0.224348
0.222682
0.222185
0.221464
0.222404
0.222165
0.222765
0.224148
0.224152
0.225833
0.224344
0.223223
0.222502
0.221871
0.221816
0.221295
0.221683
0.221718
0.222526
0.222632
0.221934
0.221914
0.222169
0.22338
0.22394
0.224281
0.224148
0.224732
0.224266
0.225049
0.224422
0.223968
0.222334
0.221848
0.222157
0.22253
0.222592
0.223227
0.221981
0.220566
0.223012
0.223976
0.227463
0.231754
0.2338
0.238016
0.239803
0.240799
0.244796
0.248111
0.248789
0.249459
0.248417
0.248785
0.248491
0.247351
0.247241
0.24549
0.24536
0.243965
0.240732
0.238381
0.237977
0.23536
0.234642
0.233451
0.23217
0.229893
0.229442
0.230132
0.230771
0.230489
0.230348
0.231472
0.232217
0.232401
0.232797
0.231844
0.231241
0.230112
0.229305
0.227734
0.223153
0.222396
0.222722
0.22193
0.222032
0.221499
0.222106
0.222005
0.222024
0.222796
0.222737
0.221444
0.222165
0.222091
0.222796
0.222385
0.222314
0.222028
0.222345
0.222522
0.223164
0.224223
0.224485
0.226441
0.228216
0.226636
0.228165
0.230026
0.231155
0.231707
0.230779
0.230618
0.230073
0.228529
0.228702
0.228231
0.227796
0.227949
0.227589
0.22789
0.228329
0.229121
0.229748
0.229364
0.230269
0.230551
0.230144
0.229901
0.229532
0.229873
0.231076
0.231664
0.231527
0.231202
0.231182
0.230163
0.230931
0.230297
0.230316
0.229305
0.228702
0.229086
0.229305
0.229191
0.230018
0.231515
0.233643
0.234952
0.23619
0.237554
0.236864
0.239862
0.241022
0.241982
0.24275
0.244506
0.244192
0.245411
0.244428
0.245019
0.246716
0.246536
0.247061
0.248291
0.249671
0.252159
0.254887
0.258394
0.261701
0.268457
0.274653
0.280057
0.287432
0.292381
0.294341
0.299744
0.305094
0.307449
0.311724
0.314659
0.314181
0.316336
0.319044
0.32107
0.324378
0.331388
0.334798
0.339633
0.345218
0.346946
0.353118
0.359364
0.360846
0.367409
0.372853
0.374957
0.378672
0.380627
0.380996
0.384652
0.387273
0.390213
0.391968
0.392286
0.394147
0.383041
0.38839
0.390283
0.390977
0.391843
0.393504
0.394127
0.395131
0.39834
0.397415
0.400421
0.400703
0.403795
0.408337
0.408541
0.409434
0.414665
0.41503
0.4157
0.419051
0.418482
0.420583
0.420504
0.422511
0.423769
0.426375
0.426959
0.427648
0.428322
0.429396
0.431312
0.42922
0.429568
0.429635
0.43067
0.430662
0.432096
0.432821
0.43143
0.432786
0.433566
0.434906
0.435235
0.435948
0.436418
0.437038
0.436379
0.435901
0.436936
0.437633
0.433824
0.433276
0.433142
0.434886
0.433718
0.434424
0.436203
0.441235
0.446627
0.449342
0.45495
0.460652
0.463156
0.468967
0.474219
0.476119
0.481174
0.483914
0.485865
0.489968
0.493189
0.495352
0.498672
0.50214
0.504232
0.507822
0.510827
0.512646
0.515087
0.518014
0.518536
0.520162
0.518673
0.51959
0.521032
0.521153
0.521902
0.521765
0.521643
0.523367
0.524343
0.525284
0.52615
0.52575
0.526122
0.52624
0.527513
0.52865
0.529007
0.531185
0.521961
0.522074
0.522086
0.52267
0.522968
0.521996
0.520687
0.521663
0.519739
0.520405
0.520942
0.520644
0.520197
0.520793
0.519927
0.520166
0.517952
0.516909
0.516655
0.516921
0.51504
0.514597
0.513896
0.513547
0.512117
0.506772
0.505608
0.508688
0.510992
0.513559
0.514934
0.516314
0.517105
0.519457
0.521118
0.522674
0.527106
0.528466
0.529351
0.532866
0.534026
0.535469
0.537608
0.538858
0.541398
0.543361
0.544689
0.547142
0.547856
0.548577
0.549948
0.552946
0.554612
0.557104
0.559769
0.562833
0.565133
0.568127
0.569503
0.570608
0.573512
0.575142
0.579123
0.584515
0.586949
0.591256
0.594614
0.596072
0.598259
0.6009
0.602185
0.605485
0.608063
0.610767
0.613726
0.619059
0.619972
0.623111
0.626144
0.627825
0.629808
0.631932
0.632916
0.634299
0.635792
0.636121
0.638453
0.640052
0.640843
0.641992
0.642775
0.642893
0.643618
0.6445
0.644578
0.645358
0.645519
0.645569
0.645738
0.645229
0.640671
0.640083
0.640569
0.641028
0.641678
0.644402
0.646392
0.647219
0.64921
0.648889
0.650041
0.650887
0.652137
0.653348
0.653564
0.654332
0.654916
0.655014
0.656217
0.656413
0.657592
0.658015
0.657498
0.657102
0.657334
0.651169
0.651114
0.652615
0.65318
0.654465
0.653364
0.652615
0.653556
0.654026
0.656483
0.656656
0.657396
0.657173
0.65856
0.657914
0.658725
0.659026
0.658689
0.659305
0.65963
0.659857
0.660402
0.661433
0.661374
0.661491
0.656483
0.657686
0.658878
0.658615
0.660202
0.661405
0.661613
0.661899
0.66356
0.664023
0.663533
0.662502
0.663172
0.663102
0.663725
0.663623
0.663525
0.665355
0.665543
0.665916
0.666249
0.666382
0.666025
0.666923
0.666029
0.66088
0.660723
0.660837
0.660919
0.660935
0.662016
0.662534
0.663141
0.663125
0.662902
0.6628
0.662592
0.662561
0.662447
0.663059
0.662549
0.661707
0.66211
0.662279
0.6624
0.66182
0.66164
0.662146
0.662201
0.662134
0.656087
0.657071
0.657529
0.657138
0.657463
0.657608
0.657945
0.657032
0.656777
0.656816
0.656808
0.656777
0.657435
0.657196
0.657549
0.656734
0.657718
0.657851
0.657428
0.656985
0.65626
0.655699
0.655116
0.655006
0.654912
0.649649
0.650096
0.65026
0.649304
0.649476
0.65026
0.649998
0.650135
0.650582
0.651424
0.651365
0.652604
0.654144
0.654249
0.654375
0.653717
0.654304
0.65318
0.652502
0.652235
0.653787
0.655648
0.656546
0.658239
0.659712
0.658254
0.660986
0.661777
0.662205
0.66436
0.665845
0.666539
0.668396
0.670673
0.673197
0.674117
0.675658
0.676629
0.677064
0.679094
0.67971
0.682198
0.683127
0.685145
0.687661
0.68951
0.69031
0.692873
0.694354
0.695357
0.691897
0.692798
0.693402
0.694471
0.693641
0.694405
0.694452
0.695694
0.696509
0.697058
0.698523
0.698837
0.6985
0.698555
0.698857
0.698237
0.697751
0.697697
0.697187
0.696964
0.696944
0.696607
0.696733
0.696783
0.696893
0.692234
0.692312
0.693147
0.693057
0.693311
0.693135
0.693186
0.69317
0.692618
0.691109
0.691419
0.691262
0.689981
0.690365
0.689126
0.689216
0.688687
0.689412
0.689369
0.688836
0.689299
0.689988
0.689365
0.688527
0.688056
0.684961
0.684965
0.685803
0.684902
0.684882
0.686105
0.686603
0.687226
0.687974
0.688229
0.686548
0.685964
0.686434
0.686512
0.687335
0.686697
0.686485
0.686023
0.686505
0.687265
0.687476
0.687418
0.68779
0.688825
0.688468
0.688934
0.688758
0.689064
0.688797
0.689526
0.689726
0.689522
0.689244
0.689487
0.689491
0.690635
0.689922
0.690384
0.691513
0.691673
0.691846
0.691689
0.69105
0.691329
0.691191
0.690404
0.690263
0.688319
0.687057
0.683589
0.682065
0.682202
0.682049
0.681967
0.682382
0.68277
0.682817
0.683189
0.68411
0.684561
0.679541
0.679255
0.678953
0.680246
0.680325
0.681939
0.682688
0.684518
0.68605
0.687143
0.689236
0.68944
0.689412
0.689538
0.690114
0.690274
0.690564
0.691152
0.691489
0.691407
0.691176
0.69096
0.69147
0.691093
0.691109
0.693735
0.692869
0.693335
0.693582
0.694013
0.694326
0.693523
0.693707
0.693527
0.692724
0.693645
0.694362
0.694397
0.695365
0.694855
0.695914
0.696717
0.696881
0.697465
0.697798
0.697775
0.699374
0.699076
0.698461
0.698876
0.694656
0.695584
0.696736
0.694534
0.69616
0.695624
0.695961
0.694546
0.695451
0.695279
0.694456
0.693264
0.693155
0.692794
0.692445
0.691952
0.691458
0.691305
0.691086
0.690682
0.690717
0.690917
0.691364
0.691525
0.691591
0.689028
0.690106
0.689679
0.689252
0.690035
0.690639
0.686328
0.685682
0.68703
0.68721
0.687821
0.688233
0.688699
0.689107
0.688652
0.688303
0.688711
0.688958
0.688464
0.689718
0.689926
0.688515
0.688229
0.688444
0.688425
0.688699
0.688691
0.688182
0.687437
0.687237
0.687108
0.684584
0.684365
0.684389
0.684236
0.684259
0.684318
0.684463
0.684549
0.684498
0.68471
0.684271
0.684886
0.685588
0.685474
0.68527
0.685004
0.684475
0.684726
0.685012
0.684287
0.684483
0.684012
0.684408
0.684392
0.684236
0.683115
0.683444
0.683679
0.683781
0.68337
0.682527
0.683135
0.682605
0.682555
0.682598
0.682774
0.683812
0.683413
0.683609
0.684338
0.684882
0.68395
0.683558
0.683554
0.683072
0.683526
0.683809
0.683652
0.683644
0.684083
0.681042
0.681861
0.681955
0.682225
0.682845
0.683648
0.684459
0.68471
0.684577
0.685744
0.685893
0.685744
0.686744
0.687637
0.688354
0.688064
0.687747
0.688111
0.688288
0.688186
0.688217
0.688488
0.689095
0.689589
0.689005
0.685411
0.685474
0.685262
0.685047
0.685019
0.685317
0.684592
0.684142
0.682805
0.682476
0.682398
0.682468
0.683044
0.683236
0.683381
0.68373
0.683671
0.684898
0.685952
0.685756
0.68422
0.683985
0.684389
0.685682
0.686262
0.684451
0.684451
0.684169
0.685658
0.686583
0.686505
0.687559
0.68732
0.68721
0.686203
0.688715
0.689048
0.688346
0.687629
0.686528
0.686117
0.684498
0.68362
0.683883
0.682304
0.682492
0.682696
0.682962
0.683961
0.684682
0.684161
0.683311
0.683628
0.684102
0.68306
0.682218
0.682041
0.681461
0.68121
0.681395
0.680278
0.678992
0.679964
0.680317
0.679478
0.678918
0.679181
0.679439
0.678722
0.679067
0.679427
0.679851
0.679439
0.679874
0.679565
0.679353
0.680133
0.680819
0.681093
0.681963
0.68134
0.682245
0.682096
0.683824
0.683005
0.682715
0.683256
0.68335
0.683534
0.683244
0.684071
0.683954
0.684389
0.68478
0.684929
0.684173
0.684522
0.684338
0.684189
0.684291
0.684843
0.684608
0.685294
0.685
0.685063
0.684957
0.685474
0.68547
0.685952
0.686297
0.685705
0.685854
0.685172
0.6852
0.685023
0.684996
0.685893
0.685658
0.686328
0.688009
0.689095
0.69009
0.689385
0.690192
0.690635
0.688276
0.68674
0.688264
0.689526
0.690243
0.690451
0.691329
0.691685
0.692347
0.692167
0.691282
0.692461
0.692532
0.691642
0.692344
0.691481
0.691074
0.691117
0.691258
0.690776
0.690874
0.691525
0.691779
0.691309
0.692234
0.688017
0.687684
0.68826
0.688017
0.688029
0.687915
0.6877
0.687567
0.688605
0.68777
0.688597
0.689514
0.690608
0.691046
0.690788
0.69176
0.691513
0.691822
0.690651
0.690043
0.689577
0.689111
0.689518
0.688977
0.689377
0.690721
0.69067
0.692665
0.692728
0.693441
0.694205
0.694679
0.696313
0.695475
0.696611
0.695098
0.696145
0.695498
0.69464
0.695385
0.695718
0.695843
0.695639
0.695941
0.696431
0.695733
0.695592
0.694957
0.694456
0.694487
0.691211
0.689593
0.688437
0.688186
0.688076
0.68692
0.686701
0.687449
0.686881
0.686818
0.68656
0.686258
0.685509
0.685466
0.685666
0.685976
0.685952
0.685791
0.68547
0.685513
0.685298
0.685419
0.685697
0.685854
0.685666
0.684921
0.684545
0.685756
0.685831
0.685552
0.686418
0.686348
0.686759
0.688013
0.688241
0.688037
0.689252
0.690161
0.690619
0.691575
0.692594
0.692743
0.693437
0.693464
0.693801
0.694358
0.695083
0.6954
0.695392
0.69542
0.69194
0.692575
0.693468
0.693617
0.693899
0.694699
0.694699
0.695114
0.695063
0.695514
0.695435
0.69569
0.696102
0.694675
0.695549
0.695906
0.694981
0.69464
0.694072
0.693163
0.691321
0.690321
0.690063
0.688503
0.687935
0.680274
0.679412
0.67958
0.67978
0.680387
0.679173
0.678428
0.677323
0.676939
0.675211
0.674874
0.674525
0.674298
0.674913
0.675673
0.674697
0.675513
0.675642
0.676316
0.676222
0.675932
0.675783
0.676261
0.676508
0.677515
0.676449
0.676336
0.676394
0.67701
0.677707
0.678706
0.67931
0.679827
0.680462
0.679619
0.679953
0.681951
0.683597
0.684839
0.687766
0.69038
0.692202
0.693594
0.696599
0.697266
0.700875
0.703046
0.704374
0.70796
0.710362
0.70948
0.713822
0.716581
0.71827
0.721585
0.723999
0.72512
0.730998
0.73378
0.735266
0.738741
0.737664
0.740211
0.741884
0.74536
0.747911
0.74922
0.752167
0.753539
0.754761
0.755976
0.757845
0.761549
0.762117
0.761615
0.753159
0.752998
0.75317
0.755126
0.751869
0.752089
0.750607
0.750368
0.750141
0.74873
0.743985
0.747367
0.746567
0.744863
0.741947
0.738267
0.735587
0.73235
0.728423
0.72695
0.72336
0.721068
0.721601
0.723117
0.72387
0.714755
0.716162
0.721068
0.723729
0.723803
0.724642
0.726613
0.725959
0.726245
0.724799
0.727358
0.724054
0.72365
0.72414
0.724203
0.725359
0.72581
0.724242
0.725449
0.727303
0.72512
0.726441
0.724473
0.725904
0.723623
0.717443
0.717408
0.718932
0.719308
0.719861
0.700945
0.698445
0.699264
0.697893
0.697697
0.701576
0.71383
0.715096
0.720551
0.721056
0.715805
0.721393
0.732432
0.730724
0.735183
0.740356
0.744968
0.750917
0.753872
0.753578
0.759499
0.753707
0.746152
0.738918
0.733961
0.730822
0.742076
0.748962
0.750933
0.756391
0.756435
0.75377
0.756501
0.759707
0.769159
0.771749
0.771753
0.773998
0.778415
0.78559
0.784097
0.786703
0.781848
0.779312
0.788662
0.79503
0.794188
0.796186
0.800352
0.798361
0.796484
0.797554
0.795473
0.80114
0.806434
0.809631
0.816623
0.817649
0.814922
0.815831
0.814479
0.808844
0.808652
0.810807
0.806645
0.808033
0.803871
0.803197
0.80034
0.797268
0.793988
0.791284
0.789775
0.784673
0.788545
0.793886
0.788556
0.787953
0.791754
0.786335
0.783576
0.780813
0.777008
0.778916
0.781221
0.784943
0.791304
0.801061
0.807562
0.816454
0.821341
0.823453
0.828293
0.824472
0.823629
0.817108
0.814659
0.813346
0.815419
0.813621
0.810893
0.81326
0.807355
0.803765
0.801343
0.800246
0.798976
0.796649
0.793122
0.788051
0.783944
0.785018
0.784708
0.794074
0.790089
0.786942
0.788913
0.77979
0.776561
0.775942
0.777239
0.772713
0.768195
0.764115
0.759773
0.754142
0.745345
0.738965
0.73204
0.722106
0.716091
0.704985
0.696235
0.687806
0.685968
0.68335
0.677535
0.675959
0.667914
0.665324
0.664231
0.664195
0.660668
0.658736
0.660739
0.65713
0.665782
0.66414
0.664187
0.664575
0.671864
0.672131
0.674564
0.674674
0.675136
0.679188
0.674172
0.666088
0.661973
0.653948
0.651357
0.658423
0.661143
0.661397
0.673624
0.688985
0.682198
0.682014
0.678252
0.676528
0.677319
0.685117
0.68286
0.684318
0.682312
0.682112
0.681069
0.68364
0.680783
0.686462
0.697595
0.698527
0.712991
0.718047
0.718207
0.72456
0.730849
0.729666
0.727146
0.730551
0.724391
0.721381
0.719982
0.718611
0.719301
0.718121
0.718278
0.719841
0.715256
0.710495
0.707215
0.711224
0.712682
0.719328
0.720645
0.715844
0.708959
0.696458
0.688809
0.680309
0.676132
0.673667
0.672989
0.670171
0.66954
0.669239
0.66463
0.665771
0.670124
0.671715
0.686583
0.685658
0.694554
0.691109
0.689792
0.723482
0.71626
0.714453
0.742166
0.737973
0.739713
0.737887
0.777803
0.787412
0.786295
0.784289
0.795152
0.804173
0.799737
0.801132
0.801755
0.79998
0.803158
0.805329
0.799255
0.796402
0.793024
0.791437
0.790304
0.785312
0.777588
0.770981
0.76774
0.767399
0.764907
0.765585
0.75665
0.751877
0.752273
0.743769
0.733455
0.723439
0.715425
0.724148
0.724548
0.721997
0.720284
0.721762
0.71673
0.7091
0.710773
0.702446
0.698853
0.701466
0.696776
0.693919
0.686579
0.675513
0.670775
0.663976
0.657749
0.656291
0.65231
0.645056
0.646792
0.644484
0.641149
0.634738
0.63221
0.620819
0.614537
0.624095
0.623068
0.630592
0.626117
0.627661
0.621183
0.614427
0.609305
0.612076
0.60726
0.603521
0.592455
0.587012
0.583473
0.580393
0.575142
0.565929
0.565016
0.560329
0.555141
0.557672
0.551653
0.543874
0.547495
0.541778
0.531671
0.52883
0.525495
0.517701
0.524743
0.52035
0.513966
0.509095
0.49536
0.484004
0.474191
0.471456
0.468482
0.466683
0.461491
0.45187
0.444483
0.43507
0.426394
0.420093
0.40836
0.402866
0.394527
0.391827
0.384954
0.388069
0.386262
0.384021
0.384867
0.385537
0.377774
0.375353
0.374024
0.366289
0.36784
0.366731
0.363922
0.362401
0.36409
0.361574
0.363181
0.364756
0.360407
0.354705
0.356241
0.357142
0.370525
0.375184
0.376532
0.389558
0.407968
0.414301
0.428471
0.442293
0.46057
0.466064
0.477408
0.479348
0.489631
0.498221
0.500592
0.507928
0.514335
0.515405
0.513845
0.512618
0.514429
0.519159
0.521388
0.513575
0.517834
0.535586
0.54311
0.548185
0.548635
0.551884
0.543686
0.529249
0.523963
0.513222
0.506587
0.498958
0.494514
0.490783
0.482671
0.473435
0.466459
0.459504
0.451643
0.444891
0.440494
0.433021
0.425262
0.407917
0.395256
0.387975
0.379507
0.373064
0.366508
0.361563
0.353753
0.342557
0.334182
0.325941
0.316352
0.310572
0.3071
0.305117
0.29965
0.298616
0.298396
0.294031
0.295763
0.290759
0.286244
0.281083
0.273058
0.26754
0.259033
0.25096
0.240258
0.234501
0.226515
0.219152
0.209821
0.20004
0.193645
0.187038
0.180795
0.17987
0.169513
0.159896
0.155033
0.146949
0.138018
0.132077
0.12442
0.11775
0.111418
0.105947
0.101143
0.0975414
0.096256
0.0955977
0.0938343
0.0938891
0.0924823
0.0903936
0.0901154
0.0874741
0.086032
0.0852169
0.0838219
0.0831322
0.100441
0.0966871
0.0934933
0.0933993
0.0906366
0.0881717
0.0864474
0.0832027
0.0816901
0.0806124
0.0794329
0.0758982
0.0757532
0.073786
0.0722263
0.0737194
0.0830773
0.0887516
0.102608
0.118667
0.12683
0.146631
0.167601
0.17659
0.193778
0.228972
0.234603
0.25609
0.276769
0.28711
0.308503
0.335021
0.343297
0.362354
0.38312
0.389664
0.401193
0.414458
0.423412
0.4458
0.45044
0.452763
0.451717
0.450428
0.448943
0.441184
0.429173
0.421504
0.416045
0.404614
0.395405
0.381062
0.362084
0.354889
0.345696
0.336306
0.323073
0.316254
0.305215
0.298208
0.29793
0.286135
0.276463
0.26497
0.252802
0.249357
0.240015
0.228263
0.223023
0.209876
0.202548
0.201145
0.193378
0.186481
0.179627
0.172958
0.163321
0.15711
0.147172
0.135918
0.130502
0.123824
0.117347
0.110207
0.100261
0.0917573
0.0865023
0.0762273
0.0638755
0.0576917
0.0492194
0.04099
0.0367108
0.0354607
0.0335483
0.0324041
0.0306681
0.0300528
0.0283403
0.0264672
0.0315419
0.0297824
0.0290183
0.0271216
0.0252014
0.0241943
0.0228149
0.022568
0.0217098
0.0222859
0.0224191
0.0225955
0.0243942
0.0260126
0.0309267
0.0372947
0.0407588
0.0479967
0.0575741
0.0618377
0.0712427
0.0821721
0.0875643
0.098235
0.110438
0.121113
0.133026
0.143308
0.147164
0.161903
0.17369
0.180489
0.193339
0.210707
0.216546
0.230058
0.245047
0.253017
0.266478
0.281354
0.289027
0.302068
0.316646
0.324578
0.336455
0.341009
0.342862
0.344324
0.345155
0.345586
0.338618
0.341456
0.342122
0.343905
0.345488
0.343701
0.339919
0.33749
0.336177
0.331412
0.325518
0.320208
0.313648
0.310748
0.308123
0.306955
0.300156
0.299705
0.299803
0.305387
0.308903
0.310987
0.309847
0.309294
0.307359
0.304976
0.303796
0.299294
0.295465
0.292898
0.287095
0.279246
0.273387
0.266224
0.257516
0.250827
0.243119
0.236441
0.233537
0.222714
0.207368
0.199844
0.185008
0.171429
0.163
0.152945
0.141702
0.136309
0.128633
0.120062
0.115199
0.108526
0.0968399
0.0932582
0.0843509
0.0762469
0.0704903
0.0626254
0.0548075
0.0510181
0.043545
0.0378198
0.0361857
0.0318163
0.0302017
0.0296061
0.0269218
0.0230148
0.0217137
0.0182065
0.0168153
0.0150401
0.0124459
0.0102514
0.00904054
0.00845272
0.00785708
0.00857421
0.00874271
0.00916594
0.00932268
0.00828814
0.0101809
0.00848016
0.00797072
0.00675199
0.00701063
0.00686955
0.00699103
0.00857029
0.00703806
0.00763763
0.0073594
0.00812355
0.00902486
0.00971848
0.00935795
0.00804909
0.00823719
0.00846448
0.0101299
0.00998495
0.00988698
0.00942457
0.0099732
0.00893081
0.00892297
0.00857421
0.0101104
0.00971848
0.0103768
0.00880933
0.00856245
0.00842921
0.0114506
0.0109568
0.0117092
0.0122343
0.0133629
0.0139664
0.0135471
0.0119051
0.0121246
0.0134139
0.0135275
0.0152361
0.0159845
0.0165175
0.0151969
0.0165175
0.0180536
0.0217843
0.0268277
0.0360407
0.039979
0.0474403
0.057676
0.0626763
0.0676767
0.074076
0.0751262
0.0786178
0.0819644
0.0804635
0.0830891
0.0830224
0.0877171
0.0917142
0.0925998
0.0954566
0.0999592
0.101711
0.103086
0.107185
0.109439
0.112864
0.116829
0.118648
0.118287
0.119283
0.117225
0.118562
0.121195
0.126348
0.128699
0.13388
0.137281
0.138712
0.137273
0.140687
0.142732
0.140385
0.133171
0.129738
0.121826
0.117597
0.115795
0.111135
0.103553
0.0993989
0.0916868
0.0848643
0.0822269
0.0773873
0.0775166
0.0775754
0.075569
0.0753104
0.0736057
0.0758864
0.0705687
0.0694832
0.0672417
0.0643496
0.0632015
0.0609717
0.0565043
0.0549643
0.0543764
0.0518018
0.0493996
0.0475657
0.0489647
0.0489059
0.0472404
0.0445247
0.0426163
0.0390934
0.0362248
0.0336894
0.0310012
0.0267062
0.0251622
0.0227052
0.0222859
0.022086
0.022666
0.0217255
0.0212592
0.0200365
0.0192449
0.0184102
0.0175324
0.017458
0.0176931
0.0206949
0.0216119
0.0226268
0.0238103
0.025801
0.0258676
0.0274038
0.0282502
0.0284657
0.0291241
0.0276114
0.0279289
0.0273215
0.0272431
0.0266592
0.0262516
0.0252602
0.0260008
0.0260087
0.02276
0.0206165
0.019147
0.0178616
0.0207223
0.0310403
0.0440623
0.0492429
0.0595374
0.069346
0.0724497
0.0746285
0.0779869
0.0797464
0.0803538
0.0815177
0.0817959
0.0815725
0.0821721
0.0816195
0.0825248
0.0813413
0.0817057
0.0803734
0.0798052
0.0802441
0.0831126
0.0849701
0.0863534
0.0874036
0.0898293
0.0901663
0.0840296
0.0763018
0.0736527
0.0692128
0.066838
0.0657055
0.0580757
0.0512062
0.0456024
0.0390934
0.0323139
0.0286342
0.0217412
0.0157769
0.0133355
0.00911891
0.00507085
0.00558812
0.00750047
0.00906797
0.009452
0.0136411
0.0229129
0.0281875
0.0371967
0.0430709
0.0437527
0.0454456
0.0466056
0.0476989
0.048612
0.0501442
0.0499326
0.051406
0.0529696
0.0537612
0.0563162
0.0556344
0.0559988
0.0574566
0.0583226
0.0586871
0.0586361
0.0599293
0.0608189
0.0617633
0.0650237
0.0667675
0.0705217
0.070698
0.0681704
0.0633425
0.056085
0.0529304
0.0490626
0.0431453
0.0407823
0.035445
0.0319299
0.0301234
0.0281718
0.0246685
0.0220312
0.0183554
0.015095
0.0145856
0.0148677
0.0173953
0.0174188
0.018614
0.0197465
0.0203539
0.0215923
0.0219567
0.0240767
0.0251348
0.0257696
0.0249585
0.0252249
0.0260165
0.0262673
0.0272235
0.0275409
0.0275644
0.0288223
0.029755
0.0301038
0.0304212
0.0323257
0.0322787
0.0333524
0.033611
0.0339951
0.0340656
0.0330585
0.031781
0.0294219
0.0335954
0.0360603
0.0426437
0.0509828
0.0554659
0.0639186
0.0716855
0.0729003
0.0727906
0.0735273
0.0740015
0.0760118
0.077838
0.0785747
0.0815647
0.0837357
0.0849034
0.0862241
0.0889319
0.0903936
0.0931014
0.0937598
0.0928311
0.0949589
0.0964285
0.0971456
0.0992813
0.0985798
0.0998887
0.101781
0.104634
0.105097
0.104478
0.105583
0.105959
0.108381
0.109881
0.109164
0.107048
0.104689
0.103196
0.0963422
0.0909344
0.0886458
0.0815999
0.0753691
0.0703453
0.0618965
0.0543569
0.0509005
0.0434157
0.0369459
0.0361073
0.0295983
0.0239945
0.0210907
0.0152557
0.012203
0.0107178
0.00949903
0.00898959
0.00896608
0.0090327
0.00877014
0.00863299
0.00906405
0.00918945
0.00925215
0.00929525
0.00902094
0.00914634
0.0093893
0.00956173
0.00948335
0.00942457
0.00919729
0.00921688
0.0105336
0.00954997
0.00898175
0.0091385
0.00950687
0.00929917
0.00957348
0.00992225
0.00993009
0.00941282
0.00934228
0.00913459
0.00873487
0.00801774
0.00772776
0.00776694
0.00773951
0.00773951
0.00775519
0.00804126
0.00817841
0.00827246
0.00801383
0.00803342
0.00806085
0.0106276
0.0103376
0.0105493
0.0104944
0.0101613
0.0102397
0.0100908
0.0100163
0.00948335
0.00993401
0.00996928
0.0100633
0.00985171
0.00988306
0.0108196
0.0169329
0.0205538
0.0283756
0.0347318
0.0363973
0.0423224
0.0442191
0.0450812
0.0467231
0.0481535
0.0501638
0.0521898
0.0576525
0.0622688
0.0741661
0.0862672
0.0919493
0.100586
0.113722
0.122186
0.13109
0.140765
0.144962
0.153419
0.16155
0.164211
0.175062
0.17951
0.181692
0.185153
0.18904
0.190698
0.198884
0.204135
0.206361
0.208904
0.207537
0.204609
0.198288
0.194319
0.191046
0.186317
0.18268
0.184581
0.183393
0.182935
0.182566
0.183926
0.185023
0.188977
0.185494
0.184483
0.183954
0.180297
0.170497
0.16626
0.164317
0.159454
0.158533
0.156589
0.148736
0.146263
0.142642
0.136882
0.136882
0.129765
0.122104
0.118185
0.113483
0.106688
0.103224
0.09722
0.0910755
0.0886654
0.0813923
0.075185
0.0711016
0.0673279
0.0633856
0.0617202
0.060525
0.0611402
0.0612107
0.0613087
0.0608933
0.0614184
0.0617398
0.0609051
0.0616575
0.0631701
0.0639695
0.0641106
0.063515
0.0639264
0.0606856
0.0631074
0.0644672
0.0644123
0.0651216
0.066117
0.0670497
0.0686132
0.0687857
0.0705295
0.0758551
0.0803499
0.0813178
0.086373
0.0910402
0.091534
0.0964872
0.101488
0.101817
0.104301
0.105908
0.104599
0.1059
0.107828
0.107891
0.109243
0.11103
0.110928
0.112879
0.116014
0.116496
0.119149
0.121019
0.121312
0.121689
0.122574
0.123025
0.125435
0.125952
0.125905
0.127618
0.127955
0.127645
0.129072
0.128249
0.129021
0.130008
0.130784
0.131779
0.132011
0.13243
0.132465
0.13395
0.136027
0.135475
0.137074
0.13843
0.138645
0.140154
0.140706
0.14142
0.145389
0.146459
0.147305
0.146243
0.146051
0.145828
0.145711
0.144323
0.145272
0.145711
0.145178
0.145824
0.146365
0.146949
0.147294
0.147121
0.147537
0.147748
0.147325
0.149394
0.14981
0.149567
0.150582
0.152357
0.15113
0.151381
0.151338
0.151969
0.15285
0.153184
0.150632
0.152662
0.154187
0.154434
0.153834
0.153846
0.154081
0.153289
0.153697
0.153705
0.154007
0.154743
0.155174
0.155261
0.155445
0.155237
0.154438
0.154583
0.154285
0.152592
0.153203
0.152525
0.152267
0.153125
0.154394
0.153975
0.153144
0.154375
0.153987
0.153869
0.153975
0.154876
0.154253
0.153505
0.154163
0.154402
0.154073
0.15392
0.154829
0.155805
0.160704
0.162722
0.166997
0.171037
0.172064
0.174486
0.172589
0.171269
0.168059
0.165543
0.16309
0.161554
0.160171
0.158952
0.158219
0.158262
0.158364
0.159363
0.160892
0.1624
0.163666
0.163568
0.163525
0.163459
0.162001
0.160343
0.159171
0.157902
0.15691
0.159171
0.16097
0.162671
0.166151
0.168169
0.169258
0.171253
0.17099
0.172479
0.173389
0.174219
0.175587
0.175489
0.17447
0.174
0.171943
0.171849
0.172824
0.17438
0.174353
0.174713
0.174956
0.17534
0.174744
0.173553
0.173863
0.173494
0.174756
0.176406
0.176175
0.176206
0.175109
0.174517
0.17398
0.174933
0.174799
0.17592
0.176194
0.176371
0.175916
0.175661
0.177174
0.178256
0.178871
0.179376
0.179529
0.178726
0.178432
0.17824
0.178996
0.17931
0.183205
0.182982
0.18353
0.185913
0.185157
0.180713
0.180309
0.181112
0.181406
0.183099
0.186548
0.188695
0.194828
0.198472
0.201541
0.209167
0.216851
0.221205
0.22889
0.235077
0.238048
0.24585
0.25018
0.252876
0.257888
0.264495
0.268469
0.274641
0.283568
0.28704
0.291241
0.298404
0.302186
0.308738
0.315173
0.319385
0.326031
0.331196
0.333798
0.338705
0.344504
0.347796
0.354301
0.362174
0.366202
0.371242
0.374839
0.375694
0.381321
0.384287
0.38609
0.389817
0.393653
0.396459
0.400084
0.408858
0.411241
0.413521
0.417048
0.420203
0.427147
0.434083
0.438495
0.444605
0.449621
0.452031
0.457027
0.466401
0.469986
0.473596
0.478557
0.482087
0.488357
0.492809
0.49335
0.496845
0.501846
0.50618
0.511282
0.513288
0.517905
0.519962
0.527059
0.529214
0.545575
0.553075
0.557566
0.567587
0.573182
0.57524
0.582646
0.589265
0.590691
0.597463
0.604952
0.602134
0.609133
0.612143
0.613369
0.617872
0.621806
0.623527
0.627175
0.633414
0.632438
0.647423
0.648132
0.643759
0.64417
0.621928
0.61556
0.61246
0.609811
0.608455
0.61045
0.609454
0.604862
0.605833
0.606782
0.60184
0.602859
0.601225
0.598168
0.599328
0.599172
0.596671
0.59637
0.596938
0.595171
0.599015
0.60773
0.606731
0.603964
0.606641
0.603576
0.605018
0.60715
0.607268
0.606527
0.603341
0.603839
0.608196
0.612632
0.6136
0.614372
0.612358
0.613291
0.611547
0.608283
0.60666
0.60648
0.61003
0.612973
0.614941
0.618981
0.618989
0.62259
0.625118
0.62509
0.630964
0.636063
0.637944
0.641647
0.64591
0.646996
0.647486
0.64756
0.645683
0.645577
0.643065
0.643253
0.641604
0.639045
0.638684
0.636137
0.636447
0.634436
0.633143
0.632285
0.632136
0.631446
0.628488
0.628605
0.628644
0.627869
0.627053
0.627837
0.626658
0.626152
0.626211
0.622911
0.621465
0.621791
0.620278
0.619482
0.619792
0.620153
0.620881
0.621649
0.623417
0.622237
0.623593
0.624052
0.624871
0.627394
0.624299
0.623742
0.622696
0.624522
0.62594
0.625071
0.628554
0.627187
0.630322
0.630659
0.631489
0.63138
0.631344
0.632077
0.633284
0.633786
0.634393
0.634628
0.635467
0.635835
0.636839
0.640244
0.640683
0.644061
0.64488
0.643418
0.645354
0.646816
0.648313
0.648136
0.648254
0.648403
0.648744
0.648458
0.649739
0.649798
0.651373
0.651299
0.649939
0.650907
0.650589
0.651573
0.652318
0.65309
0.653364
0.65338
0.653258
0.654093
0.654959
0.65586
0.657428
0.65999
0.661041
0.661362
0.664787
0.667291
0.670363
0.672613
0.673745
0.672644
0.673945
0.673114
0.67286
0.672534
0.67282
0.673012
0.674215
0.67431
0.674752
0.675677
0.675603
0.67719
0.677343
0.676943
0.676484
0.677229
0.678538
0.67864
0.678883
0.679133
0.678201
0.678252
0.677817
0.678687
0.678213
0.678538
0.677966
0.677209
0.67764
0.677687
0.678616
0.67871
0.680419
0.681551
0.680948
0.680642
0.681034
0.680035
0.680058
0.68047
0.67998
0.678706
0.679329
0.679302
0.679482
0.679451
0.679706
0.679717
0.679588
0.679361
0.679788
0.681112
0.681081
0.681112
0.681724
0.681336
0.681062
0.681328
0.680873
0.680442
0.679733
0.67989
0.679792
0.682041
0.682958
0.68931
0.687249
0.686603
0.689224
0.688217
0.686963
0.685407
0.684839
0.685419
0.687876
0.689432
0.689205
0.690047
0.690839
0.691556
0.692351
0.693127
0.693743
0.693954
0.694413
0.693837
0.693715
0.692763
0.692379
0.6925
0.686411
0.686889
0.68761
0.68674
0.68547
0.684694
0.684635
0.685584
0.687288
0.686971
0.686046
0.685419
0.68614
0.686657
0.685313
0.684925
0.684706
0.684385
0.683323
0.683632
0.684228
0.683617
0.68304
0.684048
0.683942
0.686775
0.68683
0.685913
0.686168
0.685243
0.685168
0.684914
0.685337
0.685968
0.684494
0.684106
0.682978
0.683464
0.683503
0.683522
0.68353
0.683934
0.684146
0.684381
0.684428
0.684157
0.684106
0.684757
0.684628
0.684318
0.677891
0.679612
0.679337
0.67882
0.677742
0.677546
0.677723
0.678624
0.677574
0.676837
0.676602
0.67632
0.675877
0.675473
0.675227
0.675082
0.673808
0.674286
0.675716
0.676829
0.677178
0.677147
0.678146
0.678836
0.678651
0.677413
0.676151
0.676798
0.67601
0.675983
0.674466
0.673236
0.673044
0.672029
0.669795
0.668972
0.668149
0.667898
0.667973
0.666942
0.666746
0.666354
0.664971
0.664822
0.665324
0.664991
0.6651
0.664434
0.664078
0.663639
0.665261
0.665402
0.665747
0.66601
0.667518
0.667891
0.667565
0.667616
0.668275
0.668102
0.669239
0.669995
0.669501
0.670258
0.671292
0.67108
0.67168
0.674357
0.674603
0.675093
0.676281
0.675799
0.675857
0.675556
0.675716
0.677382
0.675748
0.675587
0.675105
0.674846
0.674176
0.673432
0.673161
0.673228
0.672958
0.67331
0.672852
0.672668
0.672699
0.67244
0.67237
0.672346
0.67186
0.67161
0.6715
0.671472
0.671809
0.672166
0.671335
0.672225
0.675583
0.675344
0.674423
0.674462
0.674262
0.674498
0.674325
0.674631
0.67458
0.67507
0.674654
0.675058
0.676481
0.676187
0.677429
0.678487
0.679953
0.680141
0.680121
0.680192
0.680728
0.680501
0.680313
0.680062
0.679486
0.679686
0.67775
0.677029
0.677401
0.676692
0.675975
0.675548
0.675297
0.674055
0.673569
0.671817
0.670888
0.670853
0.670136
0.668408
0.669725
0.669529
0.669086
0.66907
0.668251
0.66954
0.669399
0.669395
0.668772
0.668796
0.668165
0.667769
0.66762
0.666742
0.667021
0.66773
0.667691
0.668016
0.667875
0.668388
0.668224
0.669219
0.669584
0.669329
0.669768
0.668267
0.668255
0.667601
0.667126
0.667193
0.667781
0.666934
0.667107
0.66655
0.666758
0.669787
0.668886
0.669035
0.669309
0.668232
0.668032
0.667699
0.667695
0.667828
0.668016
0.667452
0.667671
0.667405
0.667851
0.667769
0.667753
0.668012
0.668275
0.668427
0.667863
0.667832
0.667765
0.667867
0.667867
0.667726
0.66688
0.666307
0.666319
0.665473
0.665645
0.666934
0.666942
0.668263
0.668596
0.668561
0.671077
0.671539
0.67286
0.672989
0.673365
0.673875
0.674682
0.674819
0.674666
0.674639
0.674889
0.675113
0.675387
0.6761
0.676339
0.675082
0.674682
0.674552
0.6746
0.67478
0.674282
0.673941
0.675379
0.675387
0.67766
0.677848
0.677531
0.677194
0.676994
0.67677
0.677358
0.677805
0.678452
0.678844
0.678844
0.679153
0.678851
0.678405
0.678487
0.678197
0.677836
0.677848
0.678111
0.678197
0.678169
0.678064
0.677789
0.677852
0.678416
0.677574
0.677354
0.677374
0.677131
0.67592
0.673616
0.673945
0.671531
0.671241
0.671386
0.671919
0.673095
0.673271
0.673632
0.674333
0.674772
0.675881
0.676767
0.677476
0.678538
0.678855
0.679228
0.680321
0.681555
0.682508
0.681602
0.683754
0.684432
0.684753
0.684537
0.684526
0.683714
0.681512
0.680991
0.679882
0.679373
0.679173
0.679259
0.67998
0.679486
0.680693
0.68114
0.682519
0.682978
0.684287
0.685176
0.684718
0.684161
0.683656
0.683863
0.682872
0.682433
0.68288
0.681214
0.681775
0.680544
0.680529
0.680442
0.67969
0.678949
0.678248
0.678166
0.677903
0.677813
0.677974
0.677064
0.676669
0.676457
0.676449
0.676394
0.675838
0.675383
0.67574
0.67514
0.675234
0.674623
0.673878
0.674364
0.673914
0.67373
0.673538
0.673228
0.67324
0.673377
0.673792
0.673839
0.672864
0.672891
0.673052
0.67257
0.672777
0.671923
0.672229
0.672781
0.672574
0.672444
0.67215
0.671798
0.671704
0.671531
0.672005
0.672017
0.671398
0.670818
0.671128
0.671018
0.671151
0.671829
0.67177
0.672025
0.673032
0.67284
0.673181
0.674549
0.674694
0.673396
0.674795
0.675007
0.675732
0.675618
0.676143
0.675473
0.675701
0.676034
0.675995
0.671272
0.670626
0.670457
0.67103
0.670434
0.670093
0.668964
0.669364
0.669043
0.669066
0.668557
0.669054
0.669729
0.668898
0.668753
0.670018
0.669631
0.669152
0.669321
0.667945
0.668177
0.668674
0.668553
0.668282
0.667291
0.665622
0.664211
0.6636
0.664199
0.664285
0.664677
0.664556
0.664979
0.6651
0.665328
0.665069
0.664701
0.66476
0.66454
0.66427
0.664027
0.663827
0.664101
0.663878
0.663768
0.664728
0.664901
0.664697
0.664411
0.665579
0.665183
0.665684
0.666194
0.666699
0.667326
0.667989
0.668028
0.668094
0.668161
0.66862
0.668177
0.667973
0.668275
0.669274
0.669235
0.670066
0.670501
0.670916
0.671316
0.672405
0.672393
0.673683
0.674411
0.674999
0.675661
0.677405
0.677997
0.679627
0.679988
0.680293
0.681065
0.681947
0.68248
0.682829
0.683648
0.683299
0.683256
0.683413
0.683714
0.683883
0.683428
0.683236
0.682586
0.683033
0.682743
0.683131
0.684165
0.684859
0.684784
0.685125
0.690224
0.691054
0.690259
0.689808
0.690365
0.691536
0.691458
0.691532
0.691666
0.692708
0.693355
0.694644
0.693872
0.69513
0.695914
0.696027
0.696976
0.6977
0.697932
0.698802
0.700357
0.699848
0.701729
0.701937
0.701905
0.701459
0.702246
0.702348
0.702093
0.701247
0.701251
0.702148
0.702191
0.702042
0.702521
0.70323
0.703289
0.70363
0.703438
0.703767
0.703183
0.703677
0.704143
0.704617
0.704605
0.70457
0.704155
0.703602
0.704025
0.703618
0.702501
0.702493
0.703677
0.703775
0.702932
0.702619
0.702231
0.702238
0.702227
0.703535
0.703057
0.702752
0.703524
0.703069
0.703355
0.704084
0.70372
0.703524
0.703579
0.704355
0.704974
0.704233
0.704578
0.704989
0.706141
0.708238
0.708646
0.707756
0.707619
0.708657
0.708885
0.708559
0.708156
0.70874
0.70883
0.708359
0.708348
0.708422
0.708171
0.707924
0.707811
0.708054
0.707791
0.707936
0.708046
0.708391
0.708258
0.708293
0.708783
0.708383
0.708528
0.708454
0.708794
0.708959
0.708677
0.708963
0.708747
0.708551
0.709049
0.709006
0.709061
0.708861
0.708171
0.708967
0.708865
0.708508
0.708187
0.708132
0.708438
0.708442
0.708395
0.709081
0.708986
0.709151
0.709429
0.707192
0.70758
0.707023
0.7062
0.707062
0.707066
0.707078
0.707051
0.707819
0.707294
0.706957
0.707497
0.707732
0.707885
0.707497
0.708085
0.70803
0.708473
0.708234
0.708003
0.707701
0.708101
0.708242
0.707874
0.707991
0.708653
0.708888
0.709617
0.709222
0.709668
0.709613
0.709429
0.709563
0.709566
0.709739
0.709739
0.709457
0.708775
0.70852
0.7068
0.706173
0.705342
0.70678
0.707129
0.707701
0.708779
0.708861
0.708849
0.70872
0.708771
0.705848
0.705746
0.705471
0.705734
0.706545
0.705389
0.70546
0.705558
0.705483
0.705232
0.705377
0.705366
0.704934
0.704652
0.704441
0.70475
0.704786
0.705205
0.705221
0.705244
0.706283
0.707121
0.707247
0.707478
0.707744
0.709739
0.709782
0.710448
0.710397
0.710248
0.710495
0.710585
0.710229
0.709837
0.709798
0.70988
0.709629
0.709907
0.70995
0.710468
0.710644
0.710479
0.710052
0.710084
0.710041
0.709061
0.708054
0.707709
0.708203
0.707815
0.706663
0.706012
0.706588
0.707309
0.7072
0.70707
0.707152
0.707235
0.707254
0.707231
0.707262
0.706964
0.707082
0.70729
0.707368
0.707631
0.707827
0.708316
0.707803
0.708042
0.708105
0.708203
0.707674
0.70814
0.708297
0.706592
0.70638
0.706114
0.706913
0.707086
0.70633
0.70649
0.706236
0.705926
0.705503
0.705385
0.705389
0.705656
0.705804
0.705989
0.706263
0.705836
0.705726
0.706083
0.706275
0.706408
0.706655
0.706592
0.706314
0.706279
0.707572
0.707407
0.706792
0.707047
0.707203
0.707325
0.707603
0.70718
0.707266
0.706623
0.707125
0.707407
0.708054
0.708477
0.708356
0.708379
0.708152
0.708007
0.707928
0.708022
0.708175
0.708179
0.708512
0.708599
0.708685
0.70805
0.707834
0.707956
0.708383
0.708595
0.709049
0.709602
0.710248
0.70997
0.710534
0.710041
0.709441
0.709711
0.710287
0.709108
0.709782
0.709845
0.709171
0.709288
0.709437
0.709084
0.712149
0.713246
0.712874
0.714308
0.71356
0.713634
0.715401
0.716173
0.717263
0.71925
0.719544
0.720139
0.720088
0.720504
0.722157
0.723349
0.725508
0.725845
0.727299
0.728153
0.728086
0.729842
0.730375
0.731143
0.732185
0.734482
0.735853
0.736817
0.739658
0.738714
0.741108
0.740775
0.744772
0.747034
0.751803
0.752351
0.756137
0.75821
0.761157
0.763433
0.767521
0.768014
0.773046
0.77216
0.775444
0.776036
0.778093
0.77722
0.779563
0.779688
0.780915
0.782792
0.785273
0.785175
0.775366
0.776628
0.776941
0.780068
0.782094
0.783203
0.786828
0.790559
0.793318
0.797429
0.800556
0.802578
0.804145
0.807135
0.809553
0.81114
0.81402
0.814745
0.816587
0.816478
0.815568
0.818268
0.820482
0.823465
0.823958
0.82069
0.820537
0.820326
0.816121
0.814804
0.815188
0.815114
0.809392
0.80681
0.802374
0.800144
0.791268
0.783446
0.781107
0.772051
0.763222
0.759652
0.75491
0.748762
0.746646
0.723654
0.724219
0.723466
0.698014
0.693833
0.686179
0.682907
0.675007
0.676163
0.688629
0.698688
0.700212
0.712027
0.725382
0.729869
0.745732
0.753566
0.750063
0.765722
0.773516
0.775915
0.789144
0.791206
0.792401
0.799513
0.801708
0.797444
0.794458
0.794642
0.786922
0.783881
0.794603
0.793471
0.794243
0.798541
0.797001
0.793181
0.794274
0.798044
0.801014
0.799795
0.799027
0.798651
0.795657
0.787334
0.783834
0.782655
0.776138
0.765479
0.754746
0.747069
0.741112
0.744251
0.757516
0.770742
0.777024
0.770899
0.775468
0.77845
0.77381
0.780582
0.77923
0.773344
0.769939
0.761364
0.758704
0.759131
0.749001
0.74462
0.751082
0.751031
0.751724
0.747594
0.750263
0.749459
0.753511
0.754232
0.753229
0.758609
0.751058
0.745956
0.737636
0.73969
0.738087
0.738777
0.734196
0.726652
0.720398
0.725108
0.726593
0.726441
0.729191
0.729446
0.739549
0.745846
0.745713
0.748989
0.758817
0.756631
0.757152
0.751587
0.745972
0.746979
0.738401
0.734572
0.754624
0.755874
0.747186
0.74643
0.745388
0.749792
0.747034
0.746093
0.74645
0.749875
0.750835
0.74855
0.750584
0.749228
0.74317
0.742115
0.740086
0.738745
0.738773
0.733189
0.730951
0.729607
0.733949
0.727777
0.729721
0.722322
0.722937
0.715848
0.712596
0.708649
0.708203
0.708489
0.702811
0.702599
0.710907
0.706529
0.701153
0.693143
0.692528
0.69292
0.697015
0.694691
0.690807
0.688546
0.683816
0.685313
0.6825
0.680607
0.685333
0.692814
0.692179
0.687849
0.684761
0.682762
0.68538
0.687958
0.680768
0.677296
0.679369
0.675317
0.67139
0.66523
0.657855
0.658685
0.665492
0.666413
0.672272
0.674987
0.679369
0.684197
0.677966
0.681034
0.676947
0.669047
0.666872
0.670293
0.661601
0.656793
0.649817
0.647392
0.643426
0.645205
0.650629
0.64816
0.642094
0.641384
0.635773
0.640499
0.640887
0.640193
0.641059
0.643935
0.636306
0.638222
0.648117
0.652278
0.654779
0.656217
0.659912
0.670548
0.676336
0.674341
0.678424
0.675093
0.673157
0.680415
0.688209
0.691916
0.696474
0.692782
0.690984
0.694883
0.695134
0.692653
0.698519
0.698927
0.697845
0.700416
0.691979
0.684643
0.687919
0.683178
0.677962
0.674987
0.674748
0.675634
0.676567
0.674748
0.668949
0.66994
0.675681
0.676543
0.67978
0.678456
0.684961
0.685447
0.684306
0.682668
0.690541
0.692908
0.687884
0.687923
0.690141
0.683691
0.681062
0.680564
0.67643
0.66791
0.663627
0.662706
0.656887
0.648297
0.638147
0.63466
0.62904
0.624424
0.627774
0.620623
0.617837
0.619772
0.60657
0.603086
0.602644
0.607272
0.607068
0.602749
0.593391
0.589191
0.582889
0.578504
0.572555
0.58187
0.58361
0.583834
0.590907
0.585244
0.591122
0.593544
0.597624
0.597459
0.608486
0.616724
0.619153
0.624824
0.633523
0.636259
0.642039
0.639425
0.633022
0.635796
0.636964
0.63299
0.63424
0.629769
0.62538
0.623225
0.618863
0.613389
0.617115
0.618808
0.606492
0.606645
0.61023
0.604191
0.597851
0.584978
0.57598
0.570624
0.563625
0.553064
0.546649
0.542193
0.53483
0.528172
0.522117
0.517579
0.515557
0.520323
0.519837
0.520875
0.527819
0.529826
0.535727
0.53171
0.535492
0.540724
0.546935
0.539383
0.54128
0.53684
0.528137
0.524265
0.513629
0.505298
0.504902
0.501642
0.497586
0.496889
0.491974
0.486504
0.489611
0.485281
0.486504
0.483494
0.485873
0.476464
0.474567
0.478659
0.470903
0.471495
0.464723
0.45544
0.45388
0.452117
0.446607
0.440584
0.436947
0.427276
0.433969
0.430689
0.428463
0.428871
0.420693
0.416546
0.422315
0.418051
0.410022
0.404007
0.397686
0.398344
0.39238
0.385698
0.385224
0.38125
0.3752
0.36478
0.361104
0.353274
0.352365
0.347255
0.343333
0.342255
0.34271
0.345488
0.347953
0.348125
0.352655
0.356049
0.35599
0.357115
0.356398
0.359047
0.361637
0.360058
0.364047
0.366657
0.364858
0.366579
0.364721
0.359964
0.36527
0.371826
0.373558
0.380823
0.383809
0.386854
0.390945
0.383751
0.383347
0.384374
0.382144
0.381595
0.378868
0.37779
0.37625
0.370388
0.368652
0.365086
0.35878
0.356989
0.351676
0.341683
0.330753
0.327501
0.316454
0.307037
0.304663
0.304322
0.299835
0.300313
0.291613
0.276785
0.273207
0.266325
0.258139
0.251038
0.242088
0.243859
0.243926
0.24558
0.247355
0.252038
0.257689
0.265397
0.272031
0.282823
0.285002
0.287397
0.287444
0.287937
0.285555
0.286374
0.280942
0.278744
0.282408
0.286178
0.288043
0.287663
0.291323
0.293768
0.292491
0.293404
0.297334
0.303569
0.308084
0.311614
0.312563
0.318108
0.324805
0.334598
0.34691
0.351296
0.364933
0.374314
0.379044
0.381082
0.384417
0.389076
0.395758
0.397117
0.399002
0.400993
0.403693
0.40644
0.41244
0.411903
0.411017
0.407428
0.403278
0.398587
0.389276
0.383559
0.381587
0.376473
0.371924
0.369565
0.363836
0.359537
0.360434
0.359482
0.355187
0.356797
0.351437
0.3457
0.345112
0.332266
0.319036
0.315937
0.308068
0.29608
0.292099
0.281091
0.268806
0.262289
0.247774
0.233443
0.229987
0.224571
0.213803
0.206529
0.20147
0.20542
0.202227
0.201063
0.201545
0.209555
0.200832
0.191587
0.187892
0.181708
0.175305
0.172001
0.169478
0.157298
0.154888
0.147615
0.143065
0.136525
0.133061
0.125239
0.117351
0.110034
0.104646
0.102201
0.0997868
0.0982076
0.095727
0.0946337
0.0934816
0.0884695
0.101617
0.0979685
0.0963305
0.0948806
0.0927566
0.0876505
0.0837161
0.0781397
0.073931
0.0685192
0.0645573
0.0610187
0.0574605
0.0551759
0.0535927
0.0515275
0.0499875
0.0480751
0.0459472
0.0440976
0.0423538
0.040896
0.0391443
0.0362797
0.034579
0.037228
0.0343987
0.0330036
0.0311853
0.0280621
0.0268355
0.0251622
0.0231598
0.022427
0.0203657
0.0191862
0.0181124
0.0171837
0.015867
0.0161648
0.0150519
0.013453
0.0135393
0.0127986
0.0125948
0.0113408
0.0108001
0.0095343
0.00915418
0.00875055
0.00907189
0.00887595
0.00899351
0.00893081
0.00873487
0.0088446
0.00866042
0.00892297
0.00846056
0.00841746
0.00883676
0.00923255
0.00897392
0.00919337
0.0120345
0.0114662
0.0115289
0.0110508
0.0109725
0.0103063
0.0103102
0.00969888
0.00960483
0.0094089
0.00930701
0.00948727
0.00933052
0.0097655
0.00982036
0.00951862
0.00938147
0.00954605
0.0092012
0.0090954
0.0090758
0.00908364
0.0082176
0.00862907
0.00845272
0.00857029
0.0085311
0.00862515
0.00823327
0.00814706
0.00808828
0.00851542
0.00853894
0.00814706
0.00820584
0.00745345
0.00728886
0.00621512
0.00620337
0.00620337
0.00734764
0.00892689
0.0100672
0.0110156
0.0119913
0.0131317
0.014707
0.0161766
0.0166468
0.0174384
0.0176343
0.0165606
0.0149853
0.0138959
0.0130259
0.0117876
0.0105532
0.0102593
0.0135667
0.0205224
0.024496
0.0307229
0.0353666
0.0368793
0.0392031
0.0416954
0.0428122
0.0442935
0.0544156
0.0603133
0.0722146
0.08102
0.0878386
0.0971064
0.100763
0.102824
0.105285
0.107714
0.10833
0.109474
0.111386
0.11235
0.116994
0.120552
0.121791
0.126254
0.128476
0.129099
0.125169
0.122911
0.121771
0.117978
0.115646
0.112499
0.108628
0.107515
0.105967
0.102816
0.100751
0.10155
0.100539
0.0977256
0.0928154
0.0870196
0.0786256
0.0736723
0.0652627
0.0571588
0.0587733
0.0604975
0.0620298
0.0633347
0.0659367
0.0660073
0.0670732
0.0707254
0.0735117
0.0759413
0.0792369
0.0826306
0.0830734
0.0837278
0.086373
0.0869882
0.0901506
0.0931955
0.0955467
0.0992931
0.100868
0.103847
0.102158
0.103941
0.105108
0.110638
0.112781
0.11451
0.115372
0.120105
0.120215
0.121438
0.116261
0.114937
0.110461
0.106821
0.104141
0.103059
0.101876
0.100684
0.0967106
0.0921022
0.0900958
0.0835319
0.0766623
0.0716699
0.0636325
0.0575389
0.0538513
0.0453006
0.0368127
0.0329919
0.0276114
0.0250055
0.0254797
0.0245548
0.0236183
0.0215139
0.0186062
0.0159924
0.0143269
0.0149578
0.0156044
0.0158983
0.0171719
0.0177519
0.0184024
0.0210436
0.0221135
0.0222702
0.0222232
0.0228071
0.0231323
0.0238455
0.0248135
0.0251975
0.0255384
0.0254483
0.0267454
0.0313538
0.0390071
0.043016
0.0528599
0.062598
0.0671711
0.0755964
0.0856833
0.0910872
0.100629
0.110701
0.117076
0.132837
0.148222
0.157353
0.172609
0.186818
0.196313
0.212956
0.226299
0.235085
0.251865
0.269088
0.277815
0.293761
0.308103
0.313535
0.32377
0.333493
0.332141
0.339175
0.334304
0.329899
0.327528
0.317888
0.312488
0.303953
0.299337
0.300716
0.294364
0.284026
0.277486
0.269555
0.258359
0.253276
0.247645
0.242825
0.239623
0.233812
0.228992
0.225159
0.222812
0.215531
0.214073
0.209852
0.202999
0.203128
0.192512
0.184067
0.177813
0.160774
0.147525
0.140761
0.121998
0.110724
0.10233
0.0886733
0.0750361
0.0688405
0.0568492
0.0485846
0.0460099
0.042585
0.037087
0.0325295
0.02392
0.0161295
0.0130572
0.00585852
0.00184181
0.00190451
0.00190451
0.00190451
0.00217882
0.00300176
0.00404806
0.00442818
0.00514139
0.00550583
0.00497288
0.00332701
0.00162628
0.00166155
0.000846448
0.000634836
0.000634836
0.000317418
0.000317418
0.000317418
0.000317418
0.000317418
0.000317418
0.000317418
0.000317418
0.000317418
0.000317418
0.000317418
0.000317418
0.000317418
0.000317418
0.000317418
0.000317418
0.000317418
0.00460844
0.00377375
0.00377375
0.00313891
0.00324864
0.00293122
0.00293122
0.00309189
0.00320945
0.00311148
0.00311148
0.00311148
0.00254326
0.00254326
0.00286068
0.00286068
0.00286068
0.0031781
0.0031781
0.00301743
0.00298608
0.00320945
0.00320945
0.00298608
0.00266866
0.00443993
0.00475735
0.00449871
0.00449871
0.00414603
0.00382861
0.00351119
0.00351119
0.00364443
0.00338579
0.00370321
0.00322904
0.00308797
0.00245313
0.00241786
0.00273528
0.00210045
0.00241786
0.00241786
0.00210045
0.00210045
0.00210045
0.00162236
0.00162236
0.00162236
0.00162236
0.00178303
0.00210045
0.00210045
0.00193978
0.00193978
0.00193978
0.00197505
0.00197505
0.00197505
0.00197505
0.00398536
0.00407549
0.00375807
0.00308405
0.00269609
0.00269609
0.00269609
0.00269609
0.00237868
0.00269609
0.00269609
0.00177519
0.00177519
0.00180654
0.00180654
0.00180654
0.00155182
0.00186924
0.00126967
0.00158709
0.00158709
0.00126967
0.00126967
0.00126967
0.00126967
0.00463195
0.00426359
0.00426359
0.00394617
0.00359349
0.00327607
0.00349944
0.00349944
0.00349944
0.00318202
0.00302135
0.00362092
0.00362092
0.00798248
0.0118699
0.0198837
0.0284344
0.0327058
0.0405315
0.0474011
0.0505949
0.0539219
0.0559204
0.0570804
0.0596903
0.0597255
0.0607836
0.0615556
0.0634797
0.0638872
0.0649806
0.0663169
0.0663404
0.0680489
0.0694244
0.0702317
0.0714582
0.0719481
0.0730884
0.0742915
0.0748871
0.0760706
0.0784414
0.0818743
0.0836299
0.0930348
0.104952
0.110379
0.120713
0.131772
0.137975
0.14533
0.155072
0.158721
0.164313
0.168815
0.170986
0.17485
0.179596
0.180913
0.183648
0.185713
0.18723
0.18902
0.19212
0.192136
0.193386
0.194377
0.195063
0.197798
0.198351
0.197313
0.19714
0.195357
0.194385
0.195243
0.191952
0.191756
0.190639
0.187324
0.186567
0.185027
0.182617
0.182515
0.18219
0.185905
0.187328
0.188895
0.191195
0.192081
0.196462
0.201972
0.202481
0.204519
0.206431
0.207513
0.209253
0.21104
0.210366
0.213195
0.212525
0.213732
0.214371
0.215233
0.21519
0.215946
0.217906
0.221844
0.227118
0.233212
0.238181
0.244988
0.252916
0.255318
0.262618
0.269696
0.274022
0.280601
0.28037
0.281981
0.287169
0.288694
0.289129
0.291123
0.293784
0.294482
0.296657
0.299121
0.299697
0.299925
0.301974
0.303746
0.30554
0.306363
0.305819
0.308428
0.3102
0.30942
0.310435
0.310537
0.311979
0.314111
0.321243
0.324523
0.334198
0.340519
0.343152
0.352197
0.358678
0.361206
0.361081
0.365332
0.367652
0.369271
0.37016
0.369381
0.368401
0.366536
0.366238
0.363561
0.361371
0.360187
0.358843
0.357573
0.357401
0.357174
0.358149
0.357899
0.356958
0.357616
0.357703
0.356954
0.360348
0.361712
0.36572
0.37174
0.374216
0.379032
0.383919
0.385714
0.391137
0.393967
0.395421
0.397082
0.398971
0.398469
0.40521
0.412518
0.414681
0.415022
0.419525
0.422021
0.428091
0.434522
0.437367
0.445526
0.451968
0.455769
0.461694
0.467392
0.466072
0.475183
0.478517
0.47938
0.476629
0.4755
0.476472
0.474951
0.470801
0.470899
0.467083
0.464916
0.465245
0.463544
0.463779
0.464226
0.463242
0.46461
0.462592
0.464833
0.462803
0.462251
0.459668
0.458309
0.45707
0.451521
0.449299
0.446231
0.446305
0.446047
0.446615
0.446568
0.445808
0.446399
0.450373
0.454174
0.456416
0.460769
0.466879
0.4695
0.475747
0.48237
0.485391
0.492825
0.496677
0.500188
0.506536
0.512462
0.516945
0.521338
0.528368
0.53001
0.533842
0.534983
0.539262
0.541907
0.544321
0.550387
0.551798
0.554643
0.558236
0.560176
0.56819
0.56973
0.571768
0.576255
0.576952
0.575898
0.575346
0.575624
0.572281
0.572269
0.571309
0.571881
0.568891
0.563778
0.56692
0.572058
0.574123
0.576443
0.576031
0.577003
0.574527
0.58006
0.582662
0.585597
0.585817
0.588152
0.592153
0.593964
0.596299
0.599748
0.602291
0.604532
0.609066
0.612664
0.616473
0.619631
0.621834
0.62355
0.61969
0.62172
0.623056
0.625298
0.626466
0.628731
0.628111
0.628934
0.629546
0.632508
0.636059
0.638288
0.641388
0.644535
0.644374
0.647431
0.648853
0.649708
0.651812
0.653003
0.654775
0.658278
0.661382
0.663408
0.666296
0.664066
0.666194
0.667401
0.668984
0.671433
0.673839
0.677609
0.677958
0.680529
0.682488
0.685866
0.687465
0.689836
0.690756
0.689577
0.691623
0.691113
0.691325
0.689734
0.689291
0.690608
0.691877
0.691975
0.691999
0.69254
0.688151
0.687386
0.684914
0.684663
0.682045
0.680101
0.677233
0.675857
0.674952
0.673686
0.671727
0.670708
0.671664
0.674168
0.677202
0.678024
0.677734
0.679427
0.679894
0.678612
0.678867
0.680913
0.681712
0.683005
0.682813
0.675842
0.676974
0.678659
0.678087
0.680395
0.67947
0.680282
0.680873
0.681908
0.6825
0.680795
0.681073
0.679929
0.678926
0.678162
0.678232
0.673506
0.673091
0.671778
0.671668
0.672816
0.672444
0.671457
0.670736
0.670677
0.672934
0.672554
0.673216
0.673812
0.673969
0.67505
0.674552
0.671437
0.671868
0.672041
0.6715
0.670806
0.670403
0.669576
0.668902
0.669129
0.669701
0.670391
0.671296
0.671794
0.671978
0.673295
0.672773
0.673204
0.673287
0.675462
0.675548
0.677002
0.677115
0.677104
0.676641
0.675995
0.67641
0.676449
0.6765
0.677715
0.677429
0.678938
0.679604
0.680015
0.680987
0.681575
0.683401
0.684267
0.685039
0.6817
0.681402
0.682178
0.67938
0.680662
0.678021
0.677205
0.676277
0.675791
0.676684
0.677699
0.679455
0.679933
0.678213
0.678546
0.678056
0.678734
0.679678
0.68005
0.680391
0.678361
0.677249
0.678487
0.678949
0.680062
0.681152
0.681751
0.680846
0.681124
0.680772
0.68152
0.68154
0.681857
0.681207
0.681598
0.682245
0.682899
0.682641
0.683522
0.684263
0.685204
0.684099
0.684369
0.683812
0.682993
0.683217
0.683828
0.684087