0.858384
0.85934
0.859571
0.859591
0.860676
0.860433
0.862922
0.864164
0.864211
0.866021
0.866805
0.866405
0.868667
0.870497
0.871468
0.871833
0.874411
0.871602
0.87563
0.87594
0.878777
0.878722
0.880097
0.882496
0.883754
0.884357
0.885509
0.887151
0.889334
0.890772
0.891348
0.891039
0.89279
0.894503
0.899911
0.903159
0.904264
0.906537
0.908277
0.909523
0.905824
0.910926
0.91017
0.913305
0.914324
0.914096
0.912106
0.912866
0.913955
0.918552
0.918752
0.919101
0.919022
0.920911
0.919728
0.919355
0.919712
0.920327
0.920323
0.923568
0.923208
0.929148
0.93041
0.93041
0.928435
0.933161
0.931151
0.931919
0.931312
0.937174
0.937911
0.93639
0.939137
0.935505
0.932232
0.929286
0.929893
0.927209
0.928561
0.930206
0.933432
0.934811
0.938412
0.936355
0.939956
0.939267
0.934748
0.934501
0.936751
0.937272
0.940176
0.935367
0.933588
0.936602
0.935117
0.938142
0.922291
0.925014
0.923474
0.921291
0.92231
0.923317
0.925892
0.924571
0.926053
0.924399
0.925606
0.925806
0.929403
0.926519
0.928553
0.925825
0.921127
0.918078
0.916514
0.913493
0.911338
0.907078
0.906126
0.905922
0.904797
0.906
0.893813
0.890439
0.885983
0.887206
0.88806
0.887868
0.892069
0.896772
0.895698
0.896595
0.894777
0.895733
0.892931
0.886912
0.88694
0.886066
0.887892
0.893374
0.898018
0.897763
0.89473
0.892818
0.893507
0.893935
0.891478
0.892955
0.894162
0.895835
0.901169
0.900847
0.901999
0.904151
0.90127
0.899754
0.89948
0.899609
0.898112
0.899844
0.899581
0.896207
0.890243
0.89154
0.886148
0.879819
0.876069
0.873346
0.868506
0.868126
0.864638
0.860386
0.853309
0.851863
0.85133
0.848046
0.842948
0.844425
0.829895
0.828868
0.825509
0.822343
0.814345
0.811786
0.8065
0.80637
0.803071
0.798329
0.797197
0.795837
0.793266
0.793689
0.79238
0.788728
0.78669
0.783732
0.776835
0.7756
0.77194
0.769965
0.771462
0.767767
0.771999
0.778688
0.784057
0.779852
0.777673
0.775812
0.772313
0.772657
0.770349
0.764385
0.758017
0.755764
0.755709
0.756924
0.761262
0.763746
0.765913
0.765929
0.767316
0.767732
0.768441
0.770083
0.760827
0.764522
0.770208
0.770263
0.774511
0.774299
0.779323
0.781122
0.782552
0.786773
0.79541
0.797918
0.802346
0.804952
0.803655
0.802659
0.805367
0.814666
0.820623
0.820956
0.827402
0.828472
0.829115
0.817613
0.820846
0.823628
0.830043
0.833394
0.834311
0.824173
0.820795
0.815121
0.804031
0.80291
0.800782
0.797146
0.792678
0.789653
0.788732
0.784641
0.780793
0.782125
0.783081
0.782196
0.783798
0.781996
0.785981
0.788701
0.795907
0.798129
0.802165
0.801088
0.798854
0.798349
0.798278
0.800089
0.800622
0.806382
0.809686
0.818036
0.825709
0.825639
0.826857
0.8281
0.807001
0.78747
0.785652
0.769448
0.768841
0.743302
0.74737
0.74358
0.743185
0.732757
0.731091
0.727674
0.711317
0.705196
0.69902
0.693918
0.673114
0.663058
0.652101
0.646795
0.638633
0.627397
0.62179
0.620755
0.617467
0.615665
0.609054
0.605558
0.600683
0.594245
0.592697
0.589268
0.583982
0.585416
0.583633
0.586274
0.587336
0.587352
0.590859
0.590432
0.589249
0.589652
0.595989
0.597885
0.598046
0.597462
0.596102
0.595628
0.591353
0.589488
0.583704
0.588073
0.588155
0.581877
0.573777
0.561692
0.556417
0.552248
0.547204
0.542208
0.537807
0.533214
0.528195
0.529496
0.529402
0.529594
0.529739
0.528802
0.529727
0.526329
0.523422
0.5227
0.516756
0.5098
0.503722
0.501132
0.499552
0.497417
0.494125
0.494156
0.488525
0.481957
0.480061
0.479598
0.47218
0.469386
0.466043
0.465095
0.452449
0.442417
0.441179
0.441653
0.446583
0.449894
0.453703
0.45243
0.452398
0.451234
0.451724
0.450929
0.450372
0.448617
0.448891
0.448291
0.448072
0.445846
0.445556
0.444569
0.441124
0.434705
0.431276
0.422969
0.417059
0.407607
0.4006
0.402799
0.400142
0.402513
0.40196
0.400475
0.398935
0.399605
0.399072
0.397634
0.394679
0.392782
0.393684
0.397908
0.404664
0.406992
0.413501
0.414351
0.415111
0.41722
0.419144
0.427154
0.435473
0.438287
0.442762
0.452453
0.458692
0.468657
0.480762
0.486495
0.50259
0.518417
0.537016
0.548059
0.551123
0.557099
0.56197
0.561273
0.561375
0.562288
0.565215
0.574267
0.590553
0.62159
0.636979
0.643786
0.657478
0.677416
0.682613
0.685712
0.687237
0.68679
0.67867
0.672216
0.669136
0.660965
0.655687
0.64598
0.641811
0.638778
0.631395
0.620689
0.611084
0.598058
0.588026
0.572504
0.567746
0.564274
0.546895
0.536659
0.53064
0.520185
0.51248
0.509341
0.508899
0.503224
