0.829564
0.830753
0.831045
0.83107
0.832437
0.832131
0.835266
0.836832
0.836906
0.839187
0.840174
0.839671
0.84252
0.844826
0.84605
0.846509
0.849758
0.846218
0.851294
0.851684
0.855259
0.85519
0.856923
0.859945
0.86153
0.86229
0.863742
0.865811
0.868561
0.869948
0.870659
0.870338
0.872452
0.874619
0.881364
0.885462
0.886855
0.890237
0.892429
0.893999
0.889338
0.895767
0.894814
0.898764
0.900048
0.899762
0.897253
0.898211
0.899584
0.905376
0.905623
0.906067
0.905968
0.908348
0.906857
0.906388
0.906837
0.907612
0.907607
0.911696
0.911242
0.917952
0.919537
0.919512
0.917004
0.922934
0.920391
0.921354
0.920584
0.928839
0.929767
0.927852
0.931313
0.926736
0.922613
0.9189
0.91967
0.916278
0.917986
0.920035
0.924099
0.925842
0.93039
0.927654
0.932192
0.931308
0.92558
0.925289
0.928133
0.92881
0.932508
0.926548
0.924331
0.928094
0.926178
0.930044
0.910076
0.913528
0.910535
0.90777
0.911281
0.91255
0.914545
0.912881
0.915977
0.913478
0.91496
0.915666
0.920504
0.915532
0.918149
0.914703
0.908783
0.904971
0.902996
0.899184
0.896513
0.890918
0.889718
0.889788
0.889264
0.889773
0.874427
0.870407
0.863574
0.865174
0.866225
0.865988
0.871281
0.878125
0.876816
0.878609
0.876328
0.876846
0.873306
0.865672
0.865707
0.864477
0.866665
0.873676
0.879503
0.879182
0.876308
0.87297
0.873864
0.875385
0.871696
0.873602
0.875128
