0.136545
0.13482
0.133163
0.135851
0.141275
0.144421
0.150233
0.156961
0.159971
0.166076
0.168482
0.169725
0.17161
0.171829
0.171214
0.171041
0.17119
0.171351
0.172503
0.171735
0.172903
0.173404
0.174545
0.175046
0.175693
0.178122
0.179255
0.182519
0.185
0.186356
0.186861
0.187433
0.187578
0.187096
0.187484
0.187179
0.186058
0.186266
0.185552
0.184949
0.184929
0.185321
0.18478
0.183954
0.181238
0.181308
0.181449
0.180811
0.181183
0.180674
0.180862
0.180054
0.181034
0.181736
0.183997
0.186469
0.18759
0.190098
0.191944
0.193104
0.196392
0.197865
0.197975
0.196972
0.195694
0.195283
0.193535
0.191113
0.190286
0.186654
0.184976
0.185074
0.184929
0.185858
0.186062
0.186932
0.187508
0.187214
0.187245
0.188875
0.19069
0.193409
0.195247
0.195737
0.198751
0.202501
0.204288
0.208818
0.214743
0.216542
0.220088
0.224309
0.226331
0.228247
0.221413
0.223474
0.224654
0.226041
0.227103
0.227064
0.227334
0.226664
0.225065
0.223501
0.223106
0.220433
0.21749
0.216749
0.217373
0.219026
0.220829
0.223897
0.227162
0.228729
0.232001
0.234717
0.236598
0.238855
0.241485
0.242045
0.242362
0.243177
0.243185
0.242597
0.24335
0.243546
0.242848
0.242864
0.24346
0.242805
0.243785
0.243691
0.243718
0.243562
0.244945
0.24652
0.247296
0.247719
0.247527
0.248225
0.248264
0.248503
0.249475
0.249612
0.247069
0.247802
0.247386
0.24661
0.244933
0.244753
0.243797
0.242695
0.242993
0.241712
0.241626
0.241148
0.240234
0.238808
0.238185
0.237566
0.237331
0.236923
0.23621
0.235273
0.234983
0.234697
0.234501
0.234893
0.233596
0.231621
0.231645
0.231249
0.231609
0.231319
0.231163
0.230747
0.230473
0.229932
0.229748
0.229235
0.22976
0.228898
0.228721
0.229239
0.229035
0.229133
0.228608
0.228992
0.229348
0.229125
0.229152
0.229097
0.228404
0.228314
0.227585
0.227773
0.228302
0.228333
0.228239
0.228768
0.229101
0.228988
0.229913
0.230214
0.23023
0.229881
0.229846
0.229948
0.229497
0.229384
0.230183
0.230136
0.22983
0.229403
0.229791
0.22938
0.229693
0.229709
0.22994
0.227836
0.228416
0.229325
0.229336
0.229199
0.229325
0.229485
0.229815
0.22983
0.229932
0.23005
0.230379
0.230261
0.230853
0.231433
0.231786
0.23177
0.231739
0.231253
0.229893
0.229348
0.2284
0.228149
0.228075
0.228451
0.223772
0.223913
0.224963
0.225371
0.225339
0.225759
0.225935
0.225853
0.226256
0.226327
0.226452
0.22695
0.22742
0.226985
0.226868
0.227107
0.227491
0.227565
0.227479
0.227389
0.227071
0.227013
0.22693
0.226774
0.22668
0.224971
0.225167
0.225128
0.225234
0.22559
0.22532
0.224932
0.224736
0.226742
0.227973
0.23083
0.234729
0.23661
0.239521
0.241998
0.243393
0.246156
0.248965
0.249377
0.250733
0.250466
0.25027
0.249161
0.248021
0.247512
0.245023
0.243996
0.243518
0.242445
0.240101
0.239227
0.237292
0.236296
0.235536
0.234341
0.234043
0.234039
0.233565
0.234062
0.234223
0.23436
0.236186
0.235806
0.234701
0.234243
0.234094
0.234129
0.232985
0.232471
0.23099
0.226147
0.226292
0.225947
0.225422
0.225351
0.224998
0.225108
0.225002
0.224865
0.225324
0.225398
0.225864
0.22568
0.225622
0.225998
0.226476
0.226319
0.226429
0.226397
0.226636
0.227365
0.227722
0.227722
0.228177
0.22925
0.226123
0.227553
0.229815
0.230849
0.231523
0.231253
0.230849
0.230234
0.229932
0.229576
0.229662
0.230496
0.230524
0.230449
0.230818
0.230579
0.230896
0.230802
0.230947
0.2313
0.23128
0.231409
0.231417
0.231249
0.231425
0.230782
0.230481
0.230567
0.230786
0.23063
0.230833
0.230692
0.230622
0.230877
0.230571
0.230481
0.230884
0.231151
0.230606
0.230939
0.231821
0.233251
0.234223
0.235559
0.237417
0.237989
0.240097
0.241888
0.242531
0.242872
0.243444
0.244192
0.244941
0.245254
0.245446
0.245207
0.245909
0.246626
0.247026
0.248385
0.248883
0.251693
0.255286
0.257352
0.262975
0.269421
0.273399
0.279265
0.284489
0.286989
0.292922
0.298745
0.30159
0.307018
0.312876
0.306794
0.312872
0.319358
0.32205
0.326803
0.333367
0.336632
0.342988
0.349148
0.351362
0.357934
0.363232
0.366473
0.37134
0.375129
0.377175
0.382575
0.384793
0.385283
0.388296
0.389452
0.389299
0.391043
0.392548
0.392685
0.384773
0.389268
0.391173
0.394664
0.396773
0.397313
0.400005
0.402286
0.403184
0.403775
0.405116
0.405339
0.406726
0.407886
0.407921
0.408658
0.409959
0.410445
0.411754
0.412365
0.412632
0.413031
0.411907
0.410954
0.412577
0.412103
0.412142
0.411499
0.413176
0.412632
0.413423
0.412463
0.411848
0.412828
0.41289
0.412498
0.412922
0.412459
0.411691
0.413317
0.414207
0.414595
0.414321
0.413839
0.413204
0.413043
0.413643
0.412377
0.41298
0.412255
0.415798
0.415132
0.415998
0.415222
0.415641
0.415716
0.416519
0.419744
0.422997
0.424799
0.428824
0.432092
0.433899
0.43683
0.43935
0.44127
0.444855
0.447881
0.450107
0.453198
0.454997
0.456435
0.460585
0.46392
0.465684
0.470978
0.475077
0.477557
0.480457
0.484325
0.486061
0.489741
0.49047
0.492327
0.493918
0.495231
0.495815
0.496865
0.496516
0.496771
0.497833
0.498256
0.498013
0.49906
0.50152
0.501419
0.500917
0.503166
0.503554
0.502727
0.501803
0.502053
0.501571
0.500635
0.499009
0.497465
0.49654
0.496105
0.494808
0.495286
0.493993
0.494396
0.494083
0.493471
0.49217
0.491316
0.491026
0.490521
0.491806
0.490811
0.490031
0.489082
0.490415
0.489596
0.489894
0.484881
0.486057
0.48686
0.487288
0.490524
0.491935
0.493009
0.494232
0.496712
0.498088
0.4998
0.5023
0.503593
0.505976
0.5083
0.509479
0.511509
0.514613
0.515793
0.518226
0.521185
0.522384
0.525029
0.53251
0.534109
0.543964
0.550426
0.554059
0.558048
0.561638
0.564667
0.566764
0.56973
0.570545
0.5727
0.574468
0.57553
0.580989
0.584476
0.586471
0.589935
0.592118
0.593779
0.59519
0.597737
0.59858
0.600833
0.602162
0.602879
0.60262
0.607154
0.60737
0.607221
0.606359
0.606535
0.607632
0.607777
0.607432
0.608271
0.609834
0.610712
0.612519
0.613738
0.614486
0.614948
0.615552
0.615642
0.615411
0.616034
0.616034
0.615795
0.615697
0.615509
0.615187
0.615031
0.615646
0.614992
0.614976
0.61534
0.615885
0.617472
0.618405
0.619298
0.61998
0.621046
0.621657
0.621685
0.621508
0.621673
0.621552
0.62199
0.621955
0.622574
0.623107
0.623409
0.623609
0.623754
0.623632
0.624259
0.624302
0.622625
0.622551
0.622508
0.621861
0.62161
0.621457
0.621171
0.621289
0.621791
0.621747
0.621971
0.622186
0.622461
0.622398
0.62324
0.622982
0.62317
0.622661
0.622551
0.622465
0.622276
0.621744
0.622226
0.621924
0.621665
0.619447
0.62018
0.620258
0.620337
0.620744
0.620399
0.620748
0.620482
0.621301
0.621277
0.621583
0.621994
0.622594
0.62297
0.62319
0.62299
0.6229
0.623103
0.623617
0.623793
0.62348
0.623793
0.62326
0.623299
0.623695
0.616677
0.617327
0.617648
0.618064
0.617637
0.618232
0.618942
0.619102
0.619094
0.618456
0.618844
0.619173
0.619365
0.619251
0.618804
0.6198
0.619906
0.620176
0.620587
0.620313
0.620329
0.62058
0.620752
0.62125
0.62143
0.623409
0.623805
0.624189
0.624667
0.625047
0.624996
0.625239
0.624929
0.625353
0.625153
0.625161
0.624616
0.624436
0.625043
0.625596
0.62558
0.625506
0.625129
0.625694
0.625658
0.62607
0.626023
0.626262
0.625976
0.625835
0.620168
0.620744
0.621704
0.622453
0.622711
0.622461
0.623037
0.623362
0.623601
0.62402
0.623926
0.624424
0.625529
0.625333
0.626113
0.625482
0.625537
0.625482
0.625051
0.625619
0.624871
0.624659
0.624831
0.624369
0.623456
0.618413
0.618142
0.618111
0.618032
0.617919
0.61804
0.617962
0.617899
0.618013
0.618303
0.618369
0.618158
0.618385
0.617903
0.617131
0.61748
0.617554
0.618707
0.620917
0.6229
0.623648
0.624816
0.625799
0.626881
0.627155
0.637426
0.637383
0.63765
0.641376
0.642854
0.644123
0.644797
0.647517
0.647537
0.649014
0.650358
0.650566
0.65144
0.652012
0.652423
0.652627
0.652506
0.652694
0.653215
0.65314
0.653215
0.653211
0.653207
0.652937
0.652886
0.651005
0.652141
0.652278
0.652329
0.652416
0.652106
0.651996
0.65144
0.651953
0.651898
0.651647
0.652043
0.652008
0.651934
0.652274
0.651522
0.651514
0.651326
0.651032
0.651205
0.650938
0.651761
0.652086
0.651741
0.651812
0.65064
0.65173
0.652945
0.653156
0.652964
0.653054
0.652811
0.652823
0.653191
0.652831
0.648571
0.648775
0.649445
0.649504
0.649696
0.649433
0.64979
0.649653
0.650801
0.650993
0.650825
0.650644
0.650836
0.650789
0.650499
0.65106
0.651369
0.65191
0.652259
0.652235
0.652408
0.652588
0.652227
0.652157
0.652372
0.649567
0.649308
0.650096
0.650464
0.651138
0.650652
0.65104
0.65046
0.65066
0.650366
0.650821
0.651698
0.650966
0.651071
0.650617
0.65075
0.650585
0.650491
0.650582
0.650366
0.650652
0.650715
0.650891
0.651173
0.651197
0.649939
0.650409
0.651138
0.650668
0.650911
0.651126
0.651134
0.651338
0.651789
0.652149
0.6526
0.652796
0.652627
0.652549
0.652713
0.652517
0.652733
0.653168
0.653125
0.653176
0.653211
0.652756
0.652984
0.653329
0.653317
0.652666
0.652905
0.653164
0.652862
0.652717
0.652031
0.6522
0.652964
0.652408
0.652282
0.651698
0.651973
0.651679
0.652302
0.652529
0.652741
0.652494
0.652651
0.652608
0.652517
0.652964
0.652513
0.652521
0.652721
0.652051
0.646408
0.647051
0.6474
0.648485
0.647917
0.649069
0.648512
0.649222
0.649457
0.649939
0.650068
0.651647
0.651326
0.651334
0.651502
0.651769
0.650985
0.651107
0.651146
0.651687
0.651667
0.65209
0.652455
0.653023
0.653023
0.649763
0.649704
0.649527
0.649704
0.650605
0.650135
0.643257
0.643833
0.645037
0.644555
0.644895
0.646424
0.645997
0.646036
0.646447
0.646318
0.64671
0.646165
0.646392
0.645914
0.645499
0.645832
0.64582
0.645738
0.645887
0.645844
0.645558
0.645456
0.64573
0.645593
0.645554
0.643559
0.643794
0.643763
0.643732
0.64354
0.643614
0.644041
0.644441
0.644656
0.644927
0.645127
0.645844
0.646733
0.647078
0.646953
0.646663
0.646486
0.646573
0.646753
0.647333
0.647717
0.647772
0.647936
0.64863
0.648493
0.642587
0.642866
0.643336
0.643285
0.643892
0.644766
0.644942
0.644288
0.644163
0.643771
0.643653
0.643924
0.643395
0.643457
0.644033
0.643371
0.643759
0.64381
0.643841
0.643681
0.643783
0.643606
0.643759
0.645005
0.644986
0.644123
0.644633
0.644076
0.644327
0.643939
0.644096
0.643802
0.644261
0.644574
0.645068
0.645377
0.645068
0.644923
0.644931
0.644605
0.64412
0.644096
0.64354
0.644037
0.644112
0.643649
0.644366
0.6437
0.6435
0.642932
0.637317
0.637963
0.638469
0.638473
0.638904
0.638265
0.639006
0.639119
0.638484
0.639245
0.638966
0.640075
0.639942
0.640299
0.640632
0.641635
0.641576
0.640749
0.640977
0.64151
0.641568
0.641749
0.642485
0.642999
0.646028
0.64604
0.647936
0.649261
0.649731
0.649049
0.649586
0.649633
0.649653
0.649668
0.649868
0.648987
0.64767
0.647572
0.647384
0.647372
0.647215
0.646992
0.646925
0.647074
0.646937
0.646502
0.647176
0.647576
0.648771
0.649551
0.643316
0.64417
0.643183
0.642967
0.642756
0.642497
0.642329
0.642344
0.641039
0.641572
0.641267
0.64285
0.643061
0.643022
0.642642
0.642583
0.642446
0.642348
0.642082
0.641796
0.641843
0.642846
0.643473
0.644233
0.644112
0.646051
0.646243
0.647023
0.646921
0.646898
0.646847
0.646048
0.646937
0.647168
0.647286
0.647251
0.649911
0.649712
0.650017
0.649931
0.650068
0.649939
0.649567
0.649864
0.649574
0.649523
0.649006
0.649453
0.649006
0.649183
0.646965
0.647599
0.647447
0.647458
0.64716
0.646925
0.647055
0.646757
0.646326
0.646294
0.645954
0.645758
0.645644
0.64566
0.645773
0.645769
0.646181
0.645942
0.646157
0.646051
0.64633
0.646004
0.645777
0.645922
0.645279
0.640671
0.641149
0.641686
0.641643
0.641161
0.64218
0.643336
0.643512
0.643128
0.643532
0.644057
0.644813
0.644382
0.643685
0.643395
0.642607
0.642376
0.642677
0.642023
0.642086
0.641898
0.641439
0.641843
0.641623
0.641729
0.635792
0.63609
0.636643
0.637391
0.637415
0.638304
0.63935
0.640001
0.639817
0.640087
0.640695
0.641047
0.640949
0.642117
0.64263
0.64419
0.644033
0.644641
0.643818
0.643602
0.643884
0.643798
0.643896
0.643967
0.643277
0.646447
0.646839
0.64745
0.647219
0.648062
0.647807
0.647662
0.646976
0.647196
0.647403
0.647313
0.647576
0.647607
0.647525
0.648622
0.649214
0.649535
0.650903
0.650542
0.650358
0.650472
0.649813
0.649817
0.648967
0.649347
0.641212
0.642803
0.64207
0.642235
0.641596
0.640851
0.640358
0.640651
0.640275
0.640252
0.640593
0.640303
0.64055
0.640115
0.63997
0.639762
0.640773
0.641086
0.641529
0.642082
0.642258
0.64254
0.642368
0.642556
0.642517
0.640311
0.64084
0.641365
0.641937
0.642991
0.644319
0.643826
0.644978
0.645942
0.646643
0.647478
0.64756
0.64796
0.647494
0.648383
0.648861
0.649723
0.649939
0.650362
0.650899
0.651256
0.652349
0.652392
0.652803
0.653223
0.648121
0.65026
0.652118
0.65222
0.653293
0.653607
0.65298
0.653113
0.652862
0.652678
0.652988
0.65296
0.653003
0.652372
0.652271
0.652447
0.652016
0.651796
0.651569
0.651561
0.650789
0.650311
0.65073
0.650523
0.650683
0.643171
0.643771
0.644484
0.645734
0.645954
0.64604
0.647141
0.648093
0.647944
0.647513
0.648164
0.648661
0.649645
0.64941
0.649798
0.64988
0.649571
0.650115
0.650284
0.650437
0.650507
0.650542
0.650734
0.650848
0.651095
0.647431
0.647215
0.64727
0.647341
0.648238
0.64836
0.650162
0.65015
0.649888
0.650636
0.65086
0.650554
0.65193
0.652251
0.653736
0.654367
0.655182
0.65729
0.658689
0.659081
0.66233
0.664203
0.665786
0.666311
0.668212
0.663772
0.669439
0.670246
0.671045
0.672162
0.672797
0.673161
0.675121
0.676418
0.677139
0.679141
0.681297
0.683338
0.684968
0.684686
0.685635
0.688049
0.690502
0.694044
0.695612
0.698708
0.700941
0.701854
0.70323
0.705413
0.703778
0.705256
0.706627
0.709551
0.710178
0.709155
0.708536
0.709923
0.707846
0.711255
0.712647
0.715037
0.715029
0.715738
0.716166
0.717972
0.71622
0.717545
0.716072
0.717455
0.716295
0.719446
0.718435
0.722522
0.723674
0.720265
0.719269
0.722824
0.723208
0.722451
0.724081
0.728757
0.729215
0.730453
0.728106
0.730187
0.727855
0.724548
0.721715
0.719837
0.717964
0.717921
0.722553
0.722526
0.72503
0.725069
0.727463
0.724889
0.727412
0.725817
0.724516
0.723733
0.724371
0.72639
0.729779
0.72407
0.724422
0.723153
0.724983
0.723772
0.72561
0.709053
0.710507
0.709672
0.709249
0.708814
0.711624
0.713587
0.714191
0.712984
0.7141
0.712972
0.713109
0.714528
0.71653
0.711882
0.714285
0.712666
0.706929
0.703144
0.702207
0.697015
0.694518
0.694499
0.691579
0.693053
0.692587
0.691407
0.691795
0.678542
0.676559
0.674184
0.673522
0.673839
0.673361
0.673432
0.676473
0.681504
0.681551
0.683103
0.681704
0.681422
0.678467
0.671445
0.671586
0.670469
0.672076
0.671347
0.675912
0.67699
0.675834
0.671739
0.670073
0.671308
0.673346
0.673424
0.672158
0.674725
0.677817
0.681289
0.683205
0.683844
0.685752
0.687143
0.684628
0.682504
0.682139
0.681943
0.681293
0.68161
0.681692
0.681928
0.676919
0.671139
0.67016
0.66474
0.657651
0.652815
0.651847
0.64881
0.647787
0.645064
0.6381
0.635244
0.632888
0.630482
0.63107
0.627716
0.62433
0.625067
0.612421
0.610559
0.608455
0.601758
0.595711
0.595292
0.592768
0.588564
0.588924
0.586177
0.581314
0.579613
0.576784
0.571462
0.572328
0.56866
0.565435
0.564354
0.56065
0.554337
0.554373
0.554847
0.552872
0.551132
0.554016
0.550375
0.554126
0.560184
0.565263
0.56366
0.559918
0.556379
0.554619
0.548953
0.549564
0.548365
0.54233
0.538831
0.535766
0.537432
0.537067
0.538584
0.54101
0.542573
0.544975
0.545908
0.547178
0.54632
0.547182
0.549239
0.540014
0.543866
0.548973
0.548283
0.55362
0.55719
0.558295
0.563292
0.566152
0.569201
0.573923
0.579895
0.582764
0.584719
0.587165
0.586984
0.585958
0.588701
0.590652
0.596146
0.601781
0.604086
0.608722
0.61121
0.612542
0.605336
0.606535
0.608518
0.614376
0.617825
0.618319
0.618209
0.608686
0.604054
0.596707
0.58798
0.587525
0.587012
0.584911
0.580232
0.580609
0.580961
0.580667
0.578265
0.574581
0.575675
0.579405
0.581349
0.582705
0.58015
0.578418
0.581004
0.587161
0.58798
0.590938
0.590868
0.590029
0.587435
0.588015
0.588618
0.590656
0.592333
0.597941
0.601864
0.612178
0.619428
0.618671
0.619565
0.620827
0.619941
0.59664
0.575898
0.571443
0.559389
0.558366
0.534567
0.539568
0.53644
0.535821
0.534285
0.522392
0.519339
0.51631
0.499965
0.493326
0.485489
0.480461
0.462165
0.451592
0.441039
0.434968
0.428377
0.417456
0.414763
0.412248
0.412146
0.410233
0.407294
0.400578
0.396808
0.391286
0.384088
0.380902
0.37739
0.372864
0.369941
0.376019
0.375024
0.378543
0.379589
0.379847
0.384037
0.384346
0.381854
0.380968
0.387513
0.389676
0.391408
0.389546
0.38814
0.387583
0.386349
0.381877
0.381121
0.376458
0.380126
0.381497
0.375071
0.367033
0.362797
0.354568
0.349148
0.344716
0.338779
0.333301
0.330487
0.326337
0.32216
0.323907
0.323614
0.324989
0.325738
0.32323
0.32328
0.324013
0.320627
0.318609
0.31685
0.312139
0.306269
0.300289
0.297762
0.297303
0.296171
0.29418
0.291531
0.290818
0.285516
0.27876
0.276749
0.276647
0.268677
0.266161
0.263034
0.262219
0.258849
0.249945
0.240971
0.240007
0.239435
0.244224
0.248052
0.253778
0.251509
0.252461
0.250897
0.252249
0.250137
0.249491
0.247355
0.246273
0.247629
0.246277
0.246885
0.243699
0.242343
0.2425
0.238643
0.23237
0.228858
0.221154
0.214539
0.211824
0.204954
0.198484
0.199993
0.197222
0.199801
0.198888
0.197285
0.195545
0.19645
0.195847
0.194025
0.194119
0.191971
0.19038
0.192171
0.196827
0.202599
0.20544
0.212913
0.21626
0.216926
0.218736
0.221507
0.22146
0.230281
0.239173
0.242645
0.248115
0.257308
0.262904
0.273305
0.285445
0.290124
0.305258
0.320549
0.327626
0.337423
0.348737
0.350802
0.355406
0.358776
0.358526
0.357468
0.357295
0.360567
0.369557
0.387944
0.397286
0.416868
0.43016
0.43683
0.447356
0.466675
0.471903
0.47436
0.475363
0.473596
0.463462
0.455859
0.453692
0.44716
0.442986
0.440713
0.433652
0.429533
0.426653
0.418365
0.407012
0.398462
0.387277
0.377563
0.363498
0.356966
0.354113
0.345378
0.337694
0.326866
0.32109
0.312817
0.305591
0.303158
0.301982
0.295794
0.292311
0.285539
0.280053
0.275609
0.271471
0.268034
0.266282
0.257101
0.255157
0.255216
0.256199
0.252151
0.249918
0.246571
0.241453
0.238448
0.231018
0.225516
0.221867
0.212611
0.204931
0.20111
0.195279
0.189832
0.18353
0.178663
0.171598
0.168353
0.159653
0.149598
0.145797
0.13772
0.130992
0.12819
0.122645
0.116328
0.113663
0.112452
0.112056
0.111951
0.112679
0.113342
0.113197
0.113295
0.11277
0.112491
0.112182
0.11188
0.111449
0.106496
0.107503
0.107797
0.107562
0.106574
0.107162
0.107542
0.106739
0.106868
0.106656
0.106476
0.106163
0.105955
0.105708
0.104775
0.104881
0.114325
0.121191
0.136795
0.152604
0.160923
0.173534
0.186512
0.190459
0.195643
0.194926
0.192708
0.193088
0.196795
0.201372
0.209429
0.221013
0.228412
0.232597
0.23246
0.23391
0.238314
0.248958
0.255271
0.273987
0.294043
0.305078
0.322838
0.332548
0.331953
0.328798
0.329304
0.32776
0.321631
0.314616
0.309486
0.305235
0.302084
0.304592
0.303064
0.301202
0.297429
0.298389
0.28782
0.288172
0.28532
0.27789
0.276412
0.274719
0.275938
0.269598
0.261999
0.250999
0.246986
0.237131
0.227887
0.225406
0.220868
0.210327
0.205483
0.197442
0.191309
0.190396
0.185509
0.179702
0.178342
0.171849
0.170261
0.166229
0.160159
0.158149
0.15586
0.148093
0.139919
0.136776
0.129844
0.123244
0.119886
0.115348
0.115207
0.114909
0.114459
0.114153
0.114078
0.11333
0.109349
0.109372
0.10978
0.109885
0.109337
0.108902
0.10849
0.108287
0.107993
0.108298
0.108506
0.109313
0.11054
0.112389
0.11701
0.123421
0.127343
0.134934
0.143434
0.148297
0.157823
0.167926
0.172722
0.182578
0.192524
0.197218
0.209445
0.221166
0.226225
0.239776
0.254158
0.262411
0.277314
0.289297
0.294791
0.305595
0.317692
0.325107
0.338058
0.345476
0.348004
0.358145
0.370266
0.375223
0.382924
0.392207
0.395197
0.402302
0.407381
0.407686
0.404665
0.404379
0.404716
0.403477
0.400198
0.397662
0.389437
0.380126
0.377167
0.366912
0.360403
0.356747
0.348074
0.342337
0.338246
0.32772
0.299615
0.29699
0.282674
0.280551
0.283928
0.28557
0.286691
0.286444
0.290535
0.286072
0.286864
0.283662
0.280339
0.280852
0.275237
0.270217
0.266698
0.261172
0.258903
0.258319
0.256043
0.250302
0.248589
0.244761
0.238342
0.233067
0.225923
0.218595
0.213391
0.204464
0.199679
0.197959
0.194228
0.18915
0.18132
0.177876
0.171786
0.169772
0.162365
0.158431
0.156111
0.150393
0.143928
0.141349
0.13542
0.130173
0.128386
0.125611
0.122919
0.121454
0.119212
0.116234
0.115376
0.11351
0.111641
0.110473
0.108279
0.10599
0.104889
0.0997868
0.0998338
0.1001
0.100249
0.100351
0.100308
0.100508
0.10081
0.100445
0.100484
0.100234
0.100183
0.100269
0.100453
0.100896
0.100429
0.100426
0.100473
0.100915
0.101456
0.101527
0.101194
0.100911
0.1009
0.100998
0.100798
0.100955
0.101154
0.101064
0.101194
0.101249
0.101092
0.101582
0.10108
0.101045
0.101201
0.101002
0.101033
0.100951
0.101966
0.101879
0.102068
0.102381
0.10311
0.103447
0.10329
0.102589
0.102663
0.103063
0.103682
0.103075
0.103423
0.104141
0.103874
0.104321
0.105061
0.105547
0.107891
0.11152
0.113224
0.11813
0.125545
0.129142
0.134072
0.141161
0.14401
0.147646
0.149433
0.150597
0.15231
0.152866
0.153086
0.154124
0.154598
0.155688
0.154583
0.156636
0.160809
0.162381
0.162295
0.162267
0.162914
0.161076
0.158791
0.156444
0.154751
0.153184
0.151001
0.152772
0.156099
0.165677
0.170363
0.170634
0.172276
0.173612
0.174027
0.172334
0.167683
0.165978
0.163223
0.15961
0.158027
0.154101
0.15492
0.155257
0.152937
0.150781
0.149049
0.144997
0.143183
0.143069
0.142305
0.138908
0.137505
0.136349
0.135765
0.134593
0.133817
0.132743
0.130322
0.127508
0.123887
0.121602
0.120415
0.118146
0.11451
0.11364
0.114537
0.114345
0.114443
0.114897
0.115015
0.114157
0.113475
0.112969
0.112056
0.110446
0.110575
0.110732
0.110728
0.111331
0.111986
0.112382
0.112037
0.111108
0.110077
0.109544
0.108902
0.108686
0.108514
0.105978
0.106272
0.107401
0.109086
0.110093
0.110113
0.11112
0.1119
0.112476
0.111594
0.110234
0.109121
0.109
0.107503
0.107362
0.108294
0.108439
0.108812
0.108247
0.10831
0.108455
0.108827
0.108412
0.110708
0.118138
0.125317
0.130902
0.137344
0.145828
0.150248
0.154218
0.156236
0.157737
0.161252
0.16514
0.166637
0.16648
0.167158
0.167816
0.164242
0.162832
0.16057
0.155429
0.147121
0.146479
0.147435
0.150127
0.150676
0.153133
0.14872
0.144735
0.142423
0.140495
0.138821
0.143073
0.148763
0.150154
0.148164
0.14388
0.141753
0.135573
0.128292
0.125263
0.119004
0.114318
0.111958
0.107229
0.103282
0.102256
0.102953
0.103541
0.103423
0.1057
0.113914
0.118264
0.122982
0.128934
0.13127
0.132191
0.132293
0.132547
0.133174
0.134773
0.135553
0.137019
0.137438
0.138093
0.138962
0.137744
0.137838
0.133982
0.127927
0.124252
0.120149
0.119878
0.122684
0.12743
0.13553
0.136717
0.141286
0.13966
0.138257
0.136239
0.133512
0.132406
0.129879
0.127618
0.126015
0.123413
0.120497
0.11855
0.116606
0.113518
0.111712
0.109133
0.106041
0.105293
0.106331
0.109443
0.109917
0.110309
0.11065
0.110967
0.11121
0.110626
0.107613
0.107456
0.108044
0.108502
0.10967
0.110955
0.111261
0.112135
0.112472
0.112319
0.11206
0.112519
0.112813
0.112625
0.112832
0.113044
0.112499
0.113459
0.113894
0.11527
0.116246
0.116018
0.115587
0.118424
0.12103
0.124573
0.130137
0.131779
0.138853
0.143763
0.145977
0.147129
0.14727
0.148074
0.149516
0.1493
0.150166
0.153963
0.154994
0.155311
0.156961
0.158631
0.159399
0.16086
0.161903
0.16211
0.160778
0.161366
0.160868
0.157189
0.152596
0.151138
0.151216
0.146443
0.144331
0.142148
0.144586
0.144378
0.140636
0.144555
0.146573
0.147603
0.147239
0.146447
0.147795
0.1524
0.154171
0.155084
0.150872
0.149343
0.14466
0.138829
0.136462
0.130647
0.124628
0.119898
0.114984
0.111453
0.109211
0.104893
0.10213
0.101593
0.100473
0.099877
0.0997868
0.0998691
0.0999122
0.0999906
0.100018
0.10012
0.100214
0.100351
0.100445
0.100457
0.100457
0.100379
0.10032
0.100382
0.100414
0.100429
0.0985054
0.0987288
0.0988659
0.0988542
0.0988659
0.0990383
0.099297
0.0994145
0.0994185
0.0994812
0.0994459
0.0993989
0.0994537
0.0993949
0.0994537
0.0994851
0.099536
0.0995243
0.0996105
0.0995948
0.0996262
0.0997359
0.0996889
0.0996732
0.0996497
0.09867
0.0985407
0.0984113
0.0985171
0.0986817
0.0986386
0.0984231
0.098623
0.0986425
0.0986504
0.0985916
0.0985328
0.0985446
0.0986974
0.0989208
0.103941
0.106993
0.114016
0.120611
0.123726
0.129068
0.132516
0.133186
0.134754
0.133747
0.13232
0.132779
0.135287
0.137191
0.145272
0.154873
0.160077
0.170097
0.180015
0.185701
0.194138
0.20332
0.205464
0.207297
0.207309
0.208544
0.210538
0.208763
0.209159
0.210111
0.215832
0.220127
0.228604
0.232064
0.232526
0.237127
0.231292
0.230912
0.22784
0.221146
0.217318
0.212114
0.205087
0.204676
0.203144
0.205969
0.206467
0.202701
0.200683
0.199503
0.195588
0.196744
0.193511
0.192065
0.192802
0.191501
0.186955
0.1881
0.189091
0.192606
0.189843
0.189875
0.190133
0.188025
0.188009
0.186991
0.186042
0.183472
0.180768
0.174376
0.170563
0.162169
0.158258
0.15519
0.151851
0.147262
0.144433
0.1416
0.138774
0.137689
0.136517
0.136968
0.13656
0.136243
0.136619
0.134969
0.13504
0.13533
0.135373
0.135498
0.136482
0.136697
0.136266
0.13723
0.137058
0.136839
0.135996
0.135827
0.135228
0.135855
0.135624
0.134985
0.13511
0.13618
0.139131
0.141255
0.142721
0.147545
0.150421
0.1526
0.152337
0.154951
0.155739
0.156785
0.158
0.157479
0.156777
0.155609
0.155323
0.153818
0.152658
0.152231
0.152447
0.152655
0.153105
0.154524
0.15557
0.156307
0.15758
0.158145
0.158356
0.158729
0.158838
0.15963
0.160958
0.157627
0.158443
0.159908
0.160821
0.161213
0.163059
0.164211
0.163267
0.163455
0.16356
0.164505
0.165724
0.165598
0.165202
0.165218
0.166464
0.166805
0.166789
0.166335
0.166221
0.166621
0.165148
0.16572
0.165175
0.1651
0.161879
0.160324
0.159391
0.159066
0.159563
0.158019
0.157996
0.156828
0.156236
0.155217
0.155394
0.156707
0.156836
0.157596
0.157561
0.157365
0.156801
0.157055
0.156824
0.156162
0.156272
0.155942
0.156844
0.157153
0.157189
0.153626
0.15452
0.155966
0.157153
0.157232
0.157847
0.157749
0.157467
0.157694
0.157737
0.157859
0.158627
0.158537
0.158348
0.158627
0.158313
0.158137
0.158235
0.157659
0.157698
0.157925
0.158207
0.1578
0.157882
0.157541
0.156295
0.156612
0.157592
0.157518
0.157792
0.157537
0.158188
0.15838
0.158188
0.158305
0.158431
0.158411
0.15856
0.158392
0.159168
0.162107
0.163611
0.166942
0.170081
0.171382
0.174168
0.172836
0.172636
0.170481
0.168173
0.162549
0.160856
0.159301
0.158709
0.158717
0.158666
0.158752
0.159211
0.159889
0.160214
0.160696
0.160316
0.160335
0.160182
0.160022
0.160104
0.159034
0.158011
0.157784
0.158721
0.161491
0.162835
0.164999
0.16668
0.166343
0.167224
0.168345
0.168459
0.168561
0.168827
0.169211
0.168686
0.168071
0.167934
0.166637
0.166401
0.167961
0.168216
0.168862
0.169474
0.168788
0.168706
0.169454
0.169094
0.169121
0.168984
0.169278
0.170485
0.170853
0.170947
0.167416
0.167777
0.167675
0.16773
0.167993
0.168235
0.168776
0.168764
0.168396
0.16833
0.168424
0.16842
0.169054
0.169113
0.169576
0.16918
0.169054
0.168498
0.168161
0.168141
0.169556
0.170128
0.170794
0.170489
0.170038
0.16753
0.166476
0.166076
0.166464
0.167518
0.170018
0.171751
0.175951
0.179894
0.181724
0.186787
0.19259
0.195855
0.201741
0.209598
0.214002
0.219951
0.225347
0.228075
0.234768
0.241097
0.244941
0.2529
0.260099
0.265553
0.278148
0.284963
0.288208
0.295747
0.301825
0.305109
0.31134
0.31868
0.323715
0.329652
0.335738
0.338908
0.34666
0.352887
0.356754
0.362205
0.367758
0.37125
0.375893
0.380851
0.382837
0.389233
0.3943
0.397909
0.403019
0.41878
0.420881
0.424364
0.426504
0.430254
0.436258
0.441854
0.446486
0.450977
0.454284
0.455174
0.458865
0.468297
0.471648
0.479607
0.486049
0.48976
0.494173
0.499314
0.501399
0.505169
0.508186
0.510804
0.513379
0.515859
0.525358
0.526926
0.52892
0.529477
0.538455
0.549137
0.554259
0.563825
0.569542
0.572426
0.576482
0.582666
0.586632
0.59142
0.596413
0.598709
0.600567
0.605242
0.605888
0.610936
0.615689
0.618107
0.621148
0.623499
0.624863
0.637536
0.640988
0.642419
0.646447
0.64265
0.639582
0.639507
0.639433
0.640232
0.642815
0.646816
0.647588
0.650644
0.652713
0.653881
0.655492
0.656275
0.656852
0.658129
0.659356
0.659896
0.659987
0.659994
0.659336
0.660182
0.663004
0.663596
0.662812
0.663788
0.662079
0.66117
0.660159
0.658431
0.657388
0.657236
0.655911
0.656401
0.656773
0.65644
0.655895
0.655562
0.65508
0.651875
0.650444
0.649441
0.648109
0.64776
0.647572
0.647501
0.646373
0.647905
0.646918
0.645812
0.647247
0.644037
0.645197
0.645111
0.64412
0.643324
0.643728
0.643688
0.642799
0.641302
0.640013
0.64044
0.640001
0.64013
0.639174
0.638637
0.638206
0.636995
0.636639
0.634609
0.633171
0.633147
0.634523
0.635216
0.635733
0.635969
0.63386
0.633421
0.634201
0.634358
0.634217
0.635177
0.634374
0.634436
0.634315
0.634617
0.634291
0.633335
0.633355
0.633488
0.633159
0.631736
0.630619
0.628997
0.629416
0.629855
0.630416
0.628746
0.629013
0.627904
0.626176
0.626807
0.627046
0.626905
0.624581
0.624542
0.623382
0.622425
0.622598
0.621822
0.62085
0.62107
0.620004
0.619886
0.618761
0.618973
0.61904
0.618044
0.617911
0.617284
0.616771
0.615995
0.618605
0.617931
0.616986
0.616481
0.61623
0.616199
0.615203
0.614267
0.613111
0.612797
0.612938
0.612993
0.612538
0.612534
0.612476
0.61199
0.611821
0.612523
0.612766
0.61277
0.613393
0.612977
0.611402
0.610512
0.610755
0.610434
0.610869
0.610744
0.610744
0.611026
0.611022
0.611582
0.611351
0.611715
0.611947
0.61197
0.611606
0.611382
0.61092
0.611038
0.610642
0.610814
0.610254
0.610614
0.611194
0.610653
0.610822
0.610634
0.610356
0.610579
0.612049
0.612499
0.611904
0.612045
0.612656
0.611277
0.610853
0.610806
0.611096
0.611453
0.610732
0.611504
0.611433
0.610943
0.611328
0.611602
0.611853
0.61228
0.611821
0.612374
0.611328
0.610587
0.610171
0.609035
0.608173
0.609098
0.608741
0.609795
0.608823
0.609842
0.609106
0.609686
0.609635
0.608965
0.608569
0.607675
0.606766
0.605837
0.605324
0.60416
0.603768
0.604262
0.604815
0.604791
0.604579
0.604803
0.604501
0.604329
0.60425
0.604881
0.605085
0.605888
0.605841
0.60726
0.608259
0.60764
0.607906
0.608565
0.608616
0.609329
0.609748
0.609564
0.609686
0.610383
0.610779
0.611551
0.61286
0.612605
0.612781
0.613577
0.613836
0.614929
0.615383
0.615423
0.615634
0.617021
0.617249
0.618319
0.61784
0.617472
0.617735
0.618134
0.617958
0.617887
0.618056
0.618385
0.617927
0.618072
0.618385
0.61911
0.618565
0.61795
0.617927
0.618319
0.617884
0.617456
0.616841
0.616422
0.616296
0.615626
0.61489
0.613894
0.613369
0.613107
0.613197
0.612162
0.612679
0.612268
0.61141
0.610622
0.609497
0.608612
0.608247
0.607068
0.60782
0.606809
0.607111
0.607499
0.607667
0.607844
0.608263
0.608126
0.605348
0.604858
0.604744
0.604525
0.605171
0.605892
0.606163
0.605077
0.604791
0.605449
0.605406
0.604795
0.603862
0.602483
0.602267
0.601456
0.601154
0.601441
0.600633
0.600739
0.600155
0.599697
0.599571
0.600241
0.601276
0.602256
0.602659
0.603827
0.600465
0.599842
0.600998
0.602032
0.602953
0.60347
0.603929
0.603925
0.603929
0.603306
0.603243
0.6034
0.603843
0.6038
0.604278
0.604352
0.604732
0.604431
0.604305
0.604427
0.60438
0.604344
0.603541
0.603529
0.60322
0.602177
0.601374
0.601582
0.601484
0.602416
0.60273
0.603
0.60387
0.604916
0.604995
0.60608
0.607111
0.607832
0.608549
0.609258
0.609791
0.610461
0.611433
0.612068
0.613683
0.61467
0.615297
0.615666
0.615493
0.615121
0.616316
0.61565
0.615227
0.614419
0.613898
0.613122
0.612448
0.612421
0.612617
0.612389
0.612158
0.611986
0.611974
0.611559
0.611692
0.611159
0.611559
0.611645
0.611394
0.611488
0.611343
0.611727
0.612244
0.612511
0.61583
0.622081
0.62181
0.621908
0.621943
0.621908
0.622245
0.622414
0.622927
0.623346
0.623652
0.624216
0.625141
0.626058
0.626493
0.628064
0.628394
0.628578
0.629099
0.629354
0.629585
0.629659
0.630259
0.630808
0.630216
0.628468
0.62993
0.629079
0.628476
0.628276
0.627661
0.627057
0.626756
0.626207
0.625537
0.625184
0.624534
0.623358
0.622876
0.621794
0.621054
0.620901
0.62125
0.621167
0.620791
0.621011
0.620783
0.62045
0.620936
0.620968
0.621046
0.619345
0.619181
0.619091
0.619604
0.619353
0.619012
0.619012
0.619185
0.619686
0.619721
0.619894
0.619784
0.618471
0.618119
0.618221
0.620392
0.620525
0.620262
0.620897
0.620732
0.620176
0.619988
0.619651
0.619384
0.618914
0.620399
0.620776
0.620172
0.619976
0.619772
0.619902
0.619651
0.620345
0.620149
0.620352
0.620443
0.620231
0.620352
0.620243
0.620486
0.620364
0.620341
0.620317
0.620247
0.62038
0.620266
0.620411
0.620086
0.620576
0.620576
0.618946
0.618667
0.61902
0.618942
0.618616
0.618934
0.619134
0.619192
0.61987
0.620086
0.620533
0.621011
0.621097
0.621602
0.6221
0.622288
0.62268
0.622621
0.622664
0.622927
0.623288
0.623546
0.623503
0.623566
0.623562
0.62386
0.623695
0.62382
0.623299
0.623193
0.623366
0.623162
0.623174
0.62221
0.62406
0.624416
0.624788
0.624734
0.624804
0.625004
0.624628
0.624992
0.625329
0.625643
0.625212
0.625709
0.626285
0.62627
0.626109
0.626889
0.626916
0.626607
0.627061
0.626861
0.627147
0.626795
0.626434
0.626505
0.626332
0.622429
0.622159
0.621959
0.621979
0.621058
0.62049
0.620466
0.620509
0.619855
0.619796
0.620623
0.62083
0.620286
0.621254
0.621602
0.621767
0.622316
0.622547
0.622978
0.623468
0.624052
0.624428
0.625047
0.625682
0.626105
0.627677
0.629236
0.629683
0.63042
0.629428
0.628821
0.627743
0.627504
0.627665
0.627602
0.628053
0.628045
0.628131
0.628954
0.629428
0.631109
0.632881
0.63357
0.636733
0.639264
0.640107
0.641361
0.641435
0.641851
0.642838
0.644229
0.644131
0.644237
0.643641
0.643657
0.643265
0.642282
0.642242
0.641388
0.639981
0.639268
0.636502
0.63573
0.63531
0.635055
0.635114
0.635083
0.635248
0.634315
0.633923
0.633598
0.633159
0.633222
0.63292
0.631897
0.62848
0.627829
0.627955
0.626262
0.624491
0.62239
0.622888
0.623158
0.622719
0.622735
0.62221
0.621454
0.621085
0.621246
0.620638
0.620928
0.620392
0.621618
0.6217
0.621246
0.621222
0.621234
0.621109
0.620258
0.620219
0.621634
0.62172
0.622143
0.620599
0.620215
0.619972
0.619212
0.620423
0.620262
0.621124
0.62036
0.620286
0.619945
0.619573
0.619714
0.619631
0.619808
0.619686
0.619741
0.619533
0.619365
0.619659
0.619369
0.619345
0.61931
0.615869
0.616069
0.615932
0.615838
0.615858
0.616069
0.61576
0.615767
0.61556
0.615368
0.615266
0.615172
0.615148
0.614835
0.614897
0.614835
0.615074
0.615011
0.614995
0.615238
0.615391
0.61485
0.615344
0.614776
0.61498
0.614278
0.61467
0.614737
0.614537
0.614212
0.61458
0.614999
0.61489
0.61525
0.615207
0.614533
0.614655
0.614192
0.614717
0.614662
0.614941
0.615031
0.614564
0.614192
0.613404
0.613275
0.613138
0.611018
0.610395
0.610516
0.606092
0.605806
0.606214
0.607867
0.6092
0.60976
0.60891
0.610019
0.611504
0.612221
0.612962
0.614451
0.615556
0.615685
0.615791
0.616128
0.616532
0.6171
0.617241
0.616951
0.61692
0.6167
0.61679
0.616712
0.616434
0.617578
0.61739
0.617429
0.617754
0.617166
0.617072
0.617143
0.617421
0.617339
0.617021
0.616931
0.616735
0.616622
0.616696
0.618612
0.620638
0.621708
0.621567
0.623393
0.624052
0.624016
0.626156
0.627465
0.630043
0.632826
0.642431
0.642724
0.64332
0.643496
0.644092
0.644656
0.64553
0.646161
0.64631
0.647262
0.648058
0.649128
0.64961
0.650158
0.65122
0.651467
0.652545
0.653011
0.653638
0.654316
0.654896
0.655433
0.655402
0.655472
0.655511
0.659751
0.660798
0.660849
0.66106
0.661174
0.661295
0.661131
0.66164
0.661319
0.661483
0.661621
0.661284
0.660817
0.660978
0.660625
0.660453
0.660621
0.660566
0.659912
0.659414
0.659226
0.658215
0.658544
0.658384
0.659128
0.664223
0.664975
0.665771
0.666092
0.666092
0.666594
0.667009
0.667318
0.667009
0.667005
0.667624
0.667652
0.66735
0.665731
0.665073
0.664583
0.664838
0.66483
0.665316
0.665261
0.665159
0.665018
0.665097
0.664234
0.662404
0.659077
0.657016
0.658909
0.659414
0.65762
0.655903
0.655292
0.656033
0.659528
0.660539
0.661824
0.663854
0.66282
0.663678
0.6634
0.663654
0.664528
0.66378
0.663482
0.662706
0.663227
0.66204
0.662016
0.661832
0.661319
0.658544
0.659438
0.659058
0.657772
0.657855
0.658294
0.657886
0.657185
0.657788
0.657823
0.655358
0.657514
0.656534
0.65816
0.657953
0.657772
0.658874
0.658862
0.659222
0.658866
0.658051
0.658952
0.657745
0.659073
0.658396
0.670214
0.671214
0.672005
0.671457
0.670767
0.671457
0.671112
0.671794
0.672409
0.672758
0.672178
0.671053
0.671143
0.670873
0.670696
0.670406
0.670693
0.669086
0.667601
0.668639
0.668004
0.66813
0.668768
0.669384
0.670783
0.672201
0.671747
0.671731
0.673161
0.672632
0.672601
0.672084
0.671625
0.67092
0.671935
0.670755
0.670301
0.6678
0.667742
0.664795
0.666691
0.665155
0.666907
0.666347
0.668921
0.670085
0.670888
0.671417
0.670606
0.670622
0.667953
0.668612
0.669646
0.669262
0.669826
0.669262
0.669297
0.667248
0.66764
0.667597
0.667479
0.667162
0.667542
0.667608
0.666907
0.667017
0.66697
0.667256
0.667616
0.667526
0.667534
0.66833
0.669058
0.670967
0.670881
0.674721
0.674525
0.673169
0.674737
0.673816
0.672703
0.673918
0.673737
0.671786
0.670583
0.670167
0.670113
0.6688
0.670305
0.671394
0.672017
0.671664
0.672092
0.673635
0.671974
0.672632
0.674102
0.671006
0.664752
0.663741
0.661064
0.663059
0.664658
0.666064
0.664701
0.662984
0.662969
0.662338
0.66195
0.662299
0.662737
0.664058
0.664019
0.66269
0.661217
0.661362
0.661985
0.661926
0.66213
0.667593
0.667706
0.669141
0.668945
0.66862
0.669274
0.689397
0.687825
0.687896
0.68625
0.685368
0.684581
0.684071
0.682053
0.682061
0.680779
0.681007
0.681618
0.681696
0.681473
0.682131
0.681273
0.680446
0.680697
0.679396
0.67922
0.678816
0.675979
0.674889
0.674212
0.673557
0.676943
0.675579
0.674976
0.675505
0.67545
0.675031
0.674799
0.672244
0.67128
0.669446
0.668761
0.667695
0.667358
0.667079
0.665869
0.665865
0.666445
0.667017
0.666425
0.666527
0.665273
0.665347
0.665245
0.664454
0.666927
0.669995
0.671331
0.671684
0.672158
0.674035
0.674094
0.674208
0.674839
0.675536
0.675697
0.675897
0.679365
0.677805
0.677934
0.677053
0.676555
0.675912
0.675861
0.675391
0.674219
0.674313
0.675716
0.674435
0.674933
0.67565
0.684122
0.684549
0.685885
0.68837
0.687911
0.688107
0.688241
0.688178
0.686638
0.687794
0.688574
0.688276
0.685211
0.685333
0.684776
0.684451
0.685176
0.680438
0.679314
0.680015
0.679561
0.680674
0.681712
0.681504
0.682511
0.676661
0.677742
0.679016
0.679635
0.681602
0.684392
0.68413
0.684436
0.686454
0.6877
0.68752
0.68819
0.68817
0.688589
0.689256
0.690533
0.690216
0.690102
0.691144
0.691423
0.69232
0.694083
0.696012
0.69839
0.698288
0.703101
0.702822
0.705079
0.706063
0.709598
0.708853
0.711091
0.712937
0.710797
0.709363
0.708301
0.708469
0.708575
0.710495
0.712145
0.715582
0.718364
0.718062
0.720084
0.722283
0.72242
0.724085
0.732793
0.733792
0.735195
0.734125
0.734196
0.737299
0.740301
0.741571
0.744036
0.746073
0.748021
0.752191
0.75252
0.75348
0.753887
0.753272
0.752535
0.752951
0.754001
0.753386
0.753503
0.754855
0.755106
0.745658
0.741747
0.740822
0.717706
0.711056
0.711385
0.707654
0.701964
0.699288
0.680039
0.677417
0.674564
0.675305
0.675144
0.675552
0.638923
0.640197
0.638437
0.637301
0.642454
0.642803
0.613342
0.6173
0.616445
0.62025
0.627594
0.628735
0.628817
0.636697
0.640032
0.6354
0.642148
0.645765
0.648771
0.653752
0.655119
0.655766
0.656761
0.657678
0.659403
0.660939
0.6628
0.664654
0.668459
0.671684
0.681528
0.687379
0.687911
0.688217
0.691842
0.692657
0.689965
0.686242
0.65885
0.652419
0.64055
0.643187
0.644935
0.646471
0.64613
0.644841
0.643555
0.644637
0.644029
0.642583
0.642674
0.642583
0.641043
0.64238
0.639272
0.640487
0.642901
0.645946
0.646874
0.645107
0.644225
0.646106
0.646169
0.638351
0.631086
0.618338
0.617025
0.617488
0.606296
0.60081
0.595625
0.595018
0.593485
0.584668
0.581043
0.579002
0.578496
0.57714
0.576823
0.579213
0.579284
0.583685
0.581772
0.580268
0.57627
0.572798
0.571881
0.568672
0.568746
0.566438
0.540731
0.540892
0.539485
0.537585
0.53791
0.536448
0.53557
0.537977
0.536409
0.540151
0.542534
0.543725
0.547303
0.546461
0.543498
0.539869
0.535692
0.533917
0.532878
0.535226
0.532302
0.531946
0.532561
0.5322
0.531742
0.523524
0.524543
0.530135
0.532098
0.533486
0.535018
0.535602
0.536797
0.538419
0.53528
0.537667
0.54108
0.538968
0.537169
0.536965
0.535966
0.53474
0.534164
0.529406
0.529551
0.524653
0.519496
0.51834
0.51446
0.503448
0.502069
0.496148
0.492699
0.48764
0.481997
0.478263
0.474626
0.466385
0.457674
0.452344
0.446599
0.440235
0.436908
0.429796
0.420779
0.418823
0.419137
0.416684
0.41581
0.421727
0.421672
0.422209
0.428244
0.430482
0.433389
0.435129
0.438954
0.439518
0.437547
0.438037
0.436779
0.430744
0.427562
0.427558
0.425332
0.424168
0.426285
0.422809
0.426155
0.426143
0.427829
0.427836
0.429028
0.428851
0.427868
0.430007
0.4354
0.442265
0.442837
0.440753
0.435893
0.437669
0.439589
0.441246
0.443723
0.44886
0.446317
0.447485
0.445537
0.444801
0.442367
0.439687
0.435721
0.433303
0.429608
0.42514
0.422483
0.426336
0.431101
0.434392
0.442563
0.44495
0.449444
0.455648
0.464508
0.46064
0.469755
0.473074
0.474983
0.477698
0.479869
0.471491
0.470864
0.469085
0.453775
0.451682
0.448649
0.446313
0.425971
0.429098
0.43
0.431591
0.418878
0.41918
0.418192
0.416782
0.41657
0.418349
0.415626
0.410751
0.402878
0.408305
0.412538
0.420077
0.42148
0.422766
0.422487
0.434792
0.436273
0.45372
0.466342
0.470464
0.491234
0.497331
0.500506
0.517521
0.52245
0.524794
0.541053
0.548185
0.548632
0.559079
0.564561
0.566485
0.569562
0.566752
0.565016
0.564314
0.559514
0.557907
0.579304
0.580197
0.580154
0.576525
0.594246
0.596957
0.597718
0.595555
0.594783
0.594665
0.593325
0.59048
0.595645
0.597569
0.595339
0.594097
0.59124
0.594316
0.595394
0.594054
0.586185
0.585507
0.582497
0.578955
0.571893
0.566916
0.564083
0.557515
0.551908
0.548851
0.54525
0.53963
0.539948
0.495819
0.492323
0.492284
0.490638
0.491332
0.490693
0.487284
0.459269
0.460738
0.455064
0.456533
0.455765
0.450502
0.430438
0.43038
0.428722
0.425121
0.423565
0.416574
0.411554
0.407526
0.403748
0.398442
0.396416
0.392203
0.391647
0.393496
0.3941
0.394382
0.396502
0.399966
0.406652
0.408109
0.407776
0.412941
0.417652
0.423118
0.428111
0.431959
0.436301
0.439005
0.438589
0.43603
0.434847
0.437061
0.438825
0.442759
0.444593
0.443292
0.442418
0.440568
0.44156
0.445432
0.447724
0.445588
0.446278
0.446478
0.442418
0.439432
0.437441
0.432378
0.428479
0.421461
0.41447
0.407949
0.403756
0.370392
0.36208
0.359807
0.352879
0.345578
0.342737
0.339535
0.33865
0.340225
0.34088
0.34289
0.342827
0.341424
0.339602
0.338172
0.350492
0.357738
0.358341
0.35851
0.359533
0.35987
0.357111
0.36498
0.368174
0.371211
0.378609
0.378264
0.386541
0.390232
0.388527
0.39082
0.394123
0.395182
0.398226
0.402658
0.403713
0.39515
0.402204
0.401867
0.401573
0.400875
0.400699
0.400213
0.394484
0.394006
0.387983
0.376571
0.376054
0.372837
0.368177
0.367974
0.360646
0.331804
0.32647
0.320882
0.310141
0.29407
0.285351
0.280582
0.279802
0.279167
0.272842
0.274045
0.280688
0.285249
0.289681
0.295591
0.30036
0.301163
0.301947
0.299976
0.297828
0.298683
0.299474
0.298992
0.302397
0.305235
0.307178
0.308409
0.311136
0.309988
0.31116
0.306297
0.306587
0.305748
0.307331
0.309052
0.316803
0.322708
0.325052
0.337568
0.342686
0.346558
0.354266
0.369812
0.374518
0.385941
0.391886
0.392995
0.392168
0.390303
0.391459
0.386893
0.387418
0.390275
0.388876
0.379507
0.379244
0.377716
0.377179
0.374357
0.369024
0.362049
0.355853
0.346844
0.335511
0.330871
0.32464
0.320772
0.321368
0.322579
0.323633
0.315737
0.314216
0.314201
0.314969
0.305936
0.297515
0.292166
0.279579
0.266839
0.260698
0.252398
0.243914
0.24065
0.232244
0.227816
0.227742
0.221546
0.220472
0.216883
0.21258
0.202423
0.201894
0.200534
0.200189
0.199687
0.195569
0.191415
0.190784
0.18844
0.182229
0.180113
0.175395
0.170908
0.170822
0.167565
0.162099
0.159481
0.155163
0.147944
0.143751
0.13533
0.12942
0.12752
0.122124
0.119851
0.117805
0.114176
0.110563
0.108933
0.102718
0.100864
0.1011
0.101241
0.101276
0.101472
0.101268
0.101217
0.101378
0.101441
0.101495
0.101609
0.101664
0.10177
0.101719
0.101711
0.101519
0.101292
0.10119
0.101119
0.101088
0.101107
0.100947
0.100806
0.100759
0.0988111
0.09896
0.0990579
0.0990854
0.0993009
0.0993989
0.0995674
0.0995478
0.099728
0.0995164
0.0995047
0.0994616
0.0994459
0.0995948
0.100629
0.100578
0.100563
0.100535
0.100555
0.100637
0.100911
0.100915
0.100908
0.10088
0.100825
0.101264
0.101021
0.101025
0.100994
0.101123
0.10117
0.10139
0.101272
0.101194
0.10119
0.101484
0.101511
0.101503
0.101535
0.101056
0.101041
0.101127
0.101115
0.100998
0.100798
0.100798
0.100649
0.100821
0.100864
0.100739
0.101084
0.101041
0.100998
0.100837
0.100872
0.101009
0.101303
0.101354
0.101256
0.101198
0.101119
0.100927
0.101049
0.100998
0.0994929
0.0995439
0.0993832
0.0994616
0.0994498
0.0996144
0.0998613
0.0999906
0.10003
0.0999945
0.099826
0.100018
0.0999553
0.0997202
0.0995399
0.100524
0.10186
0.102561
0.103976
0.10563
0.106272
0.107444
0.108953
0.109544
0.110822
0.110066
0.109223
0.108145
0.10686
0.106076
0.104807
0.103666
0.103024
0.104916
0.110657
0.113902
0.120015
0.125576
0.126948
0.12884
0.129471
0.129507
0.130047
0.136353
0.140816
0.149625
0.155425
0.15961
0.168553
0.174533
0.173357
0.173385
0.173169
0.171253
0.169956
0.170559
0.168847
0.173443
0.17844
0.181046
0.186132
0.189236
0.190443
0.188977
0.187731
0.184338
0.178393
0.170661
0.166695
0.163294
0.159834
0.159113
0.157185
0.153434
0.153223
0.149657
0.149461
0.148634
0.147255
0.144605
0.143367
0.143022
0.142101
0.143587
0.147305
0.151244
0.151146
0.151977
0.15249
0.151553
0.150433
0.149159
0.149128
0.149136
0.150801
0.149962
0.150198
0.152835
0.153862
0.154324
0.153164
0.152933
0.15539
0.156918
0.15635
0.155476
0.153662
0.152639
0.151052
0.152051
0.152866
0.151988
0.154798
0.152615
0.150444
0.147541
0.146526
0.145048
0.14508
0.148011
0.152709
0.154375
0.154571
0.152913
0.15354
0.15019
0.147964
0.144029
0.141866
0.136662
0.134738
0.13428
0.130329
0.126497
0.124812
0.120301
0.118119
0.118087
0.117515
0.118107
0.116328
0.112864
0.11005
0.108831
0.108001
0.108765
0.108894
0.109121
0.109646
0.109913
0.10882
0.109317
0.10967
0.110371
0.110724
0.110701
0.109819
0.109113
0.108467
0.10813
0.107758
0.108004
0.112754
0.120968
0.125208
0.136239
0.148442
0.154222
0.166413
0.176982
0.182366
0.191999
0.201674
0.205953
0.213767
0.223443
0.228905
0.238463
0.248095
0.25542
0.264378
0.274347
0.279853
0.287259
0.297856
0.301449
0.30741
0.315905
0.319942
0.328704
0.33836
0.343239
0.350974
0.353286
0.353647
0.354211
0.354019
0.354619
0.35369
0.349563
0.341467
0.341487
0.33082
0.328151
0.321321
0.306175
0.302366
0.295285
0.283772
0.278074
0.274531
0.272744
0.268943
0.262379
0.258241
0.256544
0.25078
0.24266
0.239012
0.233671
0.227655
0.224544
0.216228
0.203963
0.198347
0.18806
0.180399
0.177198
0.170054
0.164642
0.162929
0.158505
0.153858
0.150852
0.14363
0.133688
0.130345
0.121697
0.115395
0.111723
0.105069
0.0990031
0.0978235
0.0976354
0.0974983
0.0977961
0.0983526
0.0985563
0.0987484
0.099681
0.0984427
0.0990814
0.0982389
0.0973259
0.0968047
0.0962286
0.096209
0.0961228
0.0961933
0.0962756
0.0962756
0.0962639
0.0962364
0.0962325
0.0962639
0.0962168
0.09626
0.0962678
0.0963383
0.0963658
0.0964324
0.0964951
0.0965108
0.0965108
0.0965147
0.0958642
0.0959739
0.096307
0.0965225
0.0965852
0.0965264
0.0963579
0.0963775
0.0965225
0.0965303
0.096452
0.096452
0.0966401
0.0965421
0.0966009
0.0966166
0.0966518
0.096738
0.0968125
0.0967184
0.0967184
0.0967459
0.0967811
0.096738
0.0967028
0.0950177
0.0951274
0.0951509
0.0952293
0.0951823
0.0952685
0.0953077
0.0952411
0.095245
0.0952411
0.095292
0.0966009
0.0966009
0.0967184
0.096836
0.0968517
0.0969065
0.096789
0.0966989
0.0968047
0.0966753
0.0967341
0.0965774
0.0966989
0.0966205
0.0968203
0.096691
0.0966753
0.0968282
0.0967145
0.0968047
0.0968321
0.0968948
0.0969222
0.0968674
0.0968282
0.095872
0.096115
0.0962874
0.0963227
0.0965186
0.0965186
0.0965499
0.0965891
0.0965499
0.0964402
0.0964324
0.0966205
0.0967616
0.0967028
0.0967694
0.0968086
0.0967772
0.0966753
0.0966166
0.0966205
0.0966322
0.0966244
0.0965656
0.0965735
0.0965539
0.0962521
0.0961659
0.0962795
0.0963814
0.0962795
0.0963109
0.0963187
0.0963932
0.0964481
0.0964128
0.0963031
0.0964912
0.0966205
0.0993675
0.102738
0.109646
0.11681
0.119647
0.12433
0.129522
0.132038
0.136129
0.13832
0.138688
0.139296
0.141831
0.141706
0.141063
0.141369
0.14216
0.143163
0.144441
0.145671
0.147039
0.147352
0.148085
0.148838
0.147858
0.147208
0.146294
0.146392
0.147255
0.14941
0.148842
0.14852
0.153188
0.160947
0.165148
0.172754
0.182339
0.183989
0.191603
0.203492
0.206106
0.210848
0.214226
0.216608
0.219363
0.226198
0.228035
0.231758
0.23418
0.235422
0.236049
0.237186
0.236292
0.236617
0.23748
0.238048
0.237574
0.238369
0.237832
0.236363
0.236665
0.235297
0.235634
0.234298
0.231982
0.229489
0.224038
0.222244
0.218646
0.215633
0.214144
0.212082
0.211224
0.211232
0.212545
0.211706
0.211204
0.211075
0.21345
0.213422
0.214402
0.2149
0.214543
0.212043
0.20941
0.208638
0.209613
0.209731
0.21057
0.21086
0.212313
0.212408
0.211534
0.210875
0.212768
0.214665
0.220437
0.224003
0.23014
0.236155
0.2388
0.244447
0.25056
0.253562
0.255741
0.250133
0.249526
0.250451
0.250513
0.251952
0.250368
0.249201
0.245615
0.245333
0.243256
0.24192
0.240642
0.239925
0.240137
0.239921
0.239662
0.240524
0.240877
0.241955
0.242025
0.241637
0.24114
0.240419
0.241802
0.246015
0.247363
0.253092
0.258515
0.260855
0.265973
0.267529
0.267909
0.269997
0.270965
0.271443
0.272556
0.273501
0.272733
0.271416
0.27091
0.269907
0.267301
0.265064
0.263943
0.262928
0.262375
0.26254
0.262955
0.264225
0.26439
0.264636
0.265644
0.266439
0.268022
0.270287
0.272278
0.277251
0.283
0.285825
0.28954
0.293796
0.295383
0.29918
0.303452
0.304831
0.30525
0.304506
0.304784
0.308605
0.312183
0.312112
0.312939
0.314307
0.317214
0.320635
0.32299
0.324864
0.328837
0.332117
0.333783
0.335221
0.335813
0.337259
0.340746
0.342909
0.343583
0.34626
0.347729
0.348376
0.351683
0.353921
0.354944
0.355199
0.355277
0.355355
0.355826
0.355457
0.356155
0.35764
0.356511
0.3561
0.354427
0.352734
0.352553
0.351868
0.350143
0.350355
0.346166
0.344939
0.345112
0.34434
0.34383
0.342388
0.341025
0.341095
0.342369
0.344516
0.349654
0.352095
0.358675
0.364772
0.367453
0.373762
0.37953
0.382716
0.389895
0.397568
0.400476
0.407157
0.413474
0.417699
0.423126
0.426896
0.430019
0.433338
0.43529
0.440122
0.443433
0.44716
0.452634
0.457944
0.459178
0.459735
0.461835
0.468462
0.469018
0.470296
0.473102
0.474438
0.475218
0.475555
0.475473
0.474716
0.474438
0.474293
0.473392
0.472847
0.472228
0.473404
0.475339
0.476993
0.47963
0.481629
0.483071
0.486159
0.494784
0.498472
0.505741
0.510071
0.513527
0.518395
0.521714
0.524621
0.528391
0.532725
0.534673
0.538991
0.542483
0.545148
0.547491
0.551598
0.553781
0.555791
0.558327
0.560153
0.562919
0.566282
0.567974
0.569432
0.570843
0.570921
0.573249
0.575408
0.575753
0.577599
0.577924
0.579641
0.581373
0.58294
0.583943
0.58399
0.584504
0.584229
0.583606
0.583042
0.582239
0.580424
0.57303
0.572465
0.570917
0.568919
0.56839
0.568018
0.568672
0.569746
0.569413
0.569973
0.570004
0.570463
0.570514
0.569232
0.566717
0.567704
0.56703
0.567684
0.565709
0.565388
0.566031
0.565474
0.565427
0.564479
0.564687
0.563198
0.563491
0.563025
0.562092
0.561583
0.56069
0.56085
0.560255
0.560274
0.560376
0.560693
0.561125
0.560897
0.561728
0.561614
0.561332
0.560795
0.561062
0.561238
0.56096
0.56096
0.561038
0.561583
0.561489
0.561477
0.563919
0.564334
0.563797
0.563742
0.563562
0.563958
0.564001
0.563476
0.563166
0.562951
0.562331
0.562171
0.561802
0.562343
0.561944
0.561987
0.561489
0.562845
0.562014
0.56221
0.562708
0.56426
0.565094
0.566191
0.566176
0.579601
0.579162
0.578943
0.579198
0.580628
0.580091
0.580029
0.579253
0.577709
0.576024
0.575918
0.575212
0.574679
0.574558
0.574056
0.573629
0.573915
0.575228
0.575259
0.574969
0.574734
0.574985
0.574895
0.574699
0.574719
0.578716
0.578285
0.580628
0.579711
0.580142
0.580091
0.579601
0.578755
0.578967
0.578492
0.580166
0.579394
0.578978
0.580558
0.581502
0.580934
0.580993
0.581388
0.581569
0.581047
0.579233
0.579347
0.578806
0.577912
0.578253
0.580467
0.580456
0.580706
0.580691
0.581569
0.582011
0.589183
0.59097
0.593074
0.595449
0.603051
0.603788
0.604517
0.605849
0.606562
0.612013
0.623683
0.625905
0.629456
0.630933
0.632959
0.634863
0.6354
0.636192
0.636204
0.636407
0.636505
0.635812
0.635933
0.636051
0.636513
0.636682
0.637042
0.637242
0.637074
0.637411
0.637046
0.63685
0.636404
0.63627
0.636415
0.636278
0.636513
