0.1125
0.1125
0.1125
0.1125
0.1125
0.1125
0.1125
0.1125
0.1125
0.1125
0.1125
0.1125
0.158021
0.158021
0.158021
0.158021
0.158021
0.158021
0.158021
0.158021
0.158021
0.158021
0.158021
0.158021
0.192396
0.192396
0.192396
0.192396
0.192396
0.192396
0.192396
0.192396
0.192396
0.192396
0.192396
0.192396
0.197465
0.197465
0.197465
0.197465
0.197465
0.197465
0.197465
0.197465
0.197465
0.197465
0.197465
0.197465
0.204479
0.204479
0.204479
0.204479
0.204479
0.204479
0.204479
0.204479
0.204479
0.204479
0.204479
0.204479
0.226667
0.226667
0.226667
0.226667
0.226667
0.226667
0.226667
0.226667
0.226667
0.226667
0.226667
0.226667
0.221424
0.221424
0.221424
0.221424
0.221424
0.221424
0.221424
0.221424
0.221424
0.221424
0.221424
0.221424
0.250208
0.250208
0.250208
0.250208
0.250208
0.250208
0.250208
0.250208
0.250208
0.250208
0.250208
0.250208
0.336806
0.336806
0.336806
0.336806
0.336806
0.336806
0.336806
0.336806
0.336806
0.336806
0.336806
0.336806
0.355104
0.355104
0.355104
0.355104
0.355104
0.355104
0.355104
0.355104
0.355104
0.355104
0.355104
0.355104
0.344271
0.344271
0.344271
0.344271
0.344271
0.344271
0.344271
0.344271
0.344271
0.344271
0.344271
0.344271
0.347674
0.347674
0.347674
0.347674
0.347674
0.347674
0.347674
0.347674
0.347674
0.347674
0.347674
0.347674
0.359479
0.359479
0.359479
0.359479
0.359479
0.359479
0.359479
0.359479
0.359479
0.359479
0.359479
0.359479
0.345069
0.345069
0.345069
0.345069
0.345069
0.345069
0.345069
0.345069
0.345069
0.345069
0.345069
0.345069
0.324201
0.324201
0.324201
0.324201
0.324201
0.324201
0.324201
0.324201
0.324201
0.324201
0.324201
0.324201
0.319688
0.319688
0.319688
0.319688
0.319688
0.319688
0.319688
0.319688
0.319688
0.319688
0.319688
0.319688
0.307812
0.307812
0.307812
0.307812
0.307812
0.307812
0.307812
0.307812
0.307812
0.307812
0.307812
0.307812
0.301701
0.301701
0.301701
0.301701
0.301701
0.301701
0.301701
0.301701
0.301701
0.301701
0.301701
0.301701
0.301771
0.301771
0.301771
0.301771
0.301771
0.301771
0.301771
0.301771
0.301771
0.301771
0.301771
0.301771
0.305694
0.305694
0.305694
0.305694
0.305694
0.305694
0.305694
0.305694
0.305694
0.305694
0.305694
0.305694
0.306319
0.306319
0.306319
0.306319
0.306319
0.306319
0.306319
0.306319
0.306319
0.306319
0.306319
0.306319
0.307188
0.307188
0.307188
0.307188
0.307188
0.307188
0.307188
0.307188
0.307188
0.307188
0.307188
0.307188
0.310451
0.310451
0.310451
0.310451
0.310451
0.310451
0.310451
0.310451
0.310451
0.310451
0.310451
0.310451
0.304688
0.304688
0.304688
0.304688
0.304688
0.304688
0.304688
0.304688
0.304688
0.304688
0.304688
0.304688
0.340833
0.340833
0.340833
0.340833
0.340833
0.340833
0.340833
0.340833
0.340833
0.340833
0.340833
0.340833
0.322292
0.322292
0.322292
0.322292
0.322292
0.322292
0.322292
0.322292
0.322292
0.322292
0.322292
0.322292
0.317882
0.317882
0.317882
0.317882
0.317882
0.317882
0.317882
0.317882
0.317882
0.317882
0.317882
0.317882
0.306667
0.306667
0.306667
0.306667
0.306667
0.306667
0.306667
0.306667
0.306667
0.306667
0.306667
0.306667
0.309167
0.309167
0.309167
0.309167
0.309167
0.309167
0.309167
0.309167
0.309167
0.309167
0.309167
0.309167
0.321562
0.321562
0.321562
0.321562
0.321562
0.321562
0.321562
0.321562
0.321562
0.321562
0.321562
0.321562
0.316979
0.316979
0.316979
0.316979
0.316979
0.316979
0.316979
0.316979
0.316979
0.316979
0.316979
0.316979
0.321354
0.321354
0.321354
0.321354
0.321354
0.321354
0.321354
0.321354
0.321354
0.321354
0.321354
0.321354
0.318229
0.318229
0.318229
0.318229
0.318229
0.318229
0.318229
0.318229
0.318229
0.318229
0.318229
0.318229
0.341354
0.341354
0.341354
0.341354
0.341354
0.341354
0.341354
0.341354
0.341354
0.341354
0.341354
0.341354
0.371458
0.371458
0.371458
0.371458
0.371458
0.371458
0.371458
0.371458
0.371458
0.371458
0.371458
0.371458
0.4275
0.4275
0.4275
0.4275
0.4275
0.4275
0.4275
0.4275
0.4275
0.4275
0.4275
0.4275
0.520521
0.520521
0.520521
0.520521
0.520521
0.520521
0.520521
0.520521
0.520521
0.520521
0.520521
0.520521
0.585625
0.585625
0.585625
0.585625
0.585625
0.585625
0.585625
0.585625
0.585625
0.585625
0.585625
0.585625
0.625208
0.625208
0.625208
0.625208
0.625208
0.625208
0.625208
0.625208
0.625208
0.625208
0.625208
0.625208
0.65
0.65
0.65
0.65
0.65
0.65
0.65
0.65
0.65
0.65
0.65
0.65
0.664896
0.664896
0.664896
0.664896
0.664896
0.664896
0.664896
0.664896
0.664896
0.664896
0.664896
0.664896
0.668993
0.668993
0.668993
0.668993
0.668993
0.668993
0.668993
0.668993
0.668993
0.668993
0.668993
0.668993
0.682292
0.682292
0.682292
0.682292
0.682292
0.682292
0.682292
0.682292
0.682292
0.682292
0.682292
0.682292
0.711493
0.711493
0.711493
0.711493
0.711493
0.711493
0.711493
0.711493
0.711493
0.711493
0.711493
0.711493
0.754549
0.754549
0.754549
0.754549
0.754549
0.754549
0.754549
0.754549
0.754549
0.754549
0.754549
0.754549
0.756424
0.756424
0.756424
0.756424
0.756424
0.756424
0.756424
0.756424
0.756424
0.756424
0.756424
0.756424
0.767326
0.767326
0.767326
0.767326
0.767326
0.767326
0.767326
0.767326
0.767326
0.767326
0.767326
0.767326
0.760347
0.760347
0.760347
0.760347
0.760347
0.760347
0.760347
0.760347
0.760347
0.760347
0.760347
0.760347
0.761076
0.761076
0.761076
0.761076
0.761076
0.761076
0.761076
0.761076
0.761076
0.761076
0.761076
0.761076
0.79066
0.79066
0.79066
0.79066
0.79066
0.79066
0.79066
0.79066
0.79066
0.79066
0.79066
0.79066
0.830451
0.830451
0.830451
0.830451
0.830451
0.830451
0.830451
0.830451
0.830451
0.830451
0.830451
0.830451
0.884826
0.884826
0.884826
0.884826
0.884826
0.884826
0.884826
0.884826
0.884826
0.884826
0.884826
0.884826
0.934514
0.934514
0.934514
0.934514
0.934514
0.934514
0.934514
0.934514
0.934514
0.934514
0.934514
0.934514
0.941701
0.941701
0.941701
0.941701
0.941701
0.941701
0.941701
0.941701
0.941701
0.941701
0.941701
0.941701
0.960764
0.960764
0.960764
0.960764
0.960764
0.960764
0.960764
0.960764
0.960764
0.960764
0.960764
0.960764
0.958368
0.958368
0.958368
0.958368
0.958368
0.958368
0.958368
0.958368
0.958368
0.958368
0.958368
0.958368
0.950764
0.950764
0.950764
0.950764
0.950764
0.950764
0.950764
0.950764
0.950764
0.950764
0.950764
0.950764
0.947326
0.947326
0.947326
0.947326
0.947326
0.947326
0.947326
0.947326
0.947326
0.947326
0.947326
0.947326
0.952917
0.952917
0.952917
0.952917
0.952917
0.952917
0.952917
0.952917
0.952917
0.952917
0.952917
0.952917
0.95316
0.95316
0.95316
0.95316
0.95316
0.95316
0.95316
0.95316
0.95316
0.95316
0.95316
0.95316
0.975833
0.975833
0.975833
0.975833
0.975833
0.975833
0.975833
0.975833
0.975833
0.975833
0.975833
0.975833
0.972986
0.972986
0.972986
0.972986
0.972986
0.972986
0.972986
0.972986
0.972986
0.972986
0.972986
0.972986
0.978993
0.978993
0.978993
0.978993
0.978993
0.978993
0.978993
0.978993
0.978993
0.978993
0.978993
0.978993
0.979514
0.979514
0.979514
0.979514
0.979514
0.979514
0.979514
0.979514
0.979514
0.979514
0.979514
0.979514
0.982222
0.982222
0.982222
0.982222
0.982222
0.982222
0.982222
0.982222
0.982222
0.982222
0.982222
0.982222
0.982118
0.982118
0.982118
0.982118
0.982118
0.982118
0.982118
0.982118
0.982118
0.982118
0.982118
0.982118
0.980035
0.980035
0.980035
0.980035
0.980035
0.980035
0.980035
0.980035
0.980035
0.980035
0.980035
0.980035
0.97691
0.97691
0.97691
0.97691
0.97691
0.97691
0.97691
0.97691
0.97691
0.97691
0.97691
0.97691
0.978264
0.978264
0.978264
0.978264
0.978264
0.978264
0.978264
0.978264
0.978264
0.978264
0.978264
0.978264
0.986285
0.986285
0.986285
0.986285
0.986285
0.986285
0.986285
0.986285
0.986285
0.986285
0.986285
0.986285
0.985347
0.985347
0.985347
0.985347
0.985347
0.985347
0.985347
0.985347
0.985347
0.985347
0.985347
0.985347
0.985972
0.985972
0.985972
0.985972
0.985972
0.985972
0.985972
0.985972
0.985972
0.985972
0.985972
0.985972
0.984514
0.984514
0.984514
0.984514
0.984514
0.984514
0.984514
0.984514
0.984514
0.984514
0.984514
0.984514
0.985764
0.985764
0.985764
0.985764
0.985764
0.985764
0.985764
0.985764
0.985764
0.985764
0.985764
0.985764
0.984931
0.984931
0.984931
0.984931
0.984931
0.984931
0.984931
0.984931
0.984931
0.984931
0.984931
0.984931
0.983472
0.983472
0.983472
0.983472
0.983472
0.983472
0.983472
0.983472
0.983472
0.983472
0.983472
0.983472
0.983889
0.983889
0.983889
0.983889
0.983889
0.983889
0.983889
0.983889
0.983889
0.983889
0.983889
0.983889
0.982951
0.982951
0.982951
0.982951
0.982951
0.982951
0.982951
0.982951
0.982951
0.982951
0.982951
0.982951
0.982431
0.982431
0.982431
0.982431
0.982431
0.982431
0.982431
0.982431
0.982431
0.982431
0.982431
0.982431
0.981076
0.981076
0.981076
0.981076
0.981076
0.981076
0.981076
0.981076
0.981076
0.981076
0.981076
0.981076
0.981285
0.981285
0.981285
0.981285
0.981285
0.981285
0.981285
0.981285
0.981285
0.981285
0.981285
0.981285
0.979826
0.979826
0.979826
0.979826
0.979826
0.979826
0.979826
0.979826
0.979826
0.979826
0.979826
0.979826
0.981806
0.981806
0.981806
0.981806
0.981806
0.981806
0.981806
0.981806
0.981806
0.981806
0.981806
0.981806
0.980347
0.980347
0.980347
0.980347
0.980347
0.980347
0.980347
0.980347
0.980347
0.980347
0.980347
0.980347
0.979722
0.979722
0.979722
0.979722
0.979722
0.979722
0.979722
0.979722
0.979722
0.979722
0.979722
0.979722
0.980764
0.980764
0.980764
0.980764
0.980764
0.980764
0.980764
0.980764
0.980764
0.980764
0.980764
0.980764
0.978889
0.978889
0.978889
0.978889
0.978889
0.978889
0.978889
0.978889
0.978889
0.978889
0.978889
0.978889
0.977743
0.977743
0.977743
0.977743
0.977743
0.977743
0.977743
0.977743
0.977743
0.977743
0.977743
0.977743
0.977951
0.977951
0.977951
0.977951
0.977951
0.977951
0.977951
0.977951
0.977951
0.977951
0.977951
0.977951
0.977014
0.977014
0.977014
0.977014
0.977014
0.977014
0.977014
0.977014
0.977014
0.977014
0.977014
0.977014
0.975556
0.975556
0.975556
0.975556
0.975556
0.975556
0.975556
0.975556
0.975556
0.975556
0.975556
0.975556
0.976076
0.976076
0.976076
0.976076
0.976076
0.976076
0.976076
0.976076
0.976076
0.976076
0.976076
0.976076
0.976493
0.976493
0.976493
0.976493
0.976493
0.976493
0.976493
0.976493
0.976493
0.976493
0.976493
0.976493
0.975035
0.975035
0.975035
0.975035
0.975035
0.975035
0.975035
0.975035
0.975035
0.975035
0.975035
0.975035
0.975243
0.975243
0.975243
0.975243
0.975243
0.975243
0.975243
0.975243
0.975243
0.975243
0.975243
0.975243
0.975556
0.975556
0.975556
0.975556
0.975556
0.975556
0.975556
0.975556
0.975556
0.975556
0.975556
0.975556
0.973368
0.973368
0.973368
0.973368
0.973368
0.973368
0.973368
0.973368
0.973368
0.973368
0.973368
0.973368
0.973681
0.973681
0.973681
0.973681
0.973681
0.973681
0.973681
0.973681
0.973681
0.973681
0.973681
0.973681
0.972326
0.972326
0.972326
0.972326
0.972326
0.972326
0.972326
0.972326
0.972326
0.972326
0.972326
0.972326
0.972639
0.972639
0.972639
0.972639
0.972639
0.972639
0.972639
0.972639
0.972639
0.972639
0.972639
0.972639
0.96941
0.96941
0.96941
0.96941
0.96941
0.96941
0.96941
0.96941
0.96941
0.96941
0.96941
0.96941
0.969722
0.969722
0.969722
0.969722
0.969722
0.969722
0.969722
0.969722
0.969722
0.969722
0.969722
0.969722
0.967118
0.967118
0.967118
0.967118
0.967118
0.967118
0.967118
0.967118
0.967118
0.967118
0.967118
0.967118
0.966701
0.966701
0.966701
0.966701
0.966701
0.966701
0.966701
0.966701
0.966701
0.966701
0.966701
0.966701
0.965139
0.965139
0.965139
0.965139
0.965139
0.965139
0.965139
0.965139
0.965139
0.965139
0.965139
0.965139
0.965347
0.965347
0.965347
0.965347
0.965347
0.965347
0.965347
0.965347
0.965347
0.965347
0.965347
0.965347
0.959201
0.959201
0.959201
0.959201
0.959201
0.959201
0.959201
0.959201
0.959201
0.959201
0.959201
0.959201
0.957118
0.957118
0.957118
0.957118
0.957118
0.957118
0.957118
0.957118
0.957118
0.957118
0.957118
0.957118
0.954028
0.954028
0.954028
0.954028
0.954028
0.954028
0.954028
0.954028
0.954028
0.954028
0.954028
0.954028
0.951319
0.951319
0.951319
0.951319
0.951319
0.951319
0.951319
0.951319
0.951319
0.951319
0.951319
0.951319
0.951007
0.951007
0.951007
0.951007
0.951007
0.951007
0.951007
0.951007
0.951007
0.951007
0.951007
0.951007
0.950035
0.950035
0.950035
0.950035
0.950035
0.950035
0.950035
0.950035
0.950035
0.950035
0.950035
0.950035
0.947187
0.947187
0.947187
0.947187
0.947187
0.947187
0.947187
0.947187
0.947187
0.947187
0.947187
0.947187
0.945278
0.945278
0.945278
0.945278
0.945278
0.945278
0.945278
0.945278
0.945278
0.945278
0.945278
0.945278
0.940312
0.940312
0.940312
0.940312
0.940312
0.940312
0.940312
0.940312
0.940312
0.940312
0.940312
0.940312
0.935764
0.935764
0.935764
0.935764
0.935764
0.935764
0.935764
0.935764
0.935764
0.935764
0.935764
0.935764
0.936493
0.936493
0.936493
0.936493
0.936493
0.936493
0.936493
0.936493
0.936493
0.936493
0.936493
0.936493
0.932014
0.932014
0.932014
0.932014
0.932014
0.932014
0.932014
0.932014
0.932014
0.932014
0.932014
0.932014
0.932639
0.932639
0.932639
0.932639
0.932639
0.932639
0.932639
0.932639
0.932639
0.932639
0.932639
0.932639
0.93434
0.93434
0.93434
0.93434
0.93434
0.93434
0.93434
0.93434
0.93434
0.93434
0.93434
0.93434
0.943785
0.943785
0.943785
0.943785
0.943785
0.943785
0.943785
0.943785
0.943785
0.943785
0.943785
0.943785
0.952917
0.952917
0.952917
0.952917
0.952917
0.952917
0.952917
0.952917
0.952917
0.952917
0.952917
0.952917
0.964549
0.964549
0.964549
0.964549
0.964549
0.964549
0.964549
0.964549
0.964549
0.964549
0.964549
0.964549
0.969201
0.969201
0.969201
0.969201
0.969201
0.969201
0.969201
0.969201
0.969201
0.969201
0.969201
0.969201
0.970799
0.970799
0.970799
0.970799
0.970799
0.970799
0.970799
0.970799
0.970799
0.970799
0.970799
0.970799
0.977257
0.977257
0.977257
0.977257
0.977257
0.977257
0.977257
0.977257
0.977257
0.977257
0.977257
0.977257
0.97934
0.97934
0.97934
0.97934
0.97934
0.97934
0.97934
0.97934
0.97934
0.97934
0.97934
0.97934
0.98691
0.98691
0.98691
0.98691
0.98691
0.98691
0.98691
0.98691
0.98691
0.98691
0.98691
0.98691
0.987222
0.987222
0.987222
0.987222
0.987222
0.987222
0.987222
0.987222
0.987222
0.987222
0.987222
0.987222
0.984618
0.984618
0.984618
0.984618
0.984618
0.984618
0.984618
0.984618
0.984618
0.984618
0.984618
0.984618
0.977014
0.977014
0.977014
0.977014
0.977014
0.977014
0.977014
0.977014
0.977014
0.977014
0.977014
0.977014
0.980104
0.980104
0.980104
0.980104
0.980104
0.980104
0.980104
0.980104
0.980104
0.980104
0.980104
0.980104
0.977153
0.977153
0.977153
0.977153
0.977153
0.977153
0.977153
0.977153
0.977153
0.977153
0.977153
0.977153
0.978889
0.978889
0.978889
0.978889
0.978889
0.978889
0.978889
0.978889
0.978889
0.978889
0.978889
0.978889
0.980243
0.980243
0.980243
0.980243
0.980243
0.980243
0.980243
0.980243
0.980243
0.980243
0.980243
0.980243
0.985347
0.985347
0.985347
0.985347
0.985347
0.985347
0.985347
0.985347
0.985347
0.985347
0.985347
0.985347
0.98816
0.98816
0.98816
0.98816
0.98816
0.98816
0.98816
0.98816
0.98816
0.98816
0.98816
0.98816
0.984618
0.984618
0.984618
0.984618
0.984618
0.984618
0.984618
0.984618
0.984618
0.984618
0.984618
0.984618
0.973993
0.973993
0.973993
0.973993
0.973993
0.973993
0.973993
0.973993
0.973993
0.973993
0.973993
0.973993
0.982257
0.982257
0.982257
0.982257
0.982257
0.982257
0.982257
0.982257
0.982257
0.982257
0.982257
0.982257
0.981806
0.981806
0.981806
0.981806
0.981806
0.981806
0.981806
0.981806
0.981806
0.981806
0.981806
0.981806
0.977535
0.977535
0.977535
0.977535
0.977535
0.977535
0.977535
0.977535
0.977535
0.977535
0.977535
0.977535
0.978507
0.978507
0.978507
0.978507
0.978507
0.978507
0.978507
0.978507
0.978507
0.978507
0.978507
0.978507
0.965556
0.965556
0.965556
0.965556
0.965556
0.965556
0.965556
0.965556
0.965556
0.965556
0.965556
0.965556
0.955208
0.955208
0.955208
0.955208
0.955208
0.955208
0.955208
0.955208
0.955208
0.955208
0.955208
0.955208
0.878889
0.878889
0.878889
0.878889
0.878889
0.878889
0.878889
0.878889
0.878889
0.878889
0.878889
0.878889
0.686493
0.686493
0.686493
0.686493
0.686493
0.686493
0.686493
0.686493
0.686493
0.686493
0.686493
0.686493
0.630243
0.630243
0.630243
0.630243
0.630243
0.630243
0.630243
0.630243
0.630243
0.630243
0.630243
0.630243
0.678785
0.678785
0.678785
0.678785
0.678785
0.678785
0.678785
0.678785
0.678785
0.678785
0.678785
0.678785
0.605347
0.605347
0.605347
0.605347
0.605347
0.605347
0.605347
0.605347
0.605347
0.605347
0.605347
0.605347
0.553715
0.553715
0.553715
0.553715
0.553715
0.553715
0.553715
0.553715
0.553715
0.553715
0.553715
0.553715
0.528576
0.528576
0.528576
0.528576
0.528576
0.528576
0.528576
0.528576
0.528576
0.528576
0.528576
0.528576
0.473021
0.473021
0.473021
0.473021
0.473021
0.473021
0.473021
0.473021
0.473021
0.473021
0.473021
0.473021
0.441528
0.441528
0.441528
0.441528
0.441528
0.441528
0.441528
0.441528
0.441528
0.441528
0.441528
0.441528
0.376771
0.376771
0.376771
0.376771
0.376771
0.376771
0.376771
0.376771
0.376771
0.376771
0.376771
0.376771
0.274549
0.274549
0.274549
0.274549
0.274549
0.274549
0.274549
0.274549
0.274549
0.274549
0.274549
0.274549
0.329583
0.329583
0.329583
0.329583
0.329583
0.329583
0.329583
0.329583
0.329583
0.329583
0.329583
0.329583
0.406875
0.406875
0.406875
0.406875
0.406875
0.406875
0.406875
0.406875
0.406875
0.406875
0.406875
0.406875
0.530104
0.530104
0.530104
0.530104
0.530104
0.530104
0.530104
0.530104
0.530104
0.530104
0.530104
0.530104
0.717535
0.717535
0.717535
0.717535
0.717535
0.717535
0.717535
0.717535
0.717535
0.717535
0.717535
0.717535
0.612431
0.612431
0.612431
0.612431
0.612431
0.612431
0.612431
0.612431
0.612431
0.612431
0.612431
0.612431
0.456701
0.456701
0.456701
0.456701
0.456701
0.456701
0.456701
0.456701
0.456701
0.456701
0.456701
0.456701
0.383368
0.383368
0.383368
0.383368
0.383368
0.383368
0.383368
0.383368
0.383368
0.383368
0.383368
0.383368
0.264444
0.264444
0.264444
0.264444
0.264444
0.264444
0.264444
0.264444
0.264444
0.264444
0.264444
0.264444
0.148576
0.148576
0.148576
0.148576
0.148576
0.148576
0.148576
0.148576
0.148576
0.148576
0.148576
0.148576
0.0987847
0.0987847
0.0987847
0.0987847
0.0987847
0.0987847
0.0987847
0.0987847
0.0987847
0.0987847
0.0987847
0.0987847
0.0969792
0.0969792
0.0969792
0.0969792
0.0969792
0.0969792
0.0969792
0.0969792
0.0969792
0.0969792
0.0969792
0.0969792
0.166319
0.166319
0.166319
0.166319
0.166319
0.166319
0.166319
0.166319
0.166319
0.166319
0.166319
0.166319
0.441528
0.441528
0.441528
0.441528
0.441528
0.441528
0.441528
0.441528
0.441528
0.441528
0.441528
0.441528
0.637778
0.637778
0.637778
0.637778
0.637778
0.637778
0.637778
0.637778
0.637778
0.637778
0.637778
0.637778
0.546042
0.546042
0.546042
0.546042
0.546042
0.546042
0.546042
0.546042
0.546042
0.546042
0.546042
0.546042
0.337118
0.337118
0.337118
0.337118
0.337118
0.337118
0.337118
0.337118
0.337118
0.337118
0.337118
0.337118
0.242326
0.242326
0.242326
0.242326
0.242326
0.242326
0.242326
0.242326
0.242326
0.242326
0.242326
0.242326
0.108993
0.108993
0.108993
0.108993
0.108993
0.108993
0.108993
0.108993
0.108993
0.108993
0.108993
0.108993
0.0850347
0.0850347
0.0850347
0.0850347
0.0850347
0.0850347
0.0850347
0.0850347
0.0850347
0.0850347
0.0850347
0.0850347
0.0998958
0.0998958
0.0998958
0.0998958
0.0998958
0.0998958
0.0998958
0.0998958
0.0998958
0.0998958
0.0998958
0.0998958
0.228507
0.228507
0.228507
0.228507
0.228507
0.228507
0.228507
0.228507
0.228507
0.228507
0.228507
0.228507
0.494688
0.494688
0.494688
0.494688
0.494688
0.494688
0.494688
0.494688
0.494688
0.494688
0.494688
0.494688
0.834931
0.834931
0.834931
0.834931
0.834931
0.834931
0.834931
0.834931
0.834931
0.834931
0.834931
0.834931
0.782882
0.782882
0.782882
0.782882
0.782882
0.782882
0.782882
0.782882
0.782882
0.782882
0.782882
0.782882
0.401597
0.401597
0.401597
0.401597
0.401597
0.401597
0.401597
0.401597
0.401597
0.401597
0.401597
0.401597
0.329479
0.329479
0.329479
0.329479
0.329479
0.329479
0.329479
0.329479
0.329479
0.329479
0.329479
0.329479
0.20684
0.20684
0.20684
0.20684
0.20684
0.20684
0.20684
0.20684
0.20684
0.20684
0.20684
0.20684
0.10125
0.10125
0.10125
0.10125
0.10125
0.10125
0.10125
0.10125
0.10125
0.10125
0.10125
0.10125
0.0688889
0.0688889
0.0688889
0.0688889
0.0688889
0.0688889
0.0688889
0.0688889
0.0688889
0.0688889
0.0688889
0.0688889
0.068125
0.068125
0.068125
0.068125
0.068125
0.068125
0.068125
0.068125
0.068125
0.068125
0.068125
0.068125
0.0671528
0.0671528
0.0671528
0.0671528
0.0671528
0.0671528
0.0671528
0.0671528
0.0671528
0.0671528
0.0671528
0.0671528
0.0666319
0.0666319
0.0666319
0.0666319
0.0666319
0.0666319
0.0666319
0.0666319
0.0666319
0.0666319
0.0666319
0.0666319
0.0695486
0.0695486
0.0695486
0.0695486
0.0695486
0.0695486
0.0695486
0.0695486
0.0695486
0.0695486
0.0695486
0.0695486
0.0903472
0.0903472
0.0903472
0.0903472
0.0903472
0.0903472
0.0903472
0.0903472
0.0903472
0.0903472
0.0903472
0.0903472
0.163264
0.163264
0.163264
0.163264
0.163264
0.163264
0.163264
0.163264
0.163264
0.163264
0.163264
0.163264
0.188889
0.188889
0.188889
0.188889
0.188889
0.188889
0.188889
0.188889
0.188889
0.188889
0.188889
0.188889
0.189167
0.189167
0.189167
0.189167
0.189167
0.189167
0.189167
0.189167
0.189167
0.189167
0.189167
0.189167
0.135208
0.135208
0.135208
0.135208
0.135208
0.135208
0.135208
0.135208
0.135208
0.135208
0.135208
0.135208
0.108889
0.108889
0.108889
0.108889
0.108889
0.108889
0.108889
0.108889
0.108889
0.108889
0.108889
0.108889
0.0788194
0.0788194
0.0788194
0.0788194
0.0788194
0.0788194
0.0788194
0.0788194
0.0788194
0.0788194
0.0788194
0.0788194
0.0770486
0.0770486
0.0770486
0.0770486
0.0770486
0.0770486
0.0770486
0.0770486
0.0770486
0.0770486
0.0770486
0.0770486
0.0793403
0.0793403
0.0793403
0.0793403
0.0793403
0.0793403
0.0793403
0.0793403
0.0793403
0.0793403
0.0793403
0.0793403
0.0814236
0.0814236
0.0814236
0.0814236
0.0814236
0.0814236
0.0814236
0.0814236
0.0814236
0.0814236
0.0814236
0.0814236
0.125694
0.125694
0.125694
0.125694
0.125694
0.125694
0.125694
0.125694
0.125694
0.125694
0.125694
0.125694
0.158438
0.158438
0.158438
0.158438
0.158438
0.158438
0.158438
0.158438
0.158438
0.158438
0.158438
0.158438
0.14559
0.14559
0.14559
0.14559
0.14559
0.14559
0.14559
0.14559
0.14559
0.14559
0.14559
0.14559
0.0677083
0.0677083
0.0677083
0.0677083
0.0677083
0.0677083
0.0677083
0.0677083
0.0677083
0.0677083
0.0677083
0.0677083
0.101736
0.101736
0.101736
0.101736
0.101736
0.101736
0.101736
0.101736
0.101736
0.101736
0.101736
0.101736
0.0988542
0.0988542
0.0988542
0.0988542
0.0988542
0.0988542
0.0988542
0.0988542
0.0988542
0.0988542
0.0988542
0.0988542
0.111667
0.111667
0.111667
0.111667
0.111667
0.111667
0.111667
0.111667
0.111667
0.111667
0.111667
0.111667
0.0723958
0.0723958
0.0723958
0.0723958
0.0723958
0.0723958
0.0723958
0.0723958
0.0723958
0.0723958
0.0723958
0.0723958
0.0729167
0.0729167
0.0729167
0.0729167
0.0729167
0.0729167
0.0729167
0.0729167
0.0729167
0.0729167
0.0729167
0.0729167
0.07875
0.07875
0.07875
0.07875
0.07875
0.07875
0.07875
0.07875
0.07875
0.07875
0.07875
0.07875
0.083125
0.083125
0.083125
0.083125
0.083125
0.083125
0.083125
0.083125
0.083125
0.083125
0.083125
0.083125
0.126215
0.126215
0.126215
0.126215
0.126215
0.126215
0.126215
0.126215
0.126215
0.126215
0.126215
0.126215
0.146563
0.146563
0.146563
0.146563
0.146563
0.146563
0.146563
0.146563
0.146563
0.146563
0.146563
0.146563
0.164306
0.164306
0.164306
0.164306
0.164306
0.164306
0.164306
0.164306
0.164306
0.164306
0.164306
0.164306
0.0977083
0.0977083
0.0977083
0.0977083
0.0977083
0.0977083
0.0977083
0.0977083
0.0977083
0.0977083
0.0977083
0.0977083
0.0551042
0.0551042
0.0551042
0.0551042
0.0551042
0.0551042
0.0551042
0.0551042
0.0551042
0.0551042
0.0551042
0.0551042
0.0542708
0.0542708
0.0542708
0.0542708
0.0542708
0.0542708
0.0542708
0.0542708
0.0542708
0.0542708
0.0542708
0.0542708
0.0538542
0.0538542
0.0538542
0.0538542
0.0538542
0.0538542
0.0538542
0.0538542
0.0538542
0.0538542
0.0538542
0.0538542
0.0539583
0.0539583
0.0539583
0.0539583
0.0539583
0.0539583
0.0539583
0.0539583
0.0539583
0.0539583
0.0539583
0.0539583
0.05375
0.05375
0.05375
0.05375
0.05375
0.05375
0.05375
0.05375
0.05375
0.05375
0.05375
0.05375
0.0779167
0.0779167
0.0779167
0.0779167
0.0779167
0.0779167
0.0779167
0.0779167
0.0779167
0.0779167
0.0779167
0.0779167
0.129792
0.129792
0.129792
0.129792
0.129792
0.129792
0.129792
0.129792
0.129792
0.129792
0.129792
0.129792
0.260313
0.260313
0.260313
0.260313
0.260313
0.260313
0.260313
0.260313
0.260313
0.260313
0.260313
0.260313
0.280313
0.280313
0.280313
0.280313
0.280313
0.280313
0.280313
0.280313
0.280313
0.280313
0.280313
0.280313
0.260868
0.260868
0.260868
0.260868
0.260868
0.260868
0.260868
0.260868
0.260868
0.260868
0.260868
0.260868
0.188542
0.188542
0.188542
0.188542
0.188542
0.188542
0.188542
0.188542
0.188542
0.188542
0.188542
0.188542
0.129896
0.129896
0.129896
0.129896
0.129896
0.129896
0.129896
0.129896
0.129896
0.129896
0.129896
0.129896
0.118229
0.118229
0.118229
0.118229
0.118229
0.118229
0.118229
0.118229
0.118229
0.118229
0.118229
0.118229
0.12
0.12
0.12
0.12
0.12
0.12
0.12
0.12
0.12
0.12
0.12
0.12
0.156979
0.156979
0.156979
0.156979
0.156979
0.156979
0.156979
0.156979
0.156979
0.156979
0.156979
0.156979
0.174479
0.174479
0.174479
0.174479
0.174479
0.174479
0.174479
0.174479
0.174479
0.174479
0.174479
0.174479
0.189167
0.189167
0.189167
0.189167
0.189167
0.189167
0.189167
0.189167
0.189167
0.189167
0.189167
0.189167
0.190278
0.190278
0.190278
0.190278
0.190278
0.190278
0.190278
0.190278
0.190278
0.190278
0.190278
0.190278
0.208681
0.208681
0.208681
0.208681
0.208681
0.208681
0.208681
0.208681
0.208681
0.208681
0.208681
0.208681
0.216562
0.216562
0.216562
0.216562
0.216562
0.216562
0.216562
0.216562
0.216562
0.216562
0.216562
0.216562
0.222396
0.222396
0.222396
0.222396
0.222396
0.222396
0.222396
0.222396
0.222396
0.222396
0.222396
0.222396
0.215833
0.215833
0.215833
0.215833
0.215833
0.215833
0.215833
0.215833
0.215833
0.215833
0.215833
0.215833
0.21316
0.21316
0.21316
0.21316
0.21316
0.21316
0.21316
0.21316
0.21316
0.21316
0.21316
0.21316
0.230625
0.230625
0.230625
0.230625
0.230625
0.230625
0.230625
0.230625
0.230625
0.230625
0.230625
0.230625
0.255451
0.255451
0.255451
0.255451
0.255451
0.255451
0.255451
0.255451
0.255451
0.255451
0.255451
0.255451
0.234826
0.234826
0.234826
0.234826
0.234826
0.234826
0.234826
0.234826
0.234826
0.234826
0.234826
0.234826
0.231806
0.231806
0.231806
0.231806
0.231806
0.231806
0.231806
0.231806
0.231806
0.231806
0.231806
0.231806
0.257812
0.257812
0.257812
0.257812
0.257812
0.257812
0.257812
0.257812
0.257812
0.257812
0.257812
0.257812
0.252986
0.252986
0.252986
0.252986
0.252986
0.252986
0.252986
0.252986
0.252986
0.252986
0.252986
0.252986
0.271146
0.271146
0.271146
0.271146
0.271146
0.271146
0.271146
0.271146
0.271146
0.271146
0.271146
0.271146
0.265903
0.265903
0.265903
0.265903
0.265903
0.265903
0.265903
0.265903
0.265903
0.265903
0.265903
0.265903
0.258854
0.258854
0.258854
0.258854
0.258854
0.258854
0.258854
0.258854
0.258854
0.258854
0.258854
0.258854
0.334583
0.334583
0.334583
0.334583
0.334583
0.334583
0.334583
0.334583
0.334583
0.334583
0.334583
0.334583
0.418542
0.418542
0.418542
0.418542
0.418542
0.418542
0.418542
0.418542
0.418542
0.418542
0.418542
0.418542
0.467014
0.467014
0.467014
0.467014
0.467014
0.467014
0.467014
0.467014
0.467014
0.467014
0.467014
0.467014
0.625451
0.625451
0.625451
0.625451
0.625451
0.625451
0.625451
0.625451
0.625451
0.625451
0.625451
0.625451
0.813819
0.813819
0.813819
0.813819
0.813819
0.813819
0.813819
0.813819
0.813819
0.813819
0.813819
0.813819
0.865521
0.865521
0.865521
0.865521
0.865521
0.865521
0.865521
0.865521
0.865521
0.865521
0.865521
0.865521
0.889062
0.889062
0.889062
0.889062
0.889062
0.889062
0.889062
0.889062
0.889062
0.889062
0.889062
0.889062
0.905694
0.905694
0.905694
0.905694
0.905694
0.905694
0.905694
0.905694
0.905694
0.905694
0.905694
0.905694
0.892917
0.892917
0.892917
0.892917
0.892917
0.892917
0.892917
0.892917
0.892917
0.892917
0.892917
0.892917
0.890694
0.890694
0.890694
0.890694
0.890694
0.890694
0.890694
0.890694
0.890694
0.890694
0.890694
0.890694
0.890972
0.890972
0.890972
0.890972
0.890972
0.890972
0.890972
0.890972
0.890972
0.890972
0.890972
0.890972
0.885556
0.885556
0.885556
0.885556
0.885556
0.885556
0.885556
0.885556
0.885556
0.885556
0.885556
0.885556
0.875
0.875
0.875
0.875
0.875
0.875
0.875
0.875
0.875
0.875
0.875
0.875
0.876076
0.876076
0.876076
0.876076
0.876076
0.876076
0.876076
0.876076
0.876076
0.876076
0.876076
0.876076
0.863646
0.863646
0.863646
0.863646
0.863646
0.863646
0.863646
0.863646
0.863646
0.863646
0.863646
0.863646
0.859306
0.859306
0.859306
0.859306
0.859306
0.859306
0.859306
0.859306
0.859306
0.859306
0.859306
0.859306
0.847986
0.847986
0.847986
0.847986
0.847986
0.847986
0.847986
0.847986
0.847986
0.847986
0.847986
0.847986
0.840451
0.840451
0.840451
0.840451
0.840451
0.840451
0.840451
0.840451
0.840451
0.840451
0.840451
0.840451
0.841076
0.841076
0.841076
0.841076
0.841076
0.841076
0.841076
0.841076
0.841076
0.841076
0.841076
0.841076
0.837118
0.837118
0.837118
0.837118
0.837118
0.837118
0.837118
0.837118
0.837118
0.837118
0.837118
0.837118
0.834861
0.834861
0.834861
0.834861
0.834861
0.834861
0.834861
0.834861
0.834861
0.834861
0.834861
0.834861
0.826632
0.826632
0.826632
0.826632
0.826632
0.826632
0.826632
0.826632
0.826632
0.826632
0.826632
0.826632
0.826111
0.826111
0.826111
0.826111
0.826111
0.826111
0.826111
0.826111
0.826111
0.826111
0.826111
0.826111
0.822049
0.822049
0.822049
0.822049
0.822049
0.822049
0.822049
0.822049
0.822049
0.822049
0.822049
0.822049
0.817187
0.817187
0.817187
0.817187
0.817187
0.817187
0.817187
0.817187
0.817187
0.817187
0.817187
0.817187
0.812813
0.812813
0.812813
0.812813
0.812813
0.812813
0.812813
0.812813
0.812813
0.812813
0.812813
0.812813
0.812882
0.812882
0.812882
0.812882
0.812882
0.812882
0.812882
0.812882
0.812882
0.812882
0.812882
0.812882
0.820694
0.820694
0.820694
0.820694
0.820694
0.820694
0.820694
0.820694
0.820694
0.820694
0.820694
0.820694
0.814792
0.814792
0.814792
0.814792
0.814792
0.814792
0.814792
0.814792
0.814792
0.814792
0.814792
0.814792
0.809375
0.809375
0.809375
0.809375
0.809375
0.809375
0.809375
0.809375
0.809375
0.809375
0.809375
0.809375
0.811944
0.811944
0.811944
0.811944
0.811944
0.811944
0.811944
0.811944
0.811944
0.811944
0.811944
0.811944
0.802986
0.802986
0.802986
0.802986
0.802986
0.802986
0.802986
0.802986
0.802986
0.802986
0.802986
0.802986
0.796389
0.796389
0.796389
0.796389
0.796389
0.796389
0.796389
0.796389
0.796389
0.796389
0.796389
0.796389
0.796146
0.796146
0.796146
0.796146
0.796146
0.796146
0.796146
0.796146
0.796146
0.796146
0.796146
0.796146
0.789653
0.789653
0.789653
0.789653
0.789653
0.789653
0.789653
0.789653
0.789653
0.789653
0.789653
0.789653
0.785799
0.785799
0.785799
0.785799
0.785799
0.785799
0.785799
0.785799
0.785799
0.785799
0.785799
0.785799
0.780799
0.780799
0.780799
0.780799
0.780799
0.780799
0.780799
0.780799
0.780799
0.780799
0.780799
0.780799
0.786076
0.786076
0.786076
0.786076
0.786076
0.786076
0.786076
0.786076
0.786076
0.786076
0.786076
0.786076
0.793819
0.793819
0.793819
0.793819
0.793819
0.793819
0.793819
0.793819
0.793819
0.793819
0.793819
0.793819
0.792153
0.792153
0.792153
0.792153
0.792153
0.792153
0.792153
0.792153
0.792153
0.792153
0.792153
0.792153
0.786597
0.786597
0.786597
0.786597
0.786597
0.786597
0.786597
0.786597
0.786597
0.786597
0.786597
0.786597
0.791076
0.791076
0.791076
0.791076
0.791076
0.791076
0.791076
0.791076
0.791076
0.791076
0.791076
0.791076
0.79684
0.79684
0.79684
0.79684
0.79684
0.79684
0.79684
0.79684
0.79684
0.79684
0.79684
0.79684
0.784028
0.784028
0.784028
0.784028
0.784028
0.784028
0.784028
0.784028
0.784028
0.784028
0.784028
0.784028
0.778299
0.778299
0.778299
0.778299
0.778299
0.778299
0.778299
0.778299
0.778299
0.778299
0.778299
0.778299
0.777986
0.777986
0.777986
0.777986
0.777986
0.777986
0.777986
0.777986
0.777986
0.777986
0.777986
0.777986
0.780278
0.780278
0.780278
0.780278
0.780278
0.780278
0.780278
0.780278
0.780278
0.780278
0.780278
0.780278
0.782292
0.782292
0.782292
0.782292
0.782292
0.782292
0.782292
0.782292
0.782292
0.782292
0.782292
0.782292
0.784896
0.784896
0.784896
0.784896
0.784896
0.784896
0.784896
0.784896
0.784896
0.784896
0.784896
0.784896
0.779722
0.779722
0.779722
0.779722
0.779722
0.779722
0.779722
0.779722
0.779722
0.779722
0.779722
0.779722
0.788021
0.788021
0.788021
0.788021
0.788021
0.788021
0.788021
0.788021
0.788021
0.788021
0.788021
0.788021
0.784167
0.784167
0.784167
0.784167
0.784167
0.784167
0.784167
0.784167
0.784167
0.784167
0.784167
0.784167
0.791562
0.791562
0.791562
0.791562
0.791562
0.791562
0.791562
0.791562
0.791562
0.791562
0.791562
0.791562
0.791562
0.791562
0.791562
0.791562
0.791562
0.791562
0.791562
0.791562
0.791562
0.791562
0.791562
0.791562
0.790417
0.790417
0.790417
0.790417
0.790417
0.790417
0.790417
0.790417
0.790417
0.790417
0.790417
0.790417
0.787882
0.787882
0.787882
0.787882
0.787882
0.787882
0.787882
0.787882
0.787882
0.787882
0.787882
0.787882
0.800417
0.800417
0.800417
0.800417
0.800417
0.800417
0.800417
0.800417
0.800417
0.800417
0.800417
0.800417
0.798264
0.798264
0.798264
0.798264
0.798264
0.798264
0.798264
0.798264
0.798264
0.798264
0.798264
0.798264
0.800312
0.800312
0.800312
0.800312
0.800312
0.800312
0.800312
0.800312
0.800312
0.800312
0.800312
0.800312
0.796944
0.796944
0.796944
0.796944
0.796944
0.796944
0.796944
0.796944
0.796944
0.796944
0.796944
0.796944
0.781563
0.781563
0.781563
0.781563
0.781563
0.781563
0.781563
0.781563
0.781563
0.781563
0.781563
0.781563
0.781944
0.781944
0.781944
0.781944
0.781944
0.781944
0.781944
0.781944
0.781944
0.781944
0.781944
0.781944
0.783299
0.783299
0.783299
0.783299
0.783299
0.783299
0.783299
0.783299
0.783299
0.783299
0.783299
0.783299
0.794167
0.794167
0.794167
0.794167
0.794167
0.794167
0.794167
0.794167
0.794167
0.794167
0.794167
0.794167
0.78934
0.78934
0.78934
0.78934
0.78934
0.78934
0.78934
0.78934
0.78934
0.78934
0.78934
0.78934
0.786319
0.786319
0.786319
0.786319
0.786319
0.786319
0.786319
0.786319
0.786319
0.786319
0.786319
0.786319
0.784306
0.784306
0.784306
0.784306
0.784306
0.784306
0.784306
0.784306
0.784306
0.784306
0.784306
0.784306
0.780174
0.780174
0.780174
0.780174
0.780174
0.780174
0.780174
0.780174
0.780174
0.780174
0.780174
0.780174
0.781493
0.781493
0.781493
0.781493
0.781493
0.781493
0.781493
0.781493
0.781493
0.781493
0.781493
0.781493
0.783125
0.783125
0.783125
0.783125
0.783125
0.783125
0.783125
0.783125
0.783125
0.783125
0.783125
0.783125
0.790278
0.790278
0.790278
0.790278
0.790278
0.790278
0.790278
0.790278
0.790278
0.790278
0.790278
0.790278
0.794653
0.794653
0.794653
0.794653
0.794653
0.794653
0.794653
0.794653
0.794653
0.794653
0.794653
0.794653
0.790937
0.790937
0.790937
0.790937
0.790937
0.790937
0.790937
0.790937
0.790937
0.790937
0.790937
0.790937
0.798194
0.798194
0.798194
0.798194
0.798194
0.798194
0.798194
0.798194
0.798194
0.798194
0.798194
0.798194
0.80934
0.80934
0.80934
0.80934
0.80934
0.80934
0.80934
0.80934
0.80934
0.80934
0.80934
0.80934
0.814549
0.814549
0.814549
0.814549
0.814549
0.814549
0.814549
0.814549
0.814549
0.814549
0.814549
0.814549
0.810694
0.810694
0.810694
0.810694
0.810694
0.810694
0.810694
0.810694
0.810694
0.810694
0.810694
0.810694
0.812292
0.812292
0.812292
0.812292
0.812292
0.812292
0.812292
0.812292
0.812292
0.812292
0.812292
0.812292
0.810104
0.810104
0.810104
0.810104
0.810104
0.810104
0.810104
0.810104
0.810104
0.810104
0.810104
0.810104
0.815625
0.815625
0.815625
0.815625
0.815625
0.815625
0.815625
0.815625
0.815625
0.815625
0.815625
0.815625
0.813715
0.813715
0.813715
0.813715
0.813715
0.813715
0.813715
0.813715
0.813715
0.813715
0.813715
0.813715
0.815104
0.815104
0.815104
0.815104
0.815104
0.815104
0.815104
0.815104
0.815104
0.815104
0.815104
0.815104
0.814236
0.814236
0.814236
0.814236
0.814236
0.814236
0.814236
0.814236
0.814236
0.814236
0.814236
0.814236
0.815139
0.815139
0.815139
0.815139
0.815139
0.815139
0.815139
0.815139
0.815139
0.815139
0.815139
0.815139
0.815625
0.815625
0.815625
0.815625
0.815625
0.815625
0.815625
0.815625
0.815625
0.815625
0.815625
0.815625
0.820035
0.820035
0.820035
0.820035
0.820035
0.820035
0.820035
0.820035
0.820035
0.820035
0.820035
0.820035
0.821944
0.821944
0.821944
0.821944
0.821944
0.821944
0.821944
0.821944
0.821944
0.821944
0.821944
0.821944
0.816146
0.816146
0.816146
0.816146
0.816146
0.816146
0.816146
0.816146
0.816146
0.816146
0.816146
0.816146
0.812708
0.812708
0.812708
0.812708
0.812708
0.812708
0.812708
0.812708
0.812708
0.812708
0.812708
0.812708
0.817708
0.817708
0.817708
0.817708
0.817708
0.817708
0.817708
0.817708
0.817708
0.817708
0.817708
0.817708
0.818021
0.818021
0.818021
0.818021
0.818021
0.818021
0.818021
0.818021
0.818021
0.818021
0.818021
0.818021
0.818194
0.818194
0.818194
0.818194
0.818194
0.818194
0.818194
0.818194
0.818194
0.818194
0.818194
0.818194
0.813646
0.813646
0.813646
0.813646
0.813646
0.813646
0.813646
0.813646
0.813646
0.813646
0.813646
0.813646
0.813438
0.813438
0.813438
0.813438
0.813438
0.813438
0.813438
0.813438
0.813438
0.813438
0.813438
0.813438
0.819583
0.819583
0.819583
0.819583
0.819583
0.819583
0.819583
0.819583
0.819583
0.819583
0.819583
0.819583
0.819167
0.819167
0.819167
0.819167
0.819167
0.819167
0.819167
0.819167
0.819167
0.819167
0.819167
0.819167
0.821771
0.821771
0.821771
0.821771
0.821771
0.821771
0.821771
0.821771
0.821771
0.821771
0.821771
0.821771
0.821424
0.821424
0.821424
0.821424
0.821424
0.821424
0.821424
0.821424
0.821424
0.821424
0.821424
0.821424
0.822396
0.822396
0.822396
0.822396
0.822396
0.822396
0.822396
0.822396
0.822396
0.822396
0.822396
0.822396
0.819479
0.819479
0.819479
0.819479
0.819479
0.819479
0.819479
0.819479
0.819479
0.819479
0.819479
0.819479
0.827292
0.827292
0.827292
0.827292
0.827292
0.827292
0.827292
0.827292
0.827292
0.827292
0.827292
0.827292
0.840104
0.840104
0.840104
0.840104
0.840104
0.840104
0.840104
0.840104
0.840104
0.840104
0.840104
0.840104
0.858646
0.858646
0.858646
0.858646
0.858646
0.858646
0.858646
0.858646
0.858646
0.858646
0.858646
0.858646
0.881458
0.881458
0.881458
0.881458
0.881458
0.881458
0.881458
0.881458
0.881458
0.881458
0.881458
0.881458
0.892396
0.892396
0.892396
0.892396
0.892396
0.892396
0.892396
0.892396
0.892396
0.892396
0.892396
0.892396
0.921458
0.921458
0.921458
0.921458
0.921458
0.921458
0.921458
0.921458
0.921458
0.921458
0.921458
0.921458
0.917014
0.917014
0.917014
0.917014
0.917014
0.917014
0.917014
0.917014
0.917014
0.917014
0.917014
0.917014
0.865625
0.865625
0.865625
0.865625
0.865625
0.865625
0.865625
0.865625
0.865625
0.865625
0.865625
0.865625
0.837465
0.837465
0.837465
0.837465
0.837465
0.837465
0.837465
0.837465
0.837465
0.837465
0.837465
0.837465
0.860868
0.860868
0.860868
0.860868
0.860868
0.860868
0.860868
0.860868
0.860868
0.860868
0.860868
0.860868
0.901389
0.901389
0.901389
0.901389
0.901389
0.901389
0.901389
0.901389
0.901389
0.901389
0.901389
0.901389
0.889931
0.889931
0.889931
0.889931
0.889931
0.889931
0.889931
0.889931
0.889931
0.889931
0.889931
0.889931
0.867951
0.867951
0.867951
0.867951
0.867951
0.867951
0.867951
0.867951
0.867951
0.867951
0.867951
0.867951
0.852917
0.852917
0.852917
0.852917
0.852917
0.852917
0.852917
0.852917
0.852917
0.852917
0.852917
0.852917
0.855208
0.855208
0.855208
0.855208
0.855208
0.855208
0.855208
0.855208
0.855208
0.855208
0.855208
0.855208
0.818889
0.818889
0.818889
0.818889
0.818889
0.818889
0.818889
0.818889
0.818889
0.818889
0.818889
0.818889
0.786285
0.786285
0.786285
0.786285
0.786285
0.786285
0.786285
0.786285
0.786285
0.786285
0.786285
0.786285
0.797431
0.797431
0.797431
0.797431
0.797431
0.797431
0.797431
0.797431
0.797431
0.797431
0.797431
0.797431
0.791146
0.791146
0.791146
0.791146
0.791146
0.791146
0.791146
0.791146
0.791146
0.791146
0.791146
0.791146
0.747951
0.747951
0.747951
0.747951
0.747951
0.747951
0.747951
0.747951
0.747951
0.747951
0.747951
0.747951
0.701493
0.701493
0.701493
0.701493
0.701493
0.701493
0.701493
0.701493
0.701493
0.701493
0.701493
0.701493
0.597917
0.597917
0.597917
0.597917
0.597917
0.597917
0.597917
0.597917
0.597917
0.597917
0.597917
0.597917
0.597083
0.597083
0.597083
0.597083
0.597083
0.597083
0.597083
0.597083
0.597083
0.597083
0.597083
0.597083
0.600833
0.600833
0.600833
0.600833
0.600833
0.600833
0.600833
0.600833
0.600833
0.600833
0.600833
0.600833
0.601458
0.601458
0.601458
0.601458
0.601458
0.601458
0.601458
0.601458
0.601458
0.601458
0.601458
0.601458
0.668229
0.668229
0.668229
0.668229
0.668229
0.668229
0.668229
0.668229
0.668229
0.668229
0.668229
0.668229
0.706979
0.706979
0.706979
0.706979
0.706979
0.706979
0.706979
0.706979
0.706979
0.706979
0.706979
0.706979
0.726007
0.726007
0.726007
0.726007
0.726007
0.726007
0.726007
0.726007
0.726007
0.726007
0.726007
0.726007
0.643472
0.643472
0.643472
0.643472
0.643472
0.643472
0.643472
0.643472
0.643472
0.643472
0.643472
0.643472
0.625347
0.625347
0.625347
0.625347
0.625347
0.625347
0.625347
0.625347
0.625347
0.625347
0.625347
0.625347
0.709549
0.709549
0.709549
0.709549
0.709549
0.709549
0.709549
0.709549
0.709549
0.709549
0.709549
0.709549
0.772951
0.772951
0.772951
0.772951
0.772951
0.772951
0.772951
0.772951
0.772951
0.772951
0.772951
0.772951
0.828576
0.828576
0.828576
0.828576
0.828576
0.828576
0.828576
0.828576
0.828576
0.828576
0.828576
0.828576
0.803056
0.803056
0.803056
0.803056
0.803056
0.803056
0.803056
0.803056
0.803056
0.803056
0.803056
0.803056
0.742604
0.742604
0.742604
0.742604
0.742604
0.742604
0.742604
0.742604
0.742604
0.742604
0.742604
0.742604
0.672882
0.672882
0.672882
0.672882
0.672882
0.672882
0.672882
0.672882
0.672882
0.672882
0.672882
0.672882
0.640694
0.640694
0.640694
0.640694
0.640694
0.640694
0.640694
0.640694
0.640694
0.640694
0.640694
0.640694
0.637813
0.637813
0.637813
0.637813
0.637813
0.637813
0.637813
0.637813
0.637813
0.637813
0.637813
0.637813
0.632569
0.632569
0.632569
0.632569
0.632569
0.632569
0.632569
0.632569
0.632569
0.632569
0.632569
0.632569
0.535972
0.535972
0.535972
0.535972
0.535972
0.535972
0.535972
0.535972
0.535972
0.535972
0.535972
0.535972
0.480104
0.480104
0.480104
0.480104
0.480104
0.480104
0.480104
0.480104
0.480104
0.480104
0.480104
0.480104
0.535382
0.535382
0.535382
0.535382
0.535382
0.535382
0.535382
0.535382
0.535382
0.535382
0.535382
0.535382
0.551667
0.551667
0.551667
0.551667
0.551667
0.551667
0.551667
0.551667
0.551667
0.551667
0.551667
0.551667
0.518646
0.518646
0.518646
0.518646
0.518646
0.518646
0.518646
0.518646
0.518646
0.518646
0.518646
0.518646
0.367708
0.367708
0.367708
0.367708
0.367708
0.367708
0.367708
0.367708
0.367708
0.367708
0.367708
0.367708
0.397083
0.397083
0.397083
0.397083
0.397083
0.397083
0.397083
0.397083
0.397083
0.397083
0.397083
0.397083
0.407187
0.407187
0.407187
0.407187
0.407187
0.407187
0.407187
0.407187
0.407187
0.407187
0.407187
0.407187
0.487535
0.487535
0.487535
0.487535
0.487535
0.487535
0.487535
0.487535
0.487535
0.487535
0.487535
0.487535
0.544306
0.544306
0.544306
0.544306
0.544306
0.544306
0.544306
0.544306
0.544306
0.544306
0.544306
0.544306
0.477292
0.477292
0.477292
0.477292
0.477292
0.477292
0.477292
0.477292
0.477292
0.477292
0.477292
0.477292
0.410417
0.410417
0.410417
0.410417
0.410417
0.410417
0.410417
0.410417
0.410417
0.410417
0.410417
0.410417
0.270174
0.270174
0.270174
0.270174
0.270174
0.270174
0.270174
0.270174
0.270174
0.270174
0.270174
0.270174
0.162882
0.162882
0.162882
0.162882
0.162882
0.162882
0.162882
0.162882
0.162882
0.162882
0.162882
0.162882
0.0582986
0.0582986
0.0582986
0.0582986
0.0582986
0.0582986
0.0582986
0.0582986
0.0582986
0.0582986
0.0582986
0.0582986
0.0405208
0.0405208
0.0405208
0.0405208
0.0405208
0.0405208
0.0405208
0.0405208
0.0405208
0.0405208
0.0405208
0.0405208
0.0401042
0.0401042
0.0401042
0.0401042
0.0401042
0.0401042
0.0401042
0.0401042
0.0401042
0.0401042
0.0401042
0.0401042
0.0403125
0.0403125
0.0403125
0.0403125
0.0403125
0.0403125
0.0403125
0.0403125
0.0403125
0.0403125
0.0403125
0.0403125
0.04125
0.04125
0.04125
0.04125
0.04125
0.04125
0.04125
0.04125
0.04125
0.04125
0.04125
0.04125
0.04125
0.04125
0.04125
0.04125
0.04125
0.04125
0.04125
0.04125
0.04125
0.04125
0.04125
0.04125
0.040625
0.040625
0.040625
0.040625
0.040625
0.040625
0.040625
0.040625
0.040625
0.040625
0.040625
0.040625
0.0385417
0.0385417
0.0385417
0.0385417
0.0385417
0.0385417
0.0385417
0.0385417
0.0385417
0.0385417
0.0385417
0.0385417
0.0383333
0.0383333
0.0383333
0.0383333
0.0383333
0.0383333
0.0383333
0.0383333
0.0383333
0.0383333
0.0383333
0.0383333
0.0375
0.0375
0.0375
0.0375
0.0375
0.0375
0.0375
0.0375
0.0375
0.0375
0.0375
0.0375
0.0495833
0.0495833
0.0495833
0.0495833
0.0495833
0.0495833
0.0495833
0.0495833
0.0495833
0.0495833
0.0495833
0.0495833
0.0697917
0.0697917
0.0697917
0.0697917
0.0697917
0.0697917
0.0697917
0.0697917
0.0697917
0.0697917
0.0697917
0.0697917
0.148333
0.148333
0.148333
0.148333
0.148333
0.148333
0.148333
0.148333
0.148333
0.148333
0.148333
0.148333
0.184722
0.184722
0.184722
0.184722
0.184722
0.184722
0.184722
0.184722
0.184722
0.184722
0.184722
0.184722
0.149896
0.149896
0.149896
0.149896
0.149896
0.149896
0.149896
0.149896
0.149896
0.149896
0.149896
0.149896
0.0960417
0.0960417
0.0960417
0.0960417
0.0960417
0.0960417
0.0960417
0.0960417
0.0960417
0.0960417
0.0960417
0.0960417
0.127604
0.127604
0.127604
0.127604
0.127604
0.127604
0.127604
0.127604
0.127604
0.127604
0.127604
0.127604
0.158542
0.158542
0.158542
0.158542
0.158542
0.158542
0.158542
0.158542
0.158542
0.158542
0.158542
0.158542
0.151667
0.151667
0.151667
0.151667
0.151667
0.151667
0.151667
0.151667
0.151667
0.151667
0.151667
0.151667
0.0653819
0.0653819
0.0653819
0.0653819
0.0653819
0.0653819
0.0653819
0.0653819
0.0653819
0.0653819
0.0653819
0.0653819
0.0405208
0.0405208
0.0405208
0.0405208
0.0405208
0.0405208
0.0405208
0.0405208
0.0405208
0.0405208
0.0405208
0.0405208
0.0542708
0.0542708
0.0542708
0.0542708
0.0542708
0.0542708
0.0542708
0.0542708
0.0542708
0.0542708
0.0542708
0.0542708
0.125312
0.125312
0.125312
0.125312
0.125312
0.125312
0.125312
0.125312
0.125312
0.125312
0.125312
0.125312
0.281007
0.281007
0.281007
0.281007
0.281007
0.281007
0.281007
0.281007
0.281007
0.281007
0.281007
0.281007
0.432326
0.432326
0.432326
0.432326
0.432326
0.432326
0.432326
0.432326
0.432326
0.432326
0.432326
0.432326
0.348264
0.348264
0.348264
0.348264
0.348264
0.348264
0.348264
0.348264
0.348264
0.348264
0.348264
0.348264
0.254201
0.254201
0.254201
0.254201
0.254201
0.254201
0.254201
0.254201
0.254201
0.254201
0.254201
0.254201
0.131215
0.131215
0.131215
0.131215
0.131215
0.131215
0.131215
0.131215
0.131215
0.131215
0.131215
0.131215
0.0277083
0.0277083
0.0277083
0.0277083
0.0277083
0.0277083
0.0277083
0.0277083
0.0277083
0.0277083
0.0277083
0.0277083
0.02875
0.02875
0.02875
0.02875
0.02875
0.02875
0.02875
0.02875
0.02875
0.02875
0.02875
0.02875
0.0272917
0.0272917
0.0272917
0.0272917
0.0272917
0.0272917
0.0272917
0.0272917
0.0272917
0.0272917
0.0272917
0.0272917
0.0253125
0.0253125
0.0253125
0.0253125
0.0253125
0.0253125
0.0253125
0.0253125
0.0253125
0.0253125
0.0253125
0.0253125
0.0240625
0.0240625
0.0240625
0.0240625
0.0240625
0.0240625
0.0240625
0.0240625
0.0240625
0.0240625
0.0240625
0.0240625
0.0232292
0.0232292
0.0232292
0.0232292
0.0232292
0.0232292
0.0232292
0.0232292
0.0232292
0.0232292
0.0232292
0.0232292
0.0229167
0.0229167
0.0229167
0.0229167
0.0229167
0.0229167
0.0229167
0.0229167
0.0229167
0.0229167
0.0229167
0.0229167
0.0220833
0.0220833
0.0220833
0.0220833
0.0220833
0.0220833
0.0220833
0.0220833
0.0220833
0.0220833
0.0220833
0.0220833
0.0248958
0.0248958
0.0248958
0.0248958
0.0248958
0.0248958
0.0248958
0.0248958
0.0248958
0.0248958
0.0248958
0.0248958
0.0219792
0.0219792
0.0219792
0.0219792
0.0219792
0.0219792
0.0219792
0.0219792
0.0219792
0.0219792
0.0219792
0.0219792
0.0219792
0.0219792
0.0219792
0.0219792
0.0219792
0.0219792
0.0219792
0.0219792
0.0219792
0.0219792
0.0219792
0.0219792
0.0194792
0.0194792
0.0194792
0.0194792
0.0194792
0.0194792
0.0194792
0.0194792
0.0194792
0.0194792
0.0194792
0.0194792
0.09125
0.09125
0.09125
0.09125
0.09125
0.09125
0.09125
0.09125
0.09125
0.09125
0.09125
0.09125
0.103333
0.103333
0.103333
0.103333
0.103333
0.103333
0.103333
0.103333
0.103333
0.103333
0.103333
0.103333
0.166458
0.166458
0.166458
0.166458
0.166458
0.166458
0.166458
0.166458
0.166458
0.166458
0.166458
0.166458
0.252708
0.252708
0.252708
0.252708
0.252708
0.252708
0.252708
0.252708
0.252708
0.252708
0.252708
0.252708
0.280417
0.280417
0.280417
0.280417
0.280417
0.280417
0.280417
0.280417
0.280417
0.280417
0.280417
0.280417
0.258299
0.258299
0.258299
0.258299
0.258299
0.258299
0.258299
0.258299
0.258299
0.258299
0.258299
0.258299
0.28375
0.28375
0.28375
0.28375
0.28375
0.28375
0.28375
0.28375
0.28375
0.28375
0.28375
0.28375
0.314826
0.314826
0.314826
0.314826
0.314826
0.314826
0.314826
0.314826
0.314826
0.314826
0.314826
0.314826
0.377431
0.377431
0.377431
0.377431
0.377431
0.377431
0.377431
0.377431
0.377431
0.377431
0.377431
0.377431
0.403542
0.403542
0.403542
0.403542
0.403542
0.403542
0.403542
0.403542
0.403542
0.403542
0.403542
0.403542
0.439931
0.439931
0.439931
0.439931
0.439931
0.439931
0.439931
0.439931
0.439931
0.439931
0.439931
0.439931
0.473229
0.473229
0.473229
0.473229
0.473229
0.473229
0.473229
0.473229
0.473229
0.473229
0.473229
0.473229
0.446458
0.446458
0.446458
0.446458
0.446458
0.446458
0.446458
0.446458
0.446458
0.446458
0.446458
0.446458
0.483125
0.483125
0.483125
0.483125
0.483125
0.483125
0.483125
0.483125
0.483125
0.483125
0.483125
0.483125
0.525417
0.525417
0.525417
0.525417
0.525417
0.525417
0.525417
0.525417
0.525417
0.525417
0.525417
0.525417
0.594479
0.594479
0.594479
0.594479
0.594479
0.594479
0.594479
0.594479
0.594479
0.594479
0.594479
0.594479
0.560521
0.560521
0.560521
0.560521
0.560521
0.560521
0.560521
0.560521
0.560521
0.560521
0.560521
0.560521
0.552951
0.552951
0.552951
0.552951
0.552951
0.552951
0.552951
0.552951
0.552951
0.552951
0.552951
0.552951
0.589063
0.589063
0.589063
0.589063
0.589063
0.589063
0.589063
0.589063
0.589063
0.589063
0.589063
0.589063
0.637083
0.637083
0.637083
0.637083
0.637083
0.637083
0.637083
0.637083
0.637083
0.637083
0.637083
0.637083
0.668021
0.668021
0.668021
0.668021
0.668021
0.668021
0.668021
0.668021
0.668021
0.668021
0.668021
0.668021
0.688125
0.688125
0.688125
0.688125
0.688125
0.688125
0.688125
0.688125
0.688125
0.688125
0.688125
0.688125
0.712083
0.712083
0.712083
0.712083
0.712083
0.712083
0.712083
0.712083
0.712083
0.712083
0.712083
0.712083
0.763854
0.763854
0.763854
0.763854
0.763854
0.763854
0.763854
0.763854
0.763854
0.763854
0.763854
0.763854
0.781944
0.781944
0.781944
0.781944
0.781944
0.781944
0.781944
0.781944
0.781944
0.781944
0.781944
0.781944
0.797917
0.797917
0.797917
0.797917
0.797917
0.797917
0.797917
0.797917
0.797917
0.797917
0.797917
0.797917
0.818646
0.818646
0.818646
0.818646
0.818646
0.818646
0.818646
0.818646
0.818646
0.818646
0.818646
0.818646
0.807604
0.807604
0.807604
0.807604
0.807604
0.807604
0.807604
0.807604
0.807604
0.807604
0.807604
0.807604
0.799375
0.799375
0.799375
0.799375
0.799375
0.799375
0.799375
0.799375
0.799375
0.799375
0.799375
0.799375
0.802847
0.802847
0.802847
0.802847
0.802847
0.802847
0.802847
0.802847
0.802847
0.802847
0.802847
0.802847
0.795312
0.795312
0.795312
0.795312
0.795312
0.795312
0.795312
0.795312
0.795312
0.795312
0.795312
0.795312
0.784167
0.784167
0.784167
0.784167
0.784167
0.784167
0.784167
0.784167
0.784167
0.784167
0.784167
0.784167
0.800764
0.800764
0.800764
0.800764
0.800764
0.800764
0.800764
0.800764
0.800764
0.800764
0.800764
0.800764
0.79441
0.79441
0.79441
0.79441
0.79441
0.79441
0.79441
0.79441
0.79441
0.79441
0.79441
0.79441
0.792951
0.792951
0.792951
0.792951
0.792951
0.792951
0.792951
0.792951
0.792951
0.792951
0.792951
0.792951
0.785972
0.785972
0.785972
0.785972
0.785972
0.785972
0.785972
0.785972
0.785972
0.785972
0.785972
0.785972
0.777188
0.777188
0.777188
0.777188
0.777188
0.777188
0.777188
0.777188
0.777188
0.777188
0.777188
0.777188
0.774097
0.774097
0.774097
0.774097
0.774097
0.774097
0.774097
0.774097
0.774097
0.774097
0.774097
0.774097
0.814792
0.814792
0.814792
0.814792
0.814792
0.814792
0.814792
0.814792
0.814792
0.814792
0.814792
0.814792
0.799618
