0.1125
0.1125
0.1125
0.1125
0.1125
0.1125
0.1125
0.1125
0.1125
0.1125
0.152917
0.152917
0.152917
0.152917
0.152917
0.152917
0.152917
0.152917
0.152917
0.152917
0.187188
0.187188
0.187188
0.187188
0.187188
0.187188
0.187188
0.187188
0.187188
0.187188
0.201528
0.201528
0.201528
0.201528
0.201528
0.201528
0.201528
0.201528
0.201528
0.201528
0.200729
0.200729
0.200729
0.200729
0.200729
0.200729
0.200729
0.200729
0.200729
0.200729
0.205278
0.205278
0.205278
0.205278
0.205278
0.205278
0.205278
0.205278
0.205278
0.205278
0.226667
0.226667
0.226667
0.226667
0.226667
0.226667
0.226667
0.226667
0.226667
0.226667
0.222604
0.222604
0.222604
0.222604
0.222604
0.222604
0.222604
0.222604
0.222604
0.222604
0.228437
0.228437
0.228437
0.228437
0.228437
0.228437
0.228437
0.228437
0.228437
0.228437
0.291042
0.291042
0.291042
0.291042
0.291042
0.291042
0.291042
0.291042
0.291042
0.291042
0.350208
0.350208
0.350208
0.350208
0.350208
0.350208
0.350208
0.350208
0.350208
0.350208
0.355104
0.355104
0.355104
0.355104
0.355104
0.355104
0.355104
0.355104
0.355104
0.355104
0.344271
0.344271
0.344271
0.344271
0.344271
0.344271
0.344271
0.344271
0.344271
0.344271
0.345694
0.345694
0.345694
0.345694
0.345694
0.345694
0.345694
0.345694
0.345694
0.345694
0.364965
0.364965
0.364965
0.364965
0.364965
0.364965
0.364965
0.364965
0.364965
0.364965
0.355521
0.355521
0.355521
0.355521
0.355521
0.355521
0.355521
0.355521
0.355521
0.355521
0.338958
0.338958
0.338958
0.338958
0.338958
0.338958
0.338958
0.338958
0.338958
0.338958
0.328333
0.328333
0.328333
0.328333
0.328333
0.328333
0.328333
0.328333
0.328333
0.328333
0.319167
0.319167
0.319167
0.319167
0.319167
0.319167
0.319167
0.319167
0.319167
0.319167
0.310104
0.310104
0.310104
0.310104
0.310104
0.310104
0.310104
0.310104
0.310104
0.310104
0.303021
0.303021
0.303021
0.303021
0.303021
0.303021
0.303021
0.303021
0.303021
0.303021
0.306771
0.306771
0.306771
0.306771
0.306771
0.306771
0.306771
0.306771
0.306771
0.306771
0.303021
0.303021
0.303021
0.303021
0.303021
0.303021
0.303021
0.303021
0.303021
0.303021
0.308194
0.308194
0.308194
0.308194
0.308194
0.308194
0.308194
0.308194
0.308194
0.308194
0.30625
0.30625
0.30625
0.30625
0.30625
0.30625
0.30625
0.30625
0.30625
0.30625
0.308958
0.308958
0.308958
0.308958
0.308958
0.308958
0.308958
0.308958
0.308958
0.308958
0.307292
0.307292
0.307292
0.307292
0.307292
0.307292
0.307292
0.307292
0.307292
0.307292
0.305833
0.305833
0.305833
0.305833
0.305833
0.305833
0.305833
0.305833
0.305833
0.305833
0.316771
0.316771
0.316771
0.316771
0.316771
0.316771
0.316771
0.316771
0.316771
0.316771
0.340313
0.340313
0.340313
0.340313
0.340313
0.340313
0.340313
0.340313
0.340313
0.340313
0.322292
0.322292
0.322292
0.322292
0.322292
0.322292
0.322292
0.322292
0.322292
0.322292
0.314271
0.314271
0.314271
0.314271
0.314271
0.314271
0.314271
0.314271
0.314271
0.314271
0.308125
0.308125
0.308125
0.308125
0.308125
0.308125
0.308125
0.308125
0.308125
0.308125
0.309063
0.309063
0.309063
0.309063
0.309063
0.309063
0.309063
0.309063
0.309063
0.309063
0.308646
0.308646
0.308646
0.308646
0.308646
0.308646
0.308646
0.308646
0.308646
0.308646
0.318854
0.318854
0.318854
0.318854
0.318854
0.318854
0.318854
0.318854
0.318854
0.318854
0.316979
0.316979
0.316979
0.316979
0.316979
0.316979
0.316979
0.316979
0.316979
0.316979
0.319896
0.319896
0.319896
0.319896
0.319896
0.319896
0.319896
0.319896
0.319896
0.319896
0.312951
0.312951
0.312951
0.312951
0.312951
0.312951
0.312951
0.312951
0.312951
0.312951
0.331458
0.331458
0.331458
0.331458
0.331458
0.331458
0.331458
0.331458
0.331458
0.331458
0.342917
0.342917
0.342917
0.342917
0.342917
0.342917
0.342917
0.342917
0.342917
0.342917
0.386042
0.386042
0.386042
0.386042
0.386042
0.386042
0.386042
0.386042
0.386042
0.386042
0.4275
0.4275
0.4275
0.4275
0.4275
0.4275
0.4275
0.4275
0.4275
0.4275
0.500764
0.500764
0.500764
0.500764
0.500764
0.500764
0.500764
0.500764
0.500764
0.500764
0.554271
0.554271
0.554271
0.554271
0.554271
0.554271
0.554271
0.554271
0.554271
0.554271
0.597882
0.597882
0.597882
0.597882
0.597882
0.597882
0.597882
0.597882
0.597882
0.597882
0.630833
0.630833
0.630833
0.630833
0.630833
0.630833
0.630833
0.630833
0.630833
0.630833
0.652708
0.652708
0.652708
0.652708
0.652708
0.652708
0.652708
0.652708
0.652708
0.652708
0.658438
0.658438
0.658438
0.658438
0.658438
0.658438
0.658438
0.658438
0.658438
0.658438
0.66066
0.66066
0.66066
0.66066
0.66066
0.66066
0.66066
0.66066
0.66066
0.66066
0.66441
0.66441
0.66441
0.66441
0.66441
0.66441
0.66441
0.66441
0.66441
0.66441
0.690799
0.690799
0.690799
0.690799
0.690799
0.690799
0.690799
0.690799
0.690799
0.690799
0.726701
0.726701
0.726701
0.726701
0.726701
0.726701
0.726701
0.726701
0.726701
0.726701
0.741701
0.741701
0.741701
0.741701
0.741701
0.741701
0.741701
0.741701
0.741701
0.741701
0.747812
0.747812
0.747812
0.747812
0.747812
0.747812
0.747812
0.747812
0.747812
0.747812
0.758125
0.758125
0.758125
0.758125
0.758125
0.758125
0.758125
0.758125
0.758125
0.758125
0.750243
0.750243
0.750243
0.750243
0.750243
0.750243
0.750243
0.750243
0.750243
0.750243
0.743889
0.743889
0.743889
0.743889
0.743889
0.743889
0.743889
0.743889
0.743889
0.743889
0.759514
0.759514
0.759514
0.759514
0.759514
0.759514
0.759514
0.759514
0.759514
0.759514
0.780139
0.780139
0.780139
0.780139
0.780139
0.780139
0.780139
0.780139
0.780139
0.780139
0.817986
0.817986
0.817986
0.817986
0.817986
0.817986
0.817986
0.817986
0.817986
0.817986
0.865903
0.865903
0.865903
0.865903
0.865903
0.865903
0.865903
0.865903
0.865903
0.865903
0.929306
0.929306
0.929306
0.929306
0.929306
0.929306
0.929306
0.929306
0.929306
0.929306
0.92375
0.92375
0.92375
0.92375
0.92375
0.92375
0.92375
0.92375
0.92375
0.92375
0.931354
0.931354
0.931354
0.931354
0.931354
0.931354
0.931354
0.931354
0.931354
0.931354
0.954514
0.954514
0.954514
0.954514
0.954514
0.954514
0.954514
0.954514
0.954514
0.954514
0.952986
0.952986
0.952986
0.952986
0.952986
0.952986
0.952986
0.952986
0.952986
0.952986
0.944306
0.944306
0.944306
0.944306
0.944306
0.944306
0.944306
0.944306
0.944306
0.944306
0.941701
0.941701
0.941701
0.941701
0.941701
0.941701
0.941701
0.941701
0.941701
0.941701
0.941458
0.941458
0.941458
0.941458
0.941458
0.941458
0.941458
0.941458
0.941458
0.941458
0.9425
0.9425
0.9425
0.9425
0.9425
0.9425
0.9425
0.9425
0.9425
0.9425
0.947292
0.947292
0.947292
0.947292
0.947292
0.947292
0.947292
0.947292
0.947292
0.947292
0.972014
0.972014
0.972014
0.972014
0.972014
0.972014
0.972014
0.972014
0.972014
0.972014
0.967153
0.967153
0.967153
0.967153
0.967153
0.967153
0.967153
0.967153
0.967153
0.967153
0.967535
0.967535
0.967535
0.967535
0.967535
0.967535
0.967535
0.967535
0.967535
0.967535
0.975451
0.975451
0.975451
0.975451
0.975451
0.975451
0.975451
0.975451
0.975451
0.975451
0.975764
0.975764
0.975764
0.975764
0.975764
0.975764
0.975764
0.975764
0.975764
0.975764
0.982222
0.982222
0.982222
0.982222
0.982222
0.982222
0.982222
0.982222
0.982222
0.982222
0.97816
0.97816
0.97816
0.97816
0.97816
0.97816
0.97816
0.97816
0.97816
0.97816
0.97691
0.97691
0.97691
0.97691
0.97691
0.97691
0.97691
0.97691
0.97691
0.97691
0.970347
0.970347
0.970347
0.970347
0.970347
0.970347
0.970347
0.970347
0.970347
0.970347
0.968472
0.968472
0.968472
0.968472
0.968472
0.968472
0.968472
0.968472
0.968472
0.968472
0.979618
0.979618
0.979618
0.979618
0.979618
0.979618
0.979618
0.979618
0.979618
0.979618
0.985035
0.985035
0.985035
0.985035
0.985035
0.985035
0.985035
0.985035
0.985035
0.985035
0.983056
0.983056
0.983056
0.983056
0.983056
0.983056
0.983056
0.983056
0.983056
0.983056
0.983368
0.983368
0.983368
0.983368
0.983368
0.983368
0.983368
0.983368
0.983368
0.983368
0.982326
0.982326
0.982326
0.982326
0.982326
0.982326
0.982326
0.982326
0.982326
0.982326
0.983368
0.983368
0.983368
0.983368
0.983368
0.983368
0.983368
0.983368
0.983368
0.983368
0.981597
0.981597
0.981597
0.981597
0.981597
0.981597
0.981597
0.981597
0.981597
0.981597
0.980451
0.980451
0.980451
0.980451
0.980451
0.980451
0.980451
0.980451
0.980451
0.980451
0.980556
0.980556
0.980556
0.980556
0.980556
0.980556
0.980556
0.980556
0.980556
0.980556
0.979618
0.979618
0.979618
0.979618
0.979618
0.979618
0.979618
0.979618
0.979618
0.979618
0.980035
0.980035
0.980035
0.980035
0.980035
0.980035
0.980035
0.980035
0.980035
0.980035
0.979097
0.979097
0.979097
0.979097
0.979097
0.979097
0.979097
0.979097
0.979097
0.979097
0.978785
0.978785
0.978785
0.978785
0.978785
0.978785
0.978785
0.978785
0.978785
0.978785
0.97691
0.97691
0.97691
0.97691
0.97691
0.97691
0.97691
0.97691
0.97691
0.97691
0.97816
0.97816
0.97816
0.97816
0.97816
0.97816
0.97816
0.97816
0.97816
0.97816
0.977014
0.977014
0.977014
0.977014
0.977014
0.977014
0.977014
0.977014
0.977014
0.977014
0.977326
0.977326
0.977326
0.977326
0.977326
0.977326
0.977326
0.977326
0.977326
0.977326
0.976493
0.976493
0.976493
0.976493
0.976493
0.976493
0.976493
0.976493
0.976493
0.976493
0.975868
0.975868
0.975868
0.975868
0.975868
0.975868
0.975868
0.975868
0.975868
0.975868
0.976181
0.976181
0.976181
0.976181
0.976181
0.976181
0.976181
0.976181
0.976181
0.976181
0.975347
0.975347
0.975347
0.975347
0.975347
0.975347
0.975347
0.975347
0.975347
0.975347
0.975556
0.975556
0.975556
0.975556
0.975556
0.975556
0.975556
0.975556
0.975556
0.975556
0.973264
0.973264
0.973264
0.973264
0.973264
0.973264
0.973264
0.973264
0.973264
0.973264
0.971806
0.971806
0.971806
0.971806
0.971806
0.971806
0.971806
0.971806
0.971806
0.971806
0.972847
0.972847
0.972847
0.972847
0.972847
0.972847
0.972847
0.972847
0.972847
0.972847
0.97066
0.97066
0.97066
0.97066
0.97066
0.97066
0.97066
0.97066
0.97066
0.97066
0.96816
0.96816
0.96816
0.96816
0.96816
0.96816
0.96816
0.96816
0.96816
0.96816
0.967743
0.967743
0.967743
0.967743
0.967743
0.967743
0.967743
0.967743
0.967743
0.967743
0.965243
0.965243
0.965243
0.965243
0.965243
0.965243
0.965243
0.965243
0.965243
0.965243
0.967118
0.967118
0.967118
0.967118
0.967118
0.967118
0.967118
0.967118
0.967118
0.967118
0.964722
0.964722
0.964722
0.964722
0.964722
0.964722
0.964722
0.964722
0.964722
0.964722
0.962639
0.962639
0.962639
0.962639
0.962639
0.962639
0.962639
0.962639
0.962639
0.962639
0.959306
0.959306
0.959306
0.959306
0.959306
0.959306
0.959306
0.959306
0.959306
0.959306
0.959201
0.959201
0.959201
0.959201
0.959201
0.959201
0.959201
0.959201
0.959201
0.959201
0.955556
0.955556
0.955556
0.955556
0.955556
0.955556
0.955556
0.955556
0.955556
0.955556
0.951528
0.951528
0.951528
0.951528
0.951528
0.951528
0.951528
0.951528
0.951528
0.951528
0.950486
0.950486
0.950486
0.950486
0.950486
0.950486
0.950486
0.950486
0.950486
0.950486
0.949236
0.949236
0.949236
0.949236
0.949236
0.949236
0.949236
0.949236
0.949236
0.949236
0.946007
0.946007
0.946007
0.946007
0.946007
0.946007
0.946007
0.946007
0.946007
0.946007
0.944931
0.944931
0.944931
0.944931
0.944931
0.944931
0.944931
0.944931
0.944931
0.944931
0.937951
0.937951
0.937951
0.937951
0.937951
0.937951
0.937951
0.937951
0.937951
0.937951
0.935278
0.935278
0.935278
0.935278
0.935278
0.935278
0.935278
0.935278
0.935278
0.935278
0.935694
0.935694
0.935694
0.935694
0.935694
0.935694
0.935694
0.935694
0.935694
0.935694
0.932014
0.932014
0.932014
0.932014
0.932014
0.932014
0.932014
0.932014
0.932014
0.932014
0.928889
0.928889
0.928889
0.928889
0.928889
0.928889
0.928889
0.928889
0.928889
0.928889
0.924618
0.924618
0.924618
0.924618
0.924618
0.924618
0.924618
0.924618
0.924618
0.924618
0.92066
0.92066
0.92066
0.92066
0.92066
0.92066
0.92066
0.92066
0.92066
0.92066
0.919306
0.919306
0.919306
0.919306
0.919306
0.919306
0.919306
0.919306
0.919306
0.919306
0.913576
0.913576
0.913576
0.913576
0.913576
0.913576
0.913576
0.913576
0.913576
0.913576
0.914549
0.914549
0.914549
0.914549
0.914549
0.914549
0.914549
0.914549
0.914549
0.914549
0.907014
0.907014
0.907014
0.907014
0.907014
0.907014
0.907014
0.907014
0.907014
0.907014
0.90059
0.90059
0.90059
0.90059
0.90059
0.90059
0.90059
0.90059
0.90059
0.90059
0.893924
0.893924
0.893924
0.893924
0.893924
0.893924
0.893924
0.893924
0.893924
0.893924
0.885833
0.885833
0.885833
0.885833
0.885833
0.885833
0.885833
0.885833
0.885833
0.885833
0.884931
0.884931
0.884931
0.884931
0.884931
0.884931
0.884931
0.884931
0.884931
0.884931
0.876563
0.876563
0.876563
0.876563
0.876563
0.876563
0.876563
0.876563
0.876563
0.876563
0.86875
0.86875
0.86875
0.86875
0.86875
0.86875
0.86875
0.86875
0.86875
0.86875
0.865729
0.865729
0.865729
0.865729
0.865729
0.865729
0.865729
0.865729
0.865729
0.865729
0.858125
0.858125
0.858125
0.858125
0.858125
0.858125
0.858125
0.858125
0.858125
0.858125
0.856563
0.856563
0.856563
0.856563
0.856563
0.856563
0.856563
0.856563
0.856563
0.856563
0.856181
0.856181
0.856181
0.856181
0.856181
0.856181
0.856181
0.856181
0.856181
0.856181
0.868576
0.868576
0.868576
0.868576
0.868576
0.868576
0.868576
0.868576
0.868576
0.868576
0.884306
0.884306
0.884306
0.884306
0.884306
0.884306
0.884306
0.884306
0.884306
0.884306
0.899097
0.899097
0.899097
0.899097
0.899097
0.899097
0.899097
0.899097
0.899097
0.899097
0.909896
0.909896
0.909896
0.909896
0.909896
0.909896
0.909896
0.909896
0.909896
0.909896
0.924167
0.924167
0.924167
0.924167
0.924167
0.924167
0.924167
0.924167
0.924167
0.924167
0.935833
0.935833
0.935833
0.935833
0.935833
0.935833
0.935833
0.935833
0.935833
0.935833
0.947326
0.947326
0.947326
0.947326
0.947326
0.947326
0.947326
0.947326
0.947326
0.947326
0.954722
0.954722
0.954722
0.954722
0.954722
0.954722
0.954722
0.954722
0.954722
0.954722
0.963299
0.963299
0.963299
0.963299
0.963299
0.963299
0.963299
0.963299
0.963299
0.963299
0.971389
0.971389
0.971389
0.971389
0.971389
0.971389
0.971389
0.971389
0.971389
0.971389
0.973576
0.973576
0.973576
0.973576
0.973576
0.973576
0.973576
0.973576
0.973576
0.973576
0.975139
0.975139
0.975139
0.975139
0.975139
0.975139
0.975139
0.975139
0.975139
0.975139
0.970556
0.970556
0.970556
0.970556
0.970556
0.970556
0.970556
0.970556
0.970556
0.970556
0.969618
0.969618
0.969618
0.969618
0.969618
0.969618
0.969618
0.969618
0.969618
0.969618
0.969028
0.969028
0.969028
0.969028
0.969028
0.969028
0.969028
0.969028
0.969028
0.969028
0.965035
0.965035
0.965035
0.965035
0.965035
0.965035
0.965035
0.965035
0.965035
0.965035
0.961042
0.961042
0.961042
0.961042
0.961042
0.961042
0.961042
0.961042
0.961042
0.961042
0.966806
0.966806
0.966806
0.966806
0.966806
0.966806
0.966806
0.966806
0.966806
0.966806
0.970972
0.970972
0.970972
0.970972
0.970972
0.970972
0.970972
0.970972
0.970972
0.970972
0.980035
0.980035
0.980035
0.980035
0.980035
0.980035
0.980035
0.980035
0.980035
0.980035
0.974722
0.974722
0.974722
0.974722
0.974722
0.974722
0.974722
0.974722
0.974722
0.974722
0.975347
0.975347
0.975347
0.975347
0.975347
0.975347
0.975347
0.975347
0.975347
0.975347
0.964861
0.964861
0.964861
0.964861
0.964861
0.964861
0.964861
0.964861
0.964861
0.964861
0.954653
0.954653
0.954653
0.954653
0.954653
0.954653
0.954653
0.954653
0.954653
0.954653
0.961493
0.961493
0.961493
0.961493
0.961493
0.961493
0.961493
0.961493
0.961493
0.961493
0.961285
0.961285
0.961285
0.961285
0.961285
0.961285
0.961285
0.961285
0.961285
0.961285
0.960451
0.960451
0.960451
0.960451
0.960451
0.960451
0.960451
0.960451
0.960451
0.960451
0.969792
0.969792
0.969792
0.969792
0.969792
0.969792
0.969792
0.969792
0.969792
0.969792
0.956979
0.956979
0.956979
0.956979
0.956979
0.956979
0.956979
0.956979
0.956979
0.956979
0.945868
0.945868
0.945868
0.945868
0.945868
0.945868
0.945868
0.945868
0.945868
0.945868
0.942014
0.942014
0.942014
0.942014
0.942014
0.942014
0.942014
0.942014
0.942014
0.942014
0.861285
0.861285
0.861285
0.861285
0.861285
0.861285
0.861285
0.861285
0.861285
0.861285
0.715139
0.715139
0.715139
0.715139
0.715139
0.715139
0.715139
0.715139
0.715139
0.715139
0.647951
0.647951
0.647951
0.647951
0.647951
0.647951
0.647951
0.647951
0.647951
0.647951
0.628472
0.628472
0.628472
0.628472
0.628472
0.628472
0.628472
0.628472
0.628472
0.628472
0.662014
0.662014
0.662014
0.662014
0.662014
0.662014
0.662014
0.662014
0.662014
0.662014
0.576493
0.576493
0.576493
0.576493
0.576493
0.576493
0.576493
0.576493
0.576493
0.576493
0.542951
0.542951
0.542951
0.542951
0.542951
0.542951
0.542951
0.542951
0.542951
0.542951
0.507118
0.507118
0.507118
0.507118
0.507118
0.507118
0.507118
0.507118
0.507118
0.507118
0.471632
0.471632
0.471632
0.471632
0.471632
0.471632
0.471632
0.471632
0.471632
0.471632
0.432604
0.432604
0.432604
0.432604
0.432604
0.432604
0.432604
0.432604
0.432604
0.432604
0.414479
0.414479
0.414479
0.414479
0.414479
0.414479
0.414479
0.414479
0.414479
0.414479
0.342882
0.342882
0.342882
0.342882
0.342882
0.342882
0.342882
0.342882
0.342882
0.342882
0.262569
0.262569
0.262569
0.262569
0.262569
0.262569
0.262569
0.262569
0.262569
0.262569
0.309931
0.309931
0.309931
0.309931
0.309931
0.309931
0.309931
0.309931
0.309931
0.309931
0.371181
0.371181
0.371181
0.371181
0.371181
0.371181
0.371181
0.371181
0.371181
0.371181
0.470938
0.470938
0.470938
0.470938
0.470938
0.470938
0.470938
0.470938
0.470938
0.470938
0.569271
0.569271
0.569271
0.569271
0.569271
0.569271
0.569271
0.569271
0.569271
0.569271
0.691285
0.691285
0.691285
0.691285
0.691285
0.691285
0.691285
0.691285
0.691285
0.691285
0.601979
0.601979
0.601979
0.601979
0.601979
0.601979
0.601979
0.601979
0.601979
0.601979
0.501076
0.501076
0.501076
0.501076
0.501076
0.501076
0.501076
0.501076
0.501076
0.501076
0.400347
0.400347
0.400347
0.400347
0.400347
0.400347
0.400347
0.400347
0.400347
0.400347
0.308993
0.308993
0.308993
0.308993
0.308993
0.308993
0.308993
0.308993
0.308993
0.308993
0.203472
0.203472
0.203472
0.203472
0.203472
0.203472
0.203472
0.203472
0.203472
0.203472
0.121215
0.121215
0.121215
0.121215
0.121215
0.121215
0.121215
0.121215
0.121215
0.121215
0.0935069
0.0935069
0.0935069
0.0935069
0.0935069
0.0935069
0.0935069
0.0935069
0.0935069
0.0935069
0.0929514
0.0929514
0.0929514
0.0929514
0.0929514
0.0929514
0.0929514
0.0929514
0.0929514
0.0929514
0.101042
0.101042
0.101042
0.101042
0.101042
0.101042
0.101042
0.101042
0.101042
0.101042
0.295104
0.295104
0.295104
0.295104
0.295104
0.295104
0.295104
0.295104
0.295104
0.295104
0.516042
0.516042
0.516042
0.516042
0.516042
0.516042
0.516042
0.516042
0.516042
0.516042
0.620729
0.620729
0.620729
0.620729
0.620729
0.620729
0.620729
0.620729
0.620729
0.620729
0.529444
0.529444
0.529444
0.529444
0.529444
0.529444
0.529444
0.529444
0.529444
0.529444
0.370035
0.370035
0.370035
0.370035
0.370035
0.370035
0.370035
0.370035
0.370035
0.370035
0.262431
0.262431
0.262431
0.262431
0.262431
0.262431
0.262431
0.262431
0.262431
0.262431
0.161875
0.161875
0.161875
0.161875
0.161875
0.161875
0.161875
0.161875
0.161875
0.161875
0.0885069
0.0885069
0.0885069
0.0885069
0.0885069
0.0885069
0.0885069
0.0885069
0.0885069
0.0885069
0.0802083
0.0802083
0.0802083
0.0802083
0.0802083
0.0802083
0.0802083
0.0802083
0.0802083
0.0802083
0.0950694
0.0950694
0.0950694
0.0950694
0.0950694
0.0950694
0.0950694
0.0950694
0.0950694
0.0950694
0.190139
0.190139
0.190139
0.190139
0.190139
0.190139
0.190139
0.190139
0.190139
0.190139
0.346389
0.346389
0.346389
0.346389
0.346389
0.346389
0.346389
0.346389
0.346389
0.346389
0.714444
0.714444
0.714444
0.714444
0.714444
0.714444
0.714444
0.714444
0.714444
0.714444
0.755417
0.755417
0.755417
0.755417
0.755417
0.755417
0.755417
0.755417
0.755417
0.755417
0.712222
0.712222
0.712222
0.712222
0.712222
0.712222
0.712222
0.712222
0.712222
0.712222
0.392222
0.392222
0.392222
0.392222
0.392222
0.392222
0.392222
0.392222
0.392222
0.392222
0.342292
0.342292
0.342292
0.342292
0.342292
0.342292
0.342292
0.342292
0.342292
0.342292
0.224271
0.224271
0.224271
0.224271
0.224271
0.224271
0.224271
0.224271
0.224271
0.224271
0.144132
0.144132
0.144132
0.144132
0.144132
0.144132
0.144132
0.144132
0.144132
0.144132
0.0835417
0.0835417
0.0835417
0.0835417
0.0835417
0.0835417
0.0835417
0.0835417
0.0835417
0.0835417
0.0652083
0.0652083
0.0652083
0.0652083
0.0652083
0.0652083
0.0652083
0.0652083
0.0652083
0.0652083
0.0633333
0.0633333
0.0633333
0.0633333
0.0633333
0.0633333
0.0633333
0.0633333
0.0633333
0.0633333
0.0639583
0.0639583
0.0639583
0.0639583
0.0639583
0.0639583
0.0639583
0.0639583
0.0639583
0.0639583
0.063125
0.063125
0.063125
0.063125
0.063125
0.063125
0.063125
0.063125
0.063125
0.063125
0.0639583
0.0639583
0.0639583
0.0639583
0.0639583
0.0639583
0.0639583
0.0639583
0.0639583
0.0639583
0.0658333
0.0658333
0.0658333
0.0658333
0.0658333
0.0658333
0.0658333
0.0658333
0.0658333
0.0658333
0.0985417
0.0985417
0.0985417
0.0985417
0.0985417
0.0985417
0.0985417
0.0985417
0.0985417
0.0985417
0.156042
0.156042
0.156042
0.156042
0.156042
0.156042
0.156042
0.156042
0.156042
0.156042
0.18059
0.18059
0.18059
0.18059
0.18059
0.18059
0.18059
0.18059
0.18059
0.18059
0.175313
0.175313
0.175313
0.175313
0.175313
0.175313
0.175313
0.175313
0.175313
0.175313
0.162188
0.162188
0.162188
0.162188
0.162188
0.162188
0.162188
0.162188
0.162188
0.162188
0.12375
0.12375
0.12375
0.12375
0.12375
0.12375
0.12375
0.12375
0.12375
0.12375
0.103229
0.103229
0.103229
0.103229
0.103229
0.103229
0.103229
0.103229
0.103229
0.103229
0.0753125
0.0753125
0.0753125
0.0753125
0.0753125
0.0753125
0.0753125
0.0753125
0.0753125
0.0753125
0.0703125
0.0703125
0.0703125
0.0703125
0.0703125
0.0703125
0.0703125
0.0703125
0.0703125
0.0703125
0.0692708
0.0692708
0.0692708
0.0692708
0.0692708
0.0692708
0.0692708
0.0692708
0.0692708
0.0692708
0.0772917
0.0772917
0.0772917
0.0772917
0.0772917
0.0772917
0.0772917
0.0772917
0.0772917
0.0772917
0.0751042
0.0751042
0.0751042
0.0751042
0.0751042
0.0751042
0.0751042
0.0751042
0.0751042
0.0751042
0.128438
0.128438
0.128438
0.128438
0.128438
0.128438
0.128438
0.128438
0.128438
0.128438
0.147396
0.147396
0.147396
0.147396
0.147396
0.147396
0.147396
0.147396
0.147396
0.147396
0.141563
0.141563
0.141563
0.141563
0.141563
0.141563
0.141563
0.141563
0.141563
0.141563
0.08875
0.08875
0.08875
0.08875
0.08875
0.08875
0.08875
0.08875
0.08875
0.08875
0.0580208
0.0580208
0.0580208
0.0580208
0.0580208
0.0580208
0.0580208
0.0580208
0.0580208
0.0580208
0.0961458
0.0961458
0.0961458
0.0961458
0.0961458
0.0961458
0.0961458
0.0961458
0.0961458
0.0961458
0.0952083
0.0952083
0.0952083
0.0952083
0.0952083
0.0952083
0.0952083
0.0952083
0.0952083
0.0952083
0.106458
0.106458
0.106458
0.106458
0.106458
0.106458
0.106458
0.106458
0.106458
0.106458
0.0753125
0.0753125
0.0753125
0.0753125
0.0753125
0.0753125
0.0753125
0.0753125
0.0753125
0.0753125
0.0628125
0.0628125
0.0628125
0.0628125
0.0628125
0.0628125
0.0628125
0.0628125
0.0628125
0.0628125
0.0685417
0.0685417
0.0685417
0.0685417
0.0685417
0.0685417
0.0685417
0.0685417
0.0685417
0.0685417
0.0751042
0.0751042
0.0751042
0.0751042
0.0751042
0.0751042
0.0751042
0.0751042
0.0751042
0.0751042
0.0801042
0.0801042
0.0801042
0.0801042
0.0801042
0.0801042
0.0801042
0.0801042
0.0801042
0.0801042
0.120729
0.120729
0.120729
0.120729
0.120729
0.120729
0.120729
0.120729
0.120729
0.120729
0.139063
0.139063
0.139063
0.139063
0.139063
0.139063
0.139063
0.139063
0.139063
0.139063
0.153958
0.153958
0.153958
0.153958
0.153958
0.153958
0.153958
0.153958
0.153958
0.153958
0.136076
0.136076
0.136076
0.136076
0.136076
0.136076
0.136076
0.136076
0.136076
0.136076
0.0747917
0.0747917
0.0747917
0.0747917
0.0747917
0.0747917
0.0747917
0.0747917
0.0747917
0.0747917
0.0489583
0.0489583
0.0489583
0.0489583
0.0489583
0.0489583
0.0489583
0.0489583
0.0489583
0.0489583
0.0489583
0.0489583
0.0489583
0.0489583
0.0489583
0.0489583
0.0489583
0.0489583
0.0489583
0.0489583
0.0472917
0.0472917
0.0472917
0.0472917
0.0472917
0.0472917
0.0472917
0.0472917
0.0472917
0.0472917
0.0471875
0.0471875
0.0471875
0.0471875
0.0471875
0.0471875
0.0471875
0.0471875
0.0471875
0.0471875
0.0475
0.0475
0.0475
0.0475
0.0475
0.0475
0.0475
0.0475
0.0475
0.0475
0.0465625
0.0465625
0.0465625
0.0465625
0.0465625
0.0465625
0.0465625
0.0465625
0.0465625
0.0465625
0.0802083
0.0802083
0.0802083
0.0802083
0.0802083
0.0802083
0.0802083
0.0802083
0.0802083
0.0802083
0.122188
0.122188
0.122188
0.122188
0.122188
0.122188
0.122188
0.122188
0.122188
0.122188
0.239063
0.239063
0.239063
0.239063
0.239063
0.239063
0.239063
0.239063
0.239063
0.239063
0.290417
0.290417
0.290417
0.290417
0.290417
0.290417
0.290417
0.290417
0.290417
0.290417
0.266562
0.266562
0.266562
0.266562
0.266562
0.266562
0.266562
0.266562
0.266562
0.266562
0.229167
0.229167
0.229167
0.229167
0.229167
0.229167
0.229167
0.229167
0.229167
0.229167
0.179757
0.179757
0.179757
0.179757
0.179757
0.179757
0.179757
0.179757
0.179757
0.179757
0.120625
0.120625
0.120625
0.120625
0.120625
0.120625
0.120625
0.120625
0.120625
0.120625
0.105833
0.105833
0.105833
0.105833
0.105833
0.105833
0.105833
0.105833
0.105833
0.105833
0.11
0.11
0.11
0.11
0.11
0.11
0.11
0.11
0.11
0.11
0.124167
0.124167
0.124167
0.124167
0.124167
0.124167
0.124167
0.124167
0.124167
0.124167
0.154097
0.154097
0.154097
0.154097
0.154097
0.154097
0.154097
0.154097
0.154097
0.154097
0.168333
0.168333
0.168333
0.168333
0.168333
0.168333
0.168333
0.168333
0.168333
0.168333
0.175625
0.175625
0.175625
0.175625
0.175625
0.175625
0.175625
0.175625
0.175625
0.175625
0.185625
0.185625
0.185625
0.185625
0.185625
0.185625
0.185625
0.185625
0.185625
0.185625
0.204167
0.204167
0.204167
0.204167
0.204167
0.204167
0.204167
0.204167
0.204167
0.204167
0.216771
0.216771
0.216771
0.216771
0.216771
0.216771
0.216771
0.216771
0.216771
0.216771
0.216667
0.216667
0.216667
0.216667
0.216667
0.216667
0.216667
0.216667
0.216667
0.216667
0.219931
0.219931
0.219931
0.219931
0.219931
0.219931
0.219931
0.219931
0.219931
0.219931
0.215833
0.215833
0.215833
0.215833
0.215833
0.215833
0.215833
0.215833
0.215833
0.215833
0.214306
0.214306
0.214306
0.214306
0.214306
0.214306
0.214306
0.214306
0.214306
0.214306
0.22875
0.22875
0.22875
0.22875
0.22875
0.22875
0.22875
0.22875
0.22875
0.22875
0.238229
0.238229
0.238229
0.238229
0.238229
0.238229
0.238229
0.238229
0.238229
0.238229
0.242292
0.242292
0.242292
0.242292
0.242292
0.242292
0.242292
0.242292
0.242292
0.242292
0.235521
0.235521
0.235521
0.235521
0.235521
0.235521
0.235521
0.235521
0.235521
0.235521
0.231806
0.231806
0.231806
0.231806
0.231806
0.231806
0.231806
0.231806
0.231806
0.231806
0.2525
0.2525
0.2525
0.2525
0.2525
0.2525
0.2525
0.2525
0.2525
0.2525
0.252917
0.252917
0.252917
0.252917
0.252917
0.252917
0.252917
0.252917
0.252917
0.252917
0.263542
0.263542
0.263542
0.263542
0.263542
0.263542
0.263542
0.263542
0.263542
0.263542
0.266667
0.266667
0.266667
0.266667
0.266667
0.266667
0.266667
0.266667
0.266667
0.266667
0.272778
0.272778
0.272778
0.272778
0.272778
0.272778
0.272778
0.272778
0.272778
0.272778
0.258854
0.258854
0.258854
0.258854
0.258854
0.258854
0.258854
0.258854
0.258854
0.258854
0.323333
0.323333
0.323333
0.323333
0.323333
0.323333
0.323333
0.323333
0.323333
0.323333
0.390729
0.390729
0.390729
0.390729
0.390729
0.390729
0.390729
0.390729
0.390729
0.390729
0.447917
0.447917
0.447917
0.447917
0.447917
0.447917
0.447917
0.447917
0.447917
0.447917
0.487153
0.487153
0.487153
0.487153
0.487153
0.487153
0.487153
0.487153
0.487153
0.487153
0.616042
0.616042
0.616042
0.616042
0.616042
0.616042
0.616042
0.616042
0.616042
0.616042
0.740521
0.740521
0.740521
0.740521
0.740521
0.740521
0.740521
0.740521
0.740521
0.740521
0.808056
0.808056
0.808056
0.808056
0.808056
0.808056
0.808056
0.808056
0.808056
0.808056
0.833194
0.833194
0.833194
0.833194
0.833194
0.833194
0.833194
0.833194
0.833194
0.833194
0.865347
0.865347
0.865347
0.865347
0.865347
0.865347
0.865347
0.865347
0.865347
0.865347
0.874549
0.874549
0.874549
0.874549
0.874549
0.874549
0.874549
0.874549
0.874549
0.874549
0.859097
0.859097
0.859097
0.859097
0.859097
0.859097
0.859097
0.859097
0.859097
0.859097
0.853854
0.853854
0.853854
0.853854
0.853854
0.853854
0.853854
0.853854
0.853854
0.853854
0.853264
0.853264
0.853264
0.853264
0.853264
0.853264
0.853264
0.853264
0.853264
0.853264
0.854896
0.854896
0.854896
0.854896
0.854896
0.854896
0.854896
0.854896
0.854896
0.854896
0.853194
0.853194
0.853194
0.853194
0.853194
0.853194
0.853194
0.853194
0.853194
0.853194
0.845625
0.845625
0.845625
0.845625
0.845625
0.845625
0.845625
0.845625
0.845625
0.845625
0.844757
0.844757
0.844757
0.844757
0.844757
0.844757
0.844757
0.844757
0.844757
0.844757
0.829931
0.829931
0.829931
0.829931
0.829931
0.829931
0.829931
0.829931
0.829931
0.829931
0.82441
0.82441
0.82441
0.82441
0.82441
0.82441
0.82441
0.82441
0.82441
0.82441
0.818993
0.818993
0.818993
0.818993
0.818993
0.818993
0.818993
0.818993
0.818993
0.818993
0.809583
0.809583
0.809583
0.809583
0.809583
0.809583
0.809583
0.809583
0.809583
0.809583
0.805382
0.805382
0.805382
0.805382
0.805382
0.805382
0.805382
0.805382
0.805382
0.805382
0.79684
0.79684
0.79684
0.79684
0.79684
0.79684
0.79684
0.79684
0.79684
0.79684
0.793924
0.793924
0.793924
0.793924
0.793924
0.793924
0.793924
0.793924
0.793924
0.793924
0.794653
0.794653
0.794653
0.794653
0.794653
0.794653
0.794653
0.794653
0.794653
0.794653
0.805174
0.805174
0.805174
0.805174
0.805174
0.805174
0.805174
0.805174
0.805174
0.805174
0.80434
0.80434
0.80434
0.80434
0.80434
0.80434
0.80434
0.80434
0.80434
0.80434
0.809653
0.809653
0.809653
0.809653
0.809653
0.809653
0.809653
0.809653
0.809653
0.809653
0.80934
0.80934
0.80934
0.80934
0.80934
0.80934
0.80934
0.80934
0.80934
0.80934
0.807882
0.807882
0.807882
0.807882
0.807882
0.807882
0.807882
0.807882
0.807882
0.807882
0.807465
0.807465
0.807465
0.807465
0.807465
0.807465
0.807465
0.807465
0.807465
0.807465
0.810278
0.810278
0.810278
0.810278
0.810278
0.810278
0.810278
0.810278
0.810278
0.810278
0.816215
0.816215
0.816215
0.816215
0.816215
0.816215
0.816215
0.816215
0.816215
0.816215
0.825069
0.825069
0.825069
0.825069
0.825069
0.825069
0.825069
0.825069
0.825069
0.825069
0.811944
0.811944
0.811944
0.811944
0.811944
0.811944
0.811944
0.811944
0.811944
0.811944
0.80934
0.80934
0.80934
0.80934
0.80934
0.80934
0.80934
0.80934
0.80934
0.80934
0.810799
0.810799
0.810799
0.810799
0.810799
0.810799
0.810799
0.810799
0.810799
0.810799
0.806215
0.806215
0.806215
0.806215
0.806215
0.806215
0.806215
0.806215
0.806215
0.806215
0.804132
0.804132
0.804132
0.804132
0.804132
0.804132
0.804132
0.804132
0.804132
0.804132
0.795625
0.795625
0.795625
0.795625
0.795625
0.795625
0.795625
0.795625
0.795625
0.795625
0.795312
0.795312
0.795312
0.795312
0.795312
0.795312
0.795312
0.795312
0.795312
0.795312
0.789549
0.789549
0.789549
0.789549
0.789549
0.789549
0.789549
0.789549
0.789549
0.789549
0.787778
0.787778
0.787778
0.787778
0.787778
0.787778
0.787778
0.787778
0.787778
0.787778
0.782569
0.782569
0.782569
0.782569
0.782569
0.782569
0.782569
0.782569
0.782569
0.782569
0.786944
0.786944
0.786944
0.786944
0.786944
0.786944
0.786944
0.786944
0.786944
0.786944
0.793194
0.793194
0.793194
0.793194
0.793194
0.793194
0.793194
0.793194
0.793194
0.793194
0.797813
0.797813
0.797813
0.797813
0.797813
0.797813
0.797813
0.797813
0.797813
0.797813
0.792153
0.792153
0.792153
0.792153
0.792153
0.792153
0.792153
0.792153
0.792153
0.792153
0.792813
0.792813
0.792813
0.792813
0.792813
0.792813
0.792813
0.792813
0.792813
0.792813
0.788646
0.788646
0.788646
0.788646
0.788646
0.788646
0.788646
0.788646
0.788646
0.788646
0.792569
0.792569
0.792569
0.792569
0.792569
0.792569
0.792569
0.792569
0.792569
0.792569
0.790972
0.790972
0.790972
0.790972
0.790972
0.790972
0.790972
0.790972
0.790972
0.790972
0.779479
0.779479
0.779479
0.779479
0.779479
0.779479
0.779479
0.779479
0.779479
0.779479
0.778299
0.778299
0.778299
0.778299
0.778299
0.778299
0.778299
0.778299
0.778299
0.778299
0.776736
0.776736
0.776736
0.776736
0.776736
0.776736
0.776736
0.776736
0.776736
0.776736
0.781528
0.781528
0.781528
0.781528
0.781528
0.781528
0.781528
0.781528
0.781528
0.781528
0.783611
0.783611
0.783611
0.783611
0.783611
0.783611
0.783611
0.783611
0.783611
0.783611
0.782674
0.782674
0.782674
0.782674
0.782674
0.782674
0.782674
0.782674
0.782674
0.782674
0.783958
0.783958
0.783958
0.783958
0.783958
0.783958
0.783958
0.783958
0.783958
0.783958
0.779687
0.779687
0.779687
0.779687
0.779687
0.779687
0.779687
0.779687
0.779687
0.779687
0.787153
0.787153
0.787153
0.787153
0.787153
0.787153
0.787153
0.787153
0.787153
0.787153
0.785868
0.785868
0.785868
0.785868
0.785868
0.785868
0.785868
0.785868
0.785868
0.785868
0.791458
0.791458
0.791458
0.791458
0.791458
0.791458
0.791458
0.791458
0.791458
0.791458
0.789792
0.789792
0.789792
0.789792
0.789792
0.789792
0.789792
0.789792
0.789792
0.789792
0.791875
0.791875
0.791875
0.791875
0.791875
0.791875
0.791875
0.791875
0.791875
0.791875
0.790417
0.790417
0.790417
0.790417
0.790417
0.790417
0.790417
0.790417
0.790417
0.790417
0.786563
0.786563
0.786563
0.786563
0.786563
0.786563
0.786563
0.786563
0.786563
0.786563
0.797813
0.797813
0.797813
0.797813
0.797813
0.797813
0.797813
0.797813
0.797813
0.797813
0.794167
0.794167
0.794167
0.794167
0.794167
0.794167
0.794167
0.794167
0.794167
0.794167
0.802292
0.802292
0.802292
0.802292
0.802292
0.802292
0.802292
0.802292
0.802292
0.802292
0.798958
0.798958
0.798958
0.798958
0.798958
0.798958
0.798958
0.798958
0.798958
0.798958
0.796875
0.796875
0.796875
0.796875
0.796875
0.796875
0.796875
0.796875
0.796875
0.796875
0.783125
0.783125
0.783125
0.783125
0.783125
0.783125
0.783125
0.783125
0.783125
0.783125
0.784931
0.784931
0.784931
0.784931
0.784931
0.784931
0.784931
0.784931
0.784931
0.784931
0.780278
0.780278
0.780278
0.780278
0.780278
0.780278
0.780278
0.780278
0.780278
0.780278
0.790833
0.790833
0.790833
0.790833
0.790833
0.790833
0.790833
0.790833
0.790833
0.790833
0.790382
0.790382
0.790382
0.790382
0.790382
0.790382
0.790382
0.790382
0.790382
0.790382
0.789375
0.789375
0.789375
0.789375
0.789375
0.789375
0.789375
0.789375
0.789375
0.789375
0.787743
0.787743
0.787743
0.787743
0.787743
0.787743
0.787743
0.787743
0.787743
0.787743
0.782778
0.782778
0.782778
0.782778
0.782778
0.782778
0.782778
0.782778
0.782778
0.782778
0.779132
0.779132
0.779132
0.779132
0.779132
0.779132
0.779132
0.779132
0.779132
0.779132
0.779757
0.779757
0.779757
0.779757
0.779757
0.779757
0.779757
0.779757
0.779757
0.779757
0.781215
0.781215
0.781215
0.781215
0.781215
0.781215
0.781215
0.781215
0.781215
0.781215
0.783125
0.783125
0.783125
0.783125
0.783125
0.783125
0.783125
0.783125
0.783125
0.783125
0.792986
0.792986
0.792986
0.792986
0.792986
0.792986
0.792986
0.792986
0.792986
0.792986
0.792674
0.792674
0.792674
0.792674
0.792674
0.792674
0.792674
0.792674
0.792674
0.792674
0.790729
0.790729
0.790729
0.790729
0.790729
0.790729
0.790729
0.790729
0.790729
0.790729
0.798715
0.798715
0.798715
0.798715
0.798715
0.798715
0.798715
0.798715
0.798715
0.798715
0.80184
0.80184
0.80184
0.80184
0.80184
0.80184
0.80184
0.80184
0.80184
0.80184
0.80934
0.80934
0.80934
0.80934
0.80934
0.80934
0.80934
0.80934
0.80934
0.80934
0.814132
0.814132
0.814132
0.814132
0.814132
0.814132
0.814132
0.814132
0.814132
0.814132
0.811007
0.811007
0.811007
0.811007
0.811007
0.811007
0.811007
0.811007
0.811007
0.811007
0.812986
0.812986
0.812986
0.812986
0.812986
0.812986
0.812986
0.812986
0.812986
0.812986
0.81125
0.81125
0.81125
0.81125
0.81125
0.81125
0.81125
0.81125
0.81125
0.81125
0.811146
0.811146
0.811146
0.811146
0.811146
0.811146
0.811146
0.811146
0.811146
0.811146
0.815625
0.815625
0.815625
0.815625
0.815625
0.815625
0.815625
0.815625
0.815625
0.815625
0.814444
0.814444
0.814444
0.814444
0.814444
0.814444
0.814444
0.814444
0.814444
0.814444
0.814271
0.814271
0.814271
0.814271
0.814271
0.814271
0.814271
0.814271
0.814271
0.814271
0.815312
0.815312
0.815312
0.815312
0.815312
0.815312
0.815312
0.815312
0.815312
0.815312
0.814861
0.814861
0.814861
0.814861
0.814861
0.814861
0.814861
0.814861
0.814861
0.814861
0.815208
0.815208
0.815208
0.815208
0.815208
0.815208
0.815208
0.815208
0.815208
0.815208
0.815625
0.815625
0.815625
0.815625
0.815625
0.815625
0.815625
0.815625
0.815625
0.815625
0.819444
0.819444
0.819444
0.819444
0.819444
0.819444
0.819444
0.819444
0.819444
0.819444
0.821944
0.821944
0.821944
0.821944
0.821944
0.821944
0.821944
0.821944
0.821944
0.821944
0.8225
0.8225
0.8225
0.8225
0.8225
0.8225
0.8225
0.8225
0.8225
0.8225
0.816146
0.816146
0.816146
0.816146
0.816146
0.816146
0.816146
0.816146
0.816146
0.816146
0.812535
0.812535
0.812535
0.812535
0.812535
0.812535
0.812535
0.812535
0.812535
0.812535
0.817708
0.817708
0.817708
0.817708
0.817708
0.817708
0.817708
0.817708
0.817708
0.817708
0.818056
0.818056
0.818056
0.818056
0.818056
0.818056
0.818056
0.818056
0.818056
0.818056
0.818646
0.818646
0.818646
0.818646
0.818646
0.818646
0.818646
0.818646
0.818646
0.818646
0.818958
0.818958
0.818958
0.818958
0.818958
0.818958
0.818958
0.818958
0.818958
0.818958
0.81375
0.81375
0.81375
0.81375
0.81375
0.81375
0.81375
0.81375
0.81375
0.81375
0.817708
0.817708
0.817708
0.817708
0.817708
0.817708
0.817708
0.817708
0.817708
0.817708
0.819583
0.819583
0.819583
0.819583
0.819583
0.819583
0.819583
0.819583
0.819583
0.819583
0.821493
0.821493
0.821493
0.821493
0.821493
0.821493
0.821493
0.821493
0.821493
0.821493
0.820937
0.820937
0.820937
0.820937
0.820937
0.820937
0.820937
0.820937
0.820937
0.820937
0.816667
0.816667
0.816667
0.816667
0.816667
0.816667
0.816667
0.816667
0.816667
0.816667
0.823438
0.823438
0.823438
0.823438
0.823438
0.823438
0.823438
0.823438
0.823438
0.823438
0.822604
0.822604
0.822604
0.822604
0.822604
0.822604
0.822604
0.822604
0.822604
0.822604
0.819375
0.819375
0.819375
0.819375
0.819375
0.819375
0.819375
0.819375
0.819375
0.819375
0.82375
0.82375
0.82375
0.82375
0.82375
0.82375
0.82375
0.82375
0.82375
0.82375
0.834688
0.834688
0.834688
0.834688
0.834688
0.834688
0.834688
0.834688
0.834688
0.834688
0.849375
0.849375
0.849375
0.849375
0.849375
0.849375
0.849375
0.849375
0.849375
0.849375
0.861806
0.861806
0.861806
0.861806
0.861806
0.861806
0.861806
0.861806
0.861806
0.861806
0.882431
0.882431
0.882431
0.882431
0.882431
0.882431
0.882431
0.882431
0.882431
0.882431
0.892396
0.892396
0.892396
0.892396
0.892396
0.892396
0.892396
0.892396
0.892396
0.892396
0.921042
0.921042
0.921042
0.921042
0.921042
0.921042
0.921042
0.921042
0.921042
0.921042
0.924896
0.924896
0.924896
0.924896
0.924896
0.924896
0.924896
0.924896
0.924896
0.924896
0.894896
0.894896
0.894896
0.894896
0.894896
0.894896
0.894896
0.894896
0.894896
0.894896
0.840417
0.840417
0.840417
0.840417
0.840417
0.840417
0.840417
0.840417
0.840417
0.840417
0.798715
0.798715
0.798715
0.798715
0.798715
0.798715
0.798715
0.798715
0.798715
0.798715
0.828472
0.828472
0.828472
0.828472
0.828472
0.828472
0.828472
0.828472
0.828472
0.828472
0.854722
0.854722
0.854722
0.854722
0.854722
0.854722
0.854722
0.854722
0.854722
0.854722
0.858854
0.858854
0.858854
0.858854
0.858854
0.858854
0.858854
0.858854
0.858854
0.858854
0.830139
0.830139
0.830139
0.830139
0.830139
0.830139
0.830139
0.830139
0.830139
0.830139
0.830972
0.830972
0.830972
0.830972
0.830972
0.830972
0.830972
0.830972
0.830972
0.830972
0.813889
0.813889
0.813889
0.813889
0.813889
0.813889
0.813889
0.813889
0.813889
0.813889
0.807049
0.807049
0.807049
0.807049
0.807049
0.807049
0.807049
0.807049
0.807049
0.807049
0.774687
0.774687
0.774687
0.774687
0.774687
0.774687
0.774687
0.774687
0.774687
0.774687
0.781563
0.781563
0.781563
0.781563
0.781563
0.781563
0.781563
0.781563
0.781563
0.781563
0.739479
0.739479
0.739479
0.739479
0.739479
0.739479
0.739479
0.739479
0.739479
0.739479
0.753403
0.753403
0.753403
0.753403
0.753403
0.753403
0.753403
0.753403
0.753403
0.753403
0.747639
0.747639
0.747639
0.747639
0.747639
0.747639
0.747639
0.747639
0.747639
0.747639
0.718021
0.718021
0.718021
0.718021
0.718021
0.718021
0.718021
0.718021
0.718021
0.718021
0.67691
0.67691
0.67691
0.67691
0.67691
0.67691
0.67691
0.67691
0.67691
0.67691
0.632535
0.632535
0.632535
0.632535
0.632535
0.632535
0.632535
0.632535
0.632535
0.632535
0.594167
0.594167
0.594167
0.594167
0.594167
0.594167
0.594167
0.594167
0.594167
0.594167
0.608021
0.608021
0.608021
0.608021
0.608021
0.608021
0.608021
0.608021
0.608021
0.608021
0.593646
0.593646
0.593646
0.593646
0.593646
0.593646
0.593646
0.593646
0.593646
0.593646
0.595938
0.595938
0.595938
0.595938
0.595938
0.595938
0.595938
0.595938
0.595938
0.595938
0.632812
0.632812
0.632812
0.632812
0.632812
0.632812
0.632812
0.632812
0.632812
0.632812
0.681354
0.681354
0.681354
0.681354
0.681354
0.681354
0.681354
0.681354
0.681354
0.681354
0.67875
0.67875
0.67875
0.67875
0.67875
0.67875
0.67875
0.67875
0.67875
0.67875
0.670729
0.670729
0.670729
0.670729
0.670729
0.670729
0.670729
0.670729
0.670729
0.670729
0.608229
0.608229
0.608229
0.608229
0.608229
0.608229
0.608229
0.608229
0.608229
0.608229
0.596389
0.596389
0.596389
0.596389
0.596389
0.596389
0.596389
0.596389
0.596389
0.596389
0.691042
0.691042
0.691042
0.691042
0.691042
0.691042
0.691042
0.691042
0.691042
0.691042
0.721111
0.721111
0.721111
0.721111
0.721111
0.721111
0.721111
0.721111
0.721111
0.721111
0.775868
0.775868
0.775868
0.775868
0.775868
0.775868
0.775868
0.775868
0.775868
0.775868
0.777326
0.777326
0.777326
0.777326
0.777326
0.777326
0.777326
0.777326
0.777326
0.777326
0.734722
0.734722
0.734722
0.734722
0.734722
0.734722
0.734722
0.734722
0.734722
0.734722
0.677222
0.677222
0.677222
0.677222
0.677222
0.677222
0.677222
0.677222
0.677222
0.677222
0.647569
0.647569
0.647569
0.647569
0.647569
0.647569
0.647569
0.647569
0.647569
0.647569
0.61875
0.61875
0.61875
0.61875
0.61875
0.61875
0.61875
0.61875
0.61875
0.61875
0.5625
0.5625
0.5625
0.5625
0.5625
0.5625
0.5625
0.5625
0.5625
0.5625
0.573333
0.573333
0.573333
0.573333
0.573333
0.573333
0.573333
0.573333
0.573333
0.573333
0.551493
0.551493
0.551493
0.551493
0.551493
0.551493
0.551493
0.551493
0.551493
0.551493
0.476979
0.476979
0.476979
0.476979
0.476979
0.476979
0.476979
0.476979
0.476979
0.476979
0.461042
0.461042
0.461042
0.461042
0.461042
0.461042
0.461042
0.461042
0.461042
0.461042
0.487326
0.487326
0.487326
0.487326
0.487326
0.487326
0.487326
0.487326
0.487326
0.487326
0.523403
0.523403
0.523403
0.523403
0.523403
0.523403
0.523403
0.523403
0.523403
0.523403
0.501979
0.501979
0.501979
0.501979
0.501979
0.501979
0.501979
0.501979
0.501979
0.501979
0.430208
0.430208
0.430208
0.430208
0.430208
0.430208
0.430208
0.430208
0.430208
0.430208
0.367708
0.367708
0.367708
0.367708
0.367708
0.367708
0.367708
0.367708
0.367708
0.367708
0.396042
0.396042
0.396042
0.396042
0.396042
0.396042
0.396042
0.396042
0.396042
0.396042
0.391146
0.391146
0.391146
0.391146
0.391146
0.391146
0.391146
0.391146
0.391146
0.391146
0.444583
0.444583
0.444583
0.444583
0.444583
0.444583
0.444583
0.444583
0.444583
0.444583
0.50559
0.50559
0.50559
0.50559
0.50559
0.50559
0.50559
0.50559
0.50559
0.50559
0.530625
0.530625
0.530625
0.530625
0.530625
0.530625
0.530625
0.530625
0.530625
0.530625
0.477292
0.477292
0.477292
0.477292
0.477292
0.477292
0.477292
0.477292
0.477292
0.477292
0.421146
0.421146
0.421146
0.421146
0.421146
0.421146
0.421146
0.421146
0.421146
0.421146
0.303542
0.303542
0.303542
0.303542
0.303542
0.303542
0.303542
0.303542
0.303542
0.303542
0.223438
0.223438
0.223438
0.223438
0.223438
0.223438
0.223438
0.223438
0.223438
0.223438
0.120104
0.120104
0.120104
0.120104
0.120104
0.120104
0.120104
0.120104
0.120104
0.120104
0.0461458
0.0461458
0.0461458
0.0461458
0.0461458
0.0461458
0.0461458
0.0461458
0.0461458
0.0461458
0.0338542
0.0338542
0.0338542
0.0338542
0.0338542
0.0338542
0.0338542
0.0338542
0.0338542
0.0338542
0.0328125
0.0328125
0.0328125
0.0328125
0.0328125
0.0328125
0.0328125
0.0328125
0.0328125
0.0328125
0.0328125
0.0328125
0.0328125
0.0328125
0.0328125
0.0328125
0.0328125
0.0328125
0.0328125
0.0328125
0.0313542
0.0313542
0.0313542
0.0313542
0.0313542
0.0313542
0.0313542
0.0313542
0.0313542
0.0313542
0.0330208
0.0330208
0.0330208
0.0330208
0.0330208
0.0330208
0.0330208
0.0330208
0.0330208
0.0330208
0.0317708
0.0317708
0.0317708
0.0317708
0.0317708
0.0317708
0.0317708
0.0317708
0.0317708
0.0317708
0.0380208
0.0380208
0.0380208
0.0380208
0.0380208
0.0380208
0.0380208
0.0380208
0.0380208
0.0380208
0.0364583
0.0364583
0.0364583
0.0364583
0.0364583
0.0364583
0.0364583
0.0364583
0.0364583
0.0364583
0.0319792
0.0319792
0.0319792
0.0319792
0.0319792
0.0319792
0.0319792
0.0319792
0.0319792
0.0319792
0.0294792
0.0294792
0.0294792
0.0294792
0.0294792
0.0294792
0.0294792
0.0294792
0.0294792
0.0294792
0.0326042
0.0326042
0.0326042
0.0326042
0.0326042
0.0326042
0.0326042
0.0326042
0.0326042
0.0326042
0.041875
0.041875
0.041875
0.041875
0.041875
0.041875
0.041875
0.041875
0.041875
0.041875
0.0697917
0.0697917
0.0697917
0.0697917
0.0697917
0.0697917
0.0697917
0.0697917
0.0697917
0.0697917
0.130521
0.130521
0.130521
0.130521
0.130521
0.130521
0.130521
0.130521
0.130521
0.130521
0.169375
0.169375
0.169375
0.169375
0.169375
0.169375
0.169375
0.169375
0.169375
0.169375
0.164896
0.164896
0.164896
0.164896
0.164896
0.164896
0.164896
0.164896
0.164896
0.164896
0.135104
0.135104
0.135104
0.135104
0.135104
0.135104
0.135104
0.135104
0.135104
0.135104
0.101319
0.101319
0.101319
0.101319
0.101319
0.101319
0.101319
0.101319
0.101319
0.101319
0.127604
0.127604
0.127604
0.127604
0.127604
0.127604
0.127604
0.127604
0.127604
0.127604
0.15875
0.15875
0.15875
0.15875
0.15875
0.15875
0.15875
0.15875
0.15875
0.15875
0.162188
0.162188
0.162188
0.162188
0.162188
0.162188
0.162188
0.162188
0.162188
0.162188
0.112222
0.112222
0.112222
0.112222
0.112222
0.112222
0.112222
0.112222
0.112222
0.112222
0.0505208
0.0505208
0.0505208
0.0505208
0.0505208
0.0505208
0.0505208
0.0505208
0.0505208
0.0505208
0.0422917
0.0422917
0.0422917
0.0422917
0.0422917
0.0422917
0.0422917
0.0422917
0.0422917
0.0422917
0.0542708
0.0542708
0.0542708
0.0542708
0.0542708
0.0542708
0.0542708
0.0542708
0.0542708
0.0542708
0.110729
0.110729
0.110729
0.110729
0.110729
0.110729
0.110729
0.110729
0.110729
0.110729
0.205625
0.205625
0.205625
0.205625
0.205625
0.205625
0.205625
0.205625
0.205625
0.205625
0.353542
0.353542
0.353542
0.353542
0.353542
0.353542
0.353542
0.353542
0.353542
0.353542
0.382118
0.382118
0.382118
0.382118
0.382118
0.382118
0.382118
0.382118
0.382118
0.382118
0.319514
0.319514
0.319514
0.319514
0.319514
0.319514
0.319514
0.319514
0.319514
0.319514
0.24066
0.24066
0.24066
0.24066
0.24066
0.24066
0.24066
0.24066
0.24066
0.24066
0.15184
0.15184
0.15184
0.15184
0.15184
0.15184
0.15184
0.15184
0.15184
0.15184
0.0454167
0.0454167
0.0454167
0.0454167
0.0454167
0.0454167
0.0454167
0.0454167
0.0454167
0.0454167
0.0184375
0.0184375
0.0184375
0.0184375
0.0184375
0.0184375
0.0184375
0.0184375
0.0184375
0.0184375
0.0214583
0.0214583
0.0214583
0.0214583
0.0214583
0.0214583
0.0214583
0.0214583
0.0214583
0.0214583
0.0217708
0.0217708
0.0217708
0.0217708
0.0217708
0.0217708
0.0217708
0.0217708
0.0217708
0.0217708
0.0198958
0.0198958
0.0198958
0.0198958
0.0198958
0.0198958
0.0198958
0.0198958
0.0198958
0.0198958
0.0196875
0.0196875
0.0196875
0.0196875
0.0196875
0.0196875
0.0196875
0.0196875
0.0196875
0.0196875
0.0194792
0.0194792
0.0194792
0.0194792
0.0194792
0.0194792
0.0194792
0.0194792
0.0194792
0.0194792
0.0246875
0.0246875
0.0246875
0.0246875
0.0246875
0.0246875
0.0246875
0.0246875
0.0246875
0.0246875
0.0217708
0.0217708
0.0217708
0.0217708
0.0217708
0.0217708
0.0217708
0.0217708
0.0217708
0.0217708
0.0219792
0.0219792
0.0219792
0.0219792
0.0219792
0.0219792
0.0219792
0.0219792
0.0219792
0.0219792
0.0248958
0.0248958
0.0248958
0.0248958
0.0248958
0.0248958
0.0248958
0.0248958
0.0248958
0.0248958
0.0219792
0.0219792
0.0219792
0.0219792
0.0219792
0.0219792
0.0219792
0.0219792
0.0219792
0.0219792
0.0220833
0.0220833
0.0220833
0.0220833
0.0220833
0.0220833
0.0220833
0.0220833
0.0220833
0.0220833
0.0194792
0.0194792
0.0194792
0.0194792
0.0194792
0.0194792
0.0194792
0.0194792
0.0194792
0.0194792
0.0515625
0.0515625
0.0515625
0.0515625
0.0515625
0.0515625
0.0515625
0.0515625
0.0515625
0.0515625
0.0939583
0.0939583
0.0939583
0.0939583
0.0939583
0.0939583
0.0939583
0.0939583
0.0939583
0.0939583
0.103333
0.103333
0.103333
0.103333
0.103333
0.103333
0.103333
0.103333
0.103333
0.103333
0.146319
0.146319
0.146319
0.146319
0.146319
0.146319
0.146319
0.146319
0.146319
0.146319
0.235417
0.235417
0.235417
0.235417
0.235417
0.235417
0.235417
0.235417
0.235417
0.235417
0.271667
0.271667
0.271667
0.271667
0.271667
0.271667
0.271667
0.271667
0.271667
0.271667
0.265729
0.265729
0.265729
0.265729
0.265729
0.265729
0.265729
0.265729
0.265729
0.265729
0.263958
0.263958
0.263958
0.263958
0.263958
0.263958
0.263958
0.263958
0.263958
0.263958
0.28375
0.28375
0.28375
0.28375
0.28375
0.28375
0.28375
0.28375
0.28375
0.28375
0.304896
0.304896
0.304896
0.304896
0.304896
0.304896
0.304896
0.304896
0.304896
0.304896
0.372604
0.372604
0.372604
0.372604
0.372604
0.372604
0.372604
0.372604
0.372604
0.372604
0.390313
0.390313
0.390313
0.390313
0.390313
0.390313
0.390313
0.390313
0.390313
0.390313
0.409896
0.409896
0.409896
0.409896
0.409896
0.409896
0.409896
0.409896
0.409896
0.409896
0.446701
0.446701
0.446701
0.446701
0.446701
0.446701
0.446701
0.446701
0.446701
0.446701
0.473229
0.473229
0.473229
0.473229
0.473229
0.473229
0.473229
0.473229
0.473229
0.473229
0.448472
0.448472
0.448472
0.448472
0.448472
0.448472
0.448472
0.448472
0.448472
0.448472
0.469375
0.469375
0.469375
0.469375
0.469375
0.469375
0.469375
0.469375
0.469375
0.469375
0.501111
0.501111
0.501111
0.501111
0.501111
0.501111
0.501111
0.501111
0.501111
0.501111
0.554931
0.554931
0.554931
0.554931
0.554931
0.554931
0.554931
0.554931
0.554931
0.554931
0.592917
0.592917
0.592917
0.592917
0.592917
0.592917
0.592917
0.592917
0.592917
0.592917
0.560521
0.560521
0.560521
0.560521
0.560521
0.560521
0.560521
0.560521
0.560521
0.560521
0.559931
0.559931
0.559931
0.559931
0.559931
0.559931
0.559931
0.559931
0.559931
0.559931
0.570208
0.570208
0.570208
0.570208
0.570208
0.570208
0.570208
0.570208
0.570208
0.570208
0.615417
0.615417
0.615417
0.615417
0.615417
0.615417
0.615417
0.615417
0.615417
0.615417
0.646701
0.646701
0.646701
0.646701
0.646701
0.646701
0.646701
0.646701
0.646701
0.646701
0.681042
0.681042
0.681042
0.681042
0.681042
0.681042
0.681042
0.681042
0.681042
0.681042
0.688125
0.688125
0.688125
0.688125
0.688125
0.688125
0.688125
0.688125
0.688125
0.688125
0.703542
0.703542
0.703542
0.703542
0.703542
0.703542
0.703542
0.703542
0.703542
0.703542
0.742604
0.742604
0.742604
0.742604
0.742604
0.742604
0.742604
0.742604
0.742604
0.742604
0.763437
0.763437
0.763437
0.763437
0.763437
0.763437
0.763437
0.763437
0.763437
0.763437
0.790312
0.790312
0.790312
0.790312
0.790312
0.790312
0.790312
0.790312
0.790312
0.790312
0.800521
0.800521
0.800521
0.800521
0.800521
0.800521
0.800521
0.800521
0.800521
0.800521
0.818646
0.818646
0.818646
0.818646
0.818646
0.818646
0.818646
0.818646
0.818646
0.818646
0.809479
0.809479
0.809479
0.809479
0.809479
0.809479
0.809479
0.809479
0.809479
0.809479
0.802708
0.802708
0.802708
0.802708
0.802708
0.802708
0.802708
0.802708
0.802708
0.802708
0.797083
0.797083
0.797083
0.797083
0.797083
0.797083
0.797083
0.797083
0.797083
0.797083
0.794375
0.794375
0.794375
0.794375
0.794375
0.794375
0.794375
0.794375
0.794375
0.794375
0.794375
0.794375
0.794375
0.794375
0.794375
0.794375
0.794375
0.794375
0.794375
0.794375
0.784167
0.784167
0.784167
0.784167
0.784167
0.784167
0.784167
0.784167
0.784167
0.784167
0.782917
0.782917
0.782917
0.782917
0.782917
0.782917
0.782917
0.782917
0.782917
0.782917
0.773854
0.773854
0.773854
0.773854
0.773854
0.773854
0.773854
0.773854
0.773854
0.773854
0.778333
0.778333
0.778333
0.778333
0.778333
0.778333
0.778333
0.778333
0.778333
0.778333
0.769271
0.769271
0.769271
0.769271
0.769271
0.769271
0.769271
0.769271
0.769271
0.769271
0.769375
0.769375
0.769375
0.769375
0.769375
0.769375
0.769375
0.769375
0.769375
0.769375
0.777188
0.777188
0.777188
0.777188
0.777188
0.777188
0.777188
0.777188
0.777188
0.777188
0.767708
0.767708
0.767708
0.767708
0.767708
0.767708
0.767708
0.767708
0.767708
0.767708
0.782708
0.782708
0.782708
0.782708
0.782708
0.782708
0.782708
0.782708
0.782708
0.782708
0.781667
0.781667
0.781667
0.781667
0.781667
0.781667
0.781667
