0.658392
0.659328
0.659559
0.659579
0.660664
0.660421
0.66291
0.664152
0.664211
0.666021
0.666805
0.666405
0.668667
0.670497
0.671468
0.671833
0.674411
0.671602
0.67563
0.67594
0.678777
0.678722
0.680097
0.682496
0.683754
0.684357
0.685509
0.687151
0.689334
0.690435
0.690999
0.690745
0.692422
0.694142
0.699495
0.702748
0.703853
0.706537
0.708277
0.709523
0.705824
0.710926
0.71017
0.713305
0.714324
0.714096
0.712106
0.712866
0.713955
0.718552
0.718748
0.719101
0.719022
0.720911
0.719728
0.719355
0.719712
0.720327
0.720323
0.723564
0.723208
0.728533
0.729791
0.729771
0.727781
0.732483
0.730469
0.731233
0.730622
0.737174
