0.405758
0.405793
0.406922
0.406942
0.407192
0.407302
0.40887
0.408936
0.41003
0.410104
0.410257
0.4103
0.411127
0.41117
0.412404
0.412385
0.412898
0.412894
0.413843
0.414086
0.414082
0.414963
0.415289
0.415261
0.415633
0.415653
0.415649
0.415136
0.414305
0.414415
0.414728
0.414842
0.414834
0.413572
0.41398
0.41396
0.414093
0.414101
0.414101
0.414991
0.414756
0.414861
0.415285
0.415328
0.41532
0.414944
0.414622
0.414662
0.414662
0.414744
0.414732
0.414203
0.41445
0.414575
0.414763
0.414971
0.414955
0.414803
0.413991
0.414035
0.416006
0.416064
0.416061
0.416574
0.417091
0.417311
0.417052
0.417072
0.417072
0.416688
0.41579
0.415888
0.416061
0.416115
0.416119
0.41599
0.415163
0.415175
0.41539
0.415528
0.414948
0.415014
0.416829
0.417753
0.417095
0.417079
