0
0
0
0
0.0888542
0.0888542
0.0888542
0.0888542
0.123125
0.123125
0.123125
0.123125
0.15
0.15
0.15
0.15
0.161979
0.161979
0.161979
0.161979
0.179271
0.179271
0.179271
0.179271
0.179583
0.179583
0.179583
0.179583
0.189271
0.189271
0.189271
0.189271
0.194167
0.194167
0.194167
0.194167
0.188958
0.188958
0.188958
0.188958
0.191875
0.191875
0.191875
0.191875
0.193958
0.193958
0.193958
0.193958
0.190417
0.190417
0.190417
0.190417
0.190556
0.190556
0.190556
0.190556
0.20125
0.20125
0.20125
0.20125
0.211771
0.211771
0.211771
0.211771
0.212083
0.212083
0.212083
0.212083
0.20625
0.20625
0.20625
0.20625
0.206042
0.206042
0.206042
0.206042
0.197917
0.197917
0.197917
0.197917
0.201667
0.201667
0.201667
0.201667
0.214271
0.214271
0.214271
0.214271
0.250417
0.250417
0.250417
0.250417
0.284479
0.284479
0.284479
0.284479
0.317188
0.317188
0.317188
0.317188
0.329896
0.329896
0.329896
0.329896
0.339896
0.339896
0.339896
0.339896
0.332083
0.332083
0.332083
0.332083
0.329062
0.329062
0.329062
0.329062
0.324167
0.324167
0.324167
0.324167
0.313646
0.313646
0.313646
0.313646
0.313021
0.313021
0.313021
0.313021
0.316944
0.316944
0.316944
0.316944
0.319236
0.319236
0.319236
0.319236
0.319792
0.319792
0.319792
0.319792
0.323542
0.323542
0.323542
0.323542
0.320937
0.320937
0.320937
0.320937
0.313333
0.313333
0.313333
0.313333
0.312917
0.312917
0.312917
0.312917
0.307396
0.307396
0.307396
0.307396
0.302292
0.302292
0.302292
0.302292
0.299583
0.299583
0.299583
0.299583
0.293646
0.293646
0.293646
0.293646
0.295104
0.295104
0.295104
0.295104
0.294271
0.294271
0.294271
0.294271
0.288854
0.288854
0.288854
0.288854
0.284479
0.284479
0.284479
0.284479
0.280313
0.280313
0.280313
0.280313
0.276146
0.276146
0.276146
0.276146
0.277396
0.277396
0.277396
0.277396
0.276667
0.276667
0.276667
0.276667
0.275625
0.275625
0.275625
0.275625
0.272778
0.272778
0.272778
0.272778
0.271667
0.271667
0.271667
0.271667
0.268194
0.268194
0.268194
0.268194
0.269062
0.269062
0.269062
0.269062
0.264062
0.264062
0.264062
0.264062
0.263021
0.263021
0.263021
0.263021
0.260625
0.260625
0.260625
0.260625
0.260729
0.260729
0.260729
0.260729
0.256979
0.256979
0.256979
0.256979
0.261146
0.261146
0.261146
0.261146
0.258958
0.258958
0.258958
0.258958
0.256354
0.256354
0.256354
0.256354
0.257188
0.257188
0.257188
0.257188
0.255833
0.255833
0.255833
0.255833
0.253333
0.253333
0.253333
0.253333
0.254063
0.254063
0.254063
0.254063
0.250833
0.250833
0.250833
0.250833
0.249271
0.249271
0.249271
0.249271
0.25875
0.25875
0.25875
0.25875
0.270937
0.270937
0.270937
0.270937
0.279583
0.279583
0.279583
0.279583
0.277604
0.277604
0.277604
0.277604
0.272708
0.272708
0.272708
0.272708
0.263437
0.263437
0.263437
0.263437
0.257153
0.257153
0.257153
0.257153
0.252361
0.252361
0.252361
0.252361
0.250208
0.250208
0.250208
0.250208
0.249062
0.249062
0.249062
0.249062
0.251493
0.251493
0.251493
0.251493
0.244306
0.244306
0.244306
0.244306
0.237431
0.237431
0.237431
0.237431
0.234306
0.234306
0.234306
0.234306
0.233993
0.233993
0.233993
0.233993
0.232118
0.232118
0.232118
0.232118
0.238785
0.238785
0.238785
0.238785
0.241493
0.241493
0.241493
0.241493
0.23816
0.23816
0.23816
0.23816
0.235937
0.235937
0.235937
0.235937
0.236771
0.236771
0.236771
0.236771
0.235729
0.235729
0.235729
0.235729
0.233958
0.233958
0.233958
0.233958
0.232083
0.232083
0.232083
0.232083
0.229792
0.229792
0.229792
0.229792
0.22625
0.22625
0.22625
0.22625
0.225243
0.225243
0.225243
0.225243
0.230625
0.230625
0.230625
0.230625
0.237083
0.237083
0.237083
0.237083
0.243958
0.243958
0.243958
0.243958
0.242812
0.242812
0.242812
0.242812
0.248958
0.248958
0.248958
0.248958
0.270833
0.270833
0.270833
0.270833
0.294271
0.294271
0.294271
0.294271
0.319792
0.319792
0.319792
0.319792
0.363958
0.363958
0.363958
0.363958
0.388333
0.388333
0.388333
0.388333
0.417917
0.417917
0.417917
0.417917
0.448611
0.448611
0.448611
0.448611
0.473854
0.473854
0.473854
0.473854
0.4875
0.4875
0.4875
0.4875
0.515938
0.515938
0.515938
0.515938
0.525312
0.525312
0.525312
0.525312
0.535833
0.535833
0.535833
0.535833
0.547049
0.547049
0.547049
0.547049
0.560417
0.560417
0.560417
0.560417
0.567604
0.567604
0.567604
0.567604
0.572778
0.572778
0.572778
0.572778
0.581562
0.581562
0.581562
0.581562
0.582292
0.582292
0.582292
0.582292
0.580729
0.580729
0.580729
0.580729
0.579688
0.579688
0.579688
0.579688
0.579167
0.579167
0.579167
0.579167
0.579861
0.579861
0.579861
0.579861
0.58
0.58
0.58
0.58
0.576562
0.576562
0.576562
0.576562
0.585139
0.585139
0.585139
0.585139
0.595243
0.595243
0.595243
0.595243
0.60625
0.60625
0.60625
0.60625
0.615
0.615
0.615
0.615
0.634687
0.634687
0.634687
0.634687
0.64375
0.64375
0.64375
0.64375
0.644375
0.644375
0.644375
0.644375
0.644618
0.644618
0.644618
0.644618
0.645972
0.645972
0.645972
0.645972
0.648958
0.648958
0.648958
0.648958
0.66566
0.66566
0.66566
0.66566
0.66191
0.66191
0.66191
0.66191
0.65809
0.65809
0.65809
0.65809
0.653785
0.653785
0.653785
0.653785
0.649757
0.649757
0.649757
0.649757
0.647708
0.647708
0.647708
0.647708
0.645486
0.645486
0.645486
0.645486
0.641944
0.641944
0.641944
0.641944
0.646111
0.646111
0.646111
0.646111
0.653715
0.653715
0.653715
0.653715
0.662153
0.662153
0.662153
0.662153
0.670278
0.670278
0.670278
0.670278
0.682465
0.682465
0.682465
0.682465
0.702049
0.702049
0.702049
0.702049
0.708403
0.708403
0.708403
0.708403
0.716319
0.716319
0.716319
0.716319
0.72934
0.72934
0.72934
0.72934
0.743299
0.743299
0.743299
0.743299
0.750486
0.750486
0.750486
0.750486
0.791424
0.791424
0.791424
0.791424
0.78809
0.78809
0.78809
0.78809
0.785486
0.785486
0.785486
0.785486
0.787465
0.787465
0.787465
0.787465
0.785174
0.785174
0.785174
0.785174
0.785382
0.785382
0.785382
0.785382
0.80809
0.80809
0.80809
0.80809
0.804132
0.804132
0.804132
0.804132
0.802361
0.802361
0.802361
0.802361
0.79934
0.79934
0.79934
0.79934
0.797569
0.797569
0.797569
0.797569
0.795903
0.795903
0.795903
0.795903
0.793299
0.793299
0.793299
0.793299
0.788194
0.788194
0.788194
0.788194
0.784757
0.784757
0.784757
0.784757
0.779236
0.779236
0.779236
0.779236
0.777778
0.777778
0.777778
0.777778
0.775208
0.775208
0.775208
0.775208
0.77375
0.77375
0.77375
0.77375
0.771979
0.771979
0.771979
0.771979
0.768958
0.768958
0.768958
0.768958
0.765625
0.765625
0.765625
0.765625
0.763229
0.763229
0.763229
0.763229
0.764271
0.764271
0.764271
0.764271
0.762604
0.762604
0.762604
0.762604
0.802813
0.802813
0.802813
0.802813
0.790937
0.790937
0.790937
0.790937
0.787917
0.787917
0.787917
0.787917
0.784583
0.784583
0.784583
0.784583
0.781979
0.781979
0.781979
0.781979
0.779861
0.779861
0.779861
0.779861
0.793021
0.793021
0.793021
0.793021
0.790208
0.790208
0.790208
0.790208
0.789792
0.789792
0.789792
0.789792
0.789583
0.789583
0.789583
0.789583
0.788125
0.788125
0.788125
0.788125
0.785312
0.785312
0.785312
0.785312
0.782604
0.782604
0.782604
0.782604
0.812187
0.812187
0.812187
0.812187
0.804896
0.804896
0.804896
0.804896
0.798646
0.798646
0.798646
0.798646
0.793958
0.793958
0.793958
0.793958
0.789896
0.789896
0.789896
0.789896
0.784271
0.784271
0.784271
0.784271
0.76125
0.76125
0.76125
0.76125
0.758958
0.758958
0.758958
0.758958
0.752674
0.752674
0.752674
0.752674
0.741944
0.741944
0.741944
0.741944
0.74309
0.74309
0.74309
0.74309
0.742674
0.742674
0.742674
0.742674
0.774826
0.774826
0.774826
0.774826
0.765
0.765
0.765
0.765
0.769375
0.769375
0.769375
0.769375
0.765938
0.765938
0.765938
0.765938
0.764375
0.764375
0.764375
0.764375
0.759271
0.759271
0.759271
0.759271
0.769618
0.769618
0.769618
0.769618
0.762292
0.762292
0.762292
0.762292
0.753021
0.753021
0.753021
0.753021
0.749167
0.749167
0.749167
0.749167
0.743125
0.743125
0.743125
0.743125
0.739479
0.739479
0.739479
0.739479
0.735
0.735
0.735
0.735
0.733021
0.733021
0.733021
0.733021
0.72625
0.72625
0.72625
0.72625
0.719479
0.719479
0.719479
0.719479
0.715208
0.715208
0.715208
0.715208
0.706493
0.706493
0.706493
0.706493
0.700521
0.700521
0.700521
0.700521
0.695312
0.695312
0.695312
0.695312
0.688958
0.688958
0.688958
0.688958
0.685937
0.685937
0.685937
0.685937
0.681458
0.681458
0.681458
0.681458
0.672604
0.672604
0.672604
0.672604
0.669063
0.669063
0.669063
0.669063
0.65875
0.65875
0.65875
0.65875
0.652604
0.652604
0.652604
0.652604
0.650312
0.650312
0.650312
0.650312
0.649167
0.649167
0.649167
0.649167
0.638437
0.638437
0.638437
0.638437
0.636042
0.636042
0.636042
0.636042
0.632292
0.632292
0.632292
0.632292
0.625833
0.625833
0.625833
0.625833
0.619792
0.619792
0.619792
0.619792
0.624271
0.624271
0.624271
0.624271
0.611563
0.611563
0.611563
0.611563
0.605417
0.605417
0.605417
0.605417
0.5975
0.5975
0.5975
0.5975
0.590521
0.590521
0.590521
0.590521
0.581771
0.581771
0.581771
0.581771
0.591979
0.591979
0.591979
0.591979
0.578021
0.578021
0.578021
0.578021
0.570833
0.570833
0.570833
0.570833
0.559479
0.559479
0.559479
0.559479
0.548958
0.548958
0.548958
0.548958
0.539375
0.539375
0.539375
0.539375
0.5625
0.5625
0.5625
0.5625
0.542813
0.542813
0.542813
0.542813
0.543125
0.543125
0.543125
0.543125
0.525417
0.525417
0.525417
0.525417
0.516354
0.516354
0.516354
0.516354
0.508437
0.508437
0.508437
0.508437
0.500208
0.500208
0.500208
0.500208
0.490625
0.490625
0.490625
0.490625
0.493437
0.493437
0.493437
0.493437
0.480625
0.480625
0.480625
0.480625
0.468021
0.468021
0.468021
0.468021
0.463333
0.463333
0.463333
0.463333
0.451875
0.451875
0.451875
0.451875
0.445521
0.445521
0.445521
0.445521
0.457813
0.457813
0.457813
0.457813
0.438958
0.438958
0.438958
0.438958
0.428229
0.428229
0.428229
0.428229
0.416667
0.416667
0.416667
0.416667
0.407708
0.407708
0.407708
0.407708
0.401771
0.401771
0.401771
0.401771
0.39625
0.39625
0.39625
0.39625
0.414167
0.414167
0.414167
0.414167
0.403021
0.403021
0.403021
0.403021
0.389375
0.389375
0.389375
0.389375
0.384062
0.384062
0.384062
0.384062
0.372083
0.372083
0.372083
0.372083
0.362292
0.362292
0.362292
0.362292
0.378333
0.378333
0.378333
0.378333
0.357812
0.357812
0.357812
0.357812
0.343229
0.343229
0.343229
0.343229
0.335625
0.335625
0.335625
0.335625
0.331458
0.331458
0.331458
0.331458
0.327292
0.327292
0.327292
0.327292
0.352326
0.352326
0.352326
0.352326
0.332708
0.332708
0.332708
0.332708
0.318125
0.318125
0.318125
0.318125
0.309896
0.309896
0.309896
0.309896
0.301667
0.301667
0.301667
0.301667
0.296354
0.296354
0.296354
0.296354
0.315833
0.315833
0.315833
0.315833
0.296458
0.296458
0.296458
0.296458
0.287396
0.287396
0.287396
0.287396
0.278854
0.278854
0.278854
0.278854
0.269583
0.269583
0.269583
0.269583
0.255937
0.255937
0.255937
0.255937
0.253333
0.253333
0.253333
0.253333
0.270937
0.270937
0.270937
0.270937
0.253646
0.253646
0.253646
0.253646
0.238125
0.238125
0.238125
0.238125
0.228542
0.228542
0.228542
0.228542
0.219792
0.219792
0.219792
0.219792
0.21375
0.21375
0.21375
0.21375
0.231771
0.231771
0.231771
0.231771
0.218854
0.218854
0.218854
0.218854
0.210938
0.210938
0.210938
0.210938
0.201875
0.201875
0.201875
0.201875
0.197813
0.197813
0.197813
0.197813
0.195208
0.195208
0.195208
0.195208
0.209583
0.209583
0.209583
0.209583
0.197187
0.197187
0.197187
0.197187
0.19375
0.19375
0.19375
0.19375
0.182604
0.182604
0.182604
0.182604
0.175417
0.175417
0.175417
0.175417
0.173125
0.173125
0.173125
0.173125
0.190625
0.190625
0.190625
0.190625
0.176563
0.176563
0.176563
0.176563
0.169792
0.169792
0.169792
0.169792
0.1625
0.1625
0.1625
0.1625
0.15875
0.15875
0.15875
0.15875
0.156667
0.156667
0.156667
0.156667
0.153854
0.153854
0.153854
0.153854
0.165521
0.165521
0.165521
0.165521
0.161979
0.161979
0.161979
0.161979
0.151354
0.151354
0.151354
0.151354
0.144687
0.144687
0.144687
0.144687
0.140521
0.140521
0.140521
0.140521
0.136146
0.136146
0.136146
0.136146
0.152708
0.152708
0.152708
0.152708
0.134792
0.134792
0.134792
0.134792
0.128438
0.128438
0.128438
0.128438
0.123646
0.123646
0.123646
0.123646
0.117708
0.117708
0.117708
0.117708
0.110729
0.110729
0.110729
0.110729
0.131667
0.131667
0.131667
0.131667
0.120729
0.120729
0.120729
0.120729
0.119479
0.119479
0.119479
0.119479
0.1225
0.1225
0.1225
0.1225
0.123438
0.123438
0.123438
0.123438
0.124063
0.124063
0.124063
0.124063
0.148438
0.148438
0.148438
0.148438
0.1375
0.1375
0.1375
0.1375
0.13125
0.13125
0.13125
0.13125
0.127812
0.127812
0.127812
0.127812
0.121875
0.121875
0.121875
0.121875
0.119583
0.119583
0.119583
0.119583
0.119896
0.119896
0.119896
0.119896
0.136354
0.136354
0.136354
0.136354
0.125
0.125
0.125
0.125
0.120938
0.120938
0.120938
0.120938
0.116562
0.116562
0.116562
0.116562
0.111146
0.111146
0.111146
0.111146
0.110417
0.110417
0.110417
0.110417
0.122188
0.122188
0.122188
0.122188
0.124688
0.124688
0.124688
0.124688
0.129062
0.129062
0.129062
0.129062
0.134375
0.134375
0.134375
0.134375
0.157292
0.157292
0.157292
0.157292
0.185278
0.185278
0.185278
0.185278
0.231771
0.231771
0.231771
0.231771
0.256458
0.256458
0.256458
0.256458
0.283958
0.283958
0.283958
0.283958
0.330556
0.330556
0.330556
0.330556
0.367396
0.367396
0.367396
0.367396
0.394271
0.394271
0.394271
0.394271
0.435104
0.435104
0.435104
0.435104
0.452708
0.452708
0.452708
0.452708
0.495208
0.495208
0.495208
0.495208
0.557604
0.557604
0.557604
0.557604
0.591042
0.591042
0.591042
0.591042
0.601354
0.601354
0.601354
0.601354
0.634583
0.634583
0.634583
0.634583
0.668333
0.668333
0.668333
0.668333
0.692917
0.692917
0.692917
0.692917
0.719792
0.719792
0.719792
0.719792
0.731632
0.731632
0.731632
0.731632
0.737917
0.737917
0.737917
0.737917
0.737292
0.737292
0.737292
0.737292
0.771354
0.771354
0.771354
0.771354
0.780764
0.780764
0.780764
0.780764
0.797049
0.797049
0.797049
0.797049
0.822465
0.822465
0.822465
0.822465
0.829896
0.829896
0.829896
0.829896
0.842361
0.842361
0.842361
0.842361
0.851354
0.851354
0.851354
0.851354
0.83375
0.83375
0.83375
0.83375
0.849896
0.849896
0.849896
0.849896
0.853264
0.853264
0.853264
0.853264
0.857187
0.857187
0.857187
0.857187
0.864479
0.864479
0.864479
0.864479
0.86875
0.86875
0.86875
0.86875
0.871146
0.871146
0.871146
0.871146
0.874479
0.874479
0.874479
0.874479
0.88309
0.88309
0.88309
0.88309
0.879062
0.879062
0.879062
0.879062
0.880035
0.880035
0.880035
0.880035
0.860417
0.860417
0.860417
0.860417
0.861563
0.861563
0.861563
0.861563
0.847708
0.847708
0.847708
0.847708
0.840729
0.840729
0.840729
0.840729
0.849757
0.849757
0.849757
0.849757
0.87434
0.87434
0.87434
0.87434
0.880729
0.880729
0.880729
0.880729
0.879687
0.879687
0.879687
0.879687
0.883854
0.883854
0.883854
0.883854
0.89
0.89
0.89
0.89
0.893646
0.893646
0.893646
0.893646
0.893958
0.893958
0.893958
0.893958
0.883229
0.883229
0.883229
0.883229
0.883646
0.883646
0.883646
0.883646
0.861875
0.861875
0.861875
0.861875
0.834514
0.834514
0.834514
0.834514
0.807292
0.807292
0.807292
0.807292
0.813646
0.813646
0.813646
0.813646
0.799479
0.799479
0.799479
0.799479
0.806806
0.806806
0.806806
0.806806
0.813333
0.813333
0.813333
0.813333
0.813785
0.813785
0.813785
0.813785
0.808438
0.808438
0.808438
0.808438
0.793958
0.793958
0.793958
0.793958
0.831042
0.831042
0.831042
0.831042
0.824271
0.824271
0.824271
0.824271
0.830313
0.830313
0.830313
0.830313
0.831979
0.831979
0.831979
0.831979
0.84066
0.84066
0.84066
0.84066
0.854722
0.854722
0.854722
0.854722
0.847292
0.847292
0.847292
0.847292
0.827917
0.827917
0.827917
0.827917
0.823229
0.823229
0.823229
0.823229
0.831042
0.831042
0.831042
0.831042
0.824896
0.824896
0.824896
0.824896
0.799097
0.799097
0.799097
0.799097
0.797083
0.797083
0.797083
0.797083
0.801562
0.801562
0.801562
0.801562
0.79375
0.79375
0.79375
0.79375
0.744167
0.744167
0.744167
0.744167
0.72
0.72
0.72
0.72
0.638056
0.638056
0.638056
0.638056
0.598229
0.598229
0.598229
0.598229
0.586667
0.586667
0.586667
0.586667
0.569583
0.569583
0.569583
0.569583
0.53625
0.53625
0.53625
0.53625
0.525625
0.525625
0.525625
0.525625
0.538125
0.538125
0.538125
0.538125
0.544097
0.544097
0.544097
0.544097
0.538229
0.538229
0.538229
0.538229
0.525382
0.525382
0.525382
0.525382
0.502604
0.502604
0.502604
0.502604
0.476979
0.476979
0.476979
0.476979
0.446979
0.446979
0.446979
0.446979
0.447396
0.447396
0.447396
0.447396
0.449688
0.449688
0.449688
0.449688
0.439201
0.439201
0.439201
0.439201
0.410417
0.410417
0.410417
0.410417
0.4
0.4
0.4
0.4
0.367222
0.367222
0.367222
0.367222
0.348681
0.348681
0.348681
0.348681
0.338333
0.338333
0.338333
0.338333
0.342396
0.342396
0.342396
0.342396
0.328542
0.328542
0.328542
0.328542
0.318854
0.318854
0.318854
0.318854
0.298333
0.298333
0.298333
0.298333
0.268889
0.268889
0.268889
0.268889
0.239792
0.239792
0.239792
0.239792
0.211667
0.211667
0.211667
0.211667
0.204583
0.204583
0.204583
0.204583
0.210521
0.210521
0.210521
0.210521
0.240313
0.240313
0.240313
0.240313
0.267813
0.267813
0.267813
0.267813
0.280104
0.280104
0.280104
0.280104
0.318958
0.318958
0.318958
0.318958
0.351979
0.351979
0.351979
0.351979
0.385833
0.385833
0.385833
0.385833
0.440139
0.440139
0.440139
0.440139
0.463333
0.463333
0.463333
0.463333
0.488819
0.488819
0.488819
0.488819
0.565833
0.565833
0.565833
0.565833
0.603958
0.603958
0.603958
0.603958
0.563646
0.563646
0.563646
0.563646
0.538299
0.538299
0.538299
0.538299
0.507917
0.507917
0.507917
0.507917
0.46125
0.46125
0.46125
0.46125
0.444063
0.444063
0.444063
0.444063
0.391042
0.391042
0.391042
0.391042
0.354653
0.354653
0.354653
0.354653
0.323958
0.323958
0.323958
0.323958
0.313264
0.313264
0.313264
0.313264
0.278125
0.278125
0.278125
0.278125
0.224062
0.224062
0.224062
0.224062
0.180417
0.180417
0.180417
0.180417
0.1375
0.1375
0.1375
0.1375
0.105764
0.105764
0.105764
0.105764
0.0857292
0.0857292
0.0857292
0.0857292
0.0659722
0.0659722
0.0659722
0.0659722
0.0622917
0.0622917
0.0622917
0.0622917
0.0622917
0.0622917
0.0622917
0.0622917
0.0605208
0.0605208
0.0605208
0.0605208
0.06375
0.06375
0.06375
0.06375
0.0627083
0.0627083
0.0627083
0.0627083
0.063125
0.063125
0.063125
0.063125
0.0675
0.0675
0.0675
0.0675
0.124792
0.124792
0.124792
0.124792
0.193958
0.193958
0.193958
0.193958
0.286562
0.286562
0.286562
0.286562
0.380729
0.380729
0.380729
0.380729
0.4475
0.4475
0.4475
0.4475
0.498229
0.498229
0.498229
0.498229
0.518437
0.518437
0.518437
0.518437
0.492222
0.492222
0.492222
0.492222
0.481146
0.481146
0.481146
0.481146
0.416667
0.416667
0.416667
0.416667
0.368646
0.368646
0.368646
0.368646
0.328958
0.328958
0.328958
0.328958
0.268194
0.268194
0.268194
0.268194
0.235139
0.235139
0.235139
0.235139
0.200694
0.200694
0.200694
0.200694
0.152083
0.152083
0.152083
0.152083
0.122986
0.122986
0.122986
0.122986
0.0928472
0.0928472
0.0928472
0.0928472
0.0639583
0.0639583
0.0639583
0.0639583
0.0590625
0.0590625
0.0590625
0.0590625
0.0533333
0.0533333
0.0533333
0.0533333
0.0528125
0.0528125
0.0528125
0.0528125
0.05
0.05
0.05
0.05
0.05
0.05
0.05
0.05
0.0660417
0.0660417
0.0660417
0.0660417
0.093125
0.093125
0.093125
0.093125
0.131979
0.131979
0.131979
0.131979
0.172708
0.172708
0.172708
0.172708
0.210313
0.210313
0.210313
0.210313
0.254583
0.254583
0.254583
0.254583
0.309167
0.309167
0.309167
0.309167
0.356354
0.356354
0.356354
0.356354
0.387813
0.387813
0.387813
0.387813
0.427847
0.427847
0.427847
0.427847
0.423646
0.423646
0.423646
0.423646
0.424896
0.424896
0.424896
0.424896
0.415312
0.415312
0.415312
0.415312
0.373333
0.373333
0.373333
0.373333
0.316771
0.316771
0.316771
0.316771
0.3075
0.3075
0.3075
0.3075
0.306979
0.306979
0.306979
0.306979
0.286493
0.286493
0.286493
0.286493
0.248438
0.248438
0.248438
0.248438
0.214167
0.214167
0.214167
0.214167
0.171458
0.171458
0.171458
0.171458
0.146667
0.146667
0.146667
0.146667
0.119167
0.119167
0.119167
0.119167
0.090625
0.090625
0.090625
0.090625
0.0676042
0.0676042
0.0676042
0.0676042
0.0575
0.0575
0.0575
0.0575
0.0466667
0.0466667
0.0466667
0.0466667
0.0384028
0.0384028
0.0384028
0.0384028
0.0378125
0.0378125
0.0378125
0.0378125
0.0373958
0.0373958
0.0373958
0.0373958
0.0373958
0.0373958
0.0373958
0.0373958
0.0376042
0.0376042
0.0376042
0.0376042
0.0370833
0.0370833
0.0370833
0.0370833
0.0366667
0.0366667
0.0366667
0.0366667
0.0354167
0.0354167
0.0354167
0.0354167
0.035625
0.035625
0.035625
0.035625
0.0339583
0.0339583
0.0339583
0.0339583
0.035
0.035
0.035
0.035
0.0364583
0.0364583
0.0364583
0.0364583
0.035
0.035
0.035
0.035
0.0360764
0.0360764
0.0360764
0.0360764
0.03625
0.03625
0.03625
0.03625
0.0541667
0.0541667
0.0541667
0.0541667
0.0758333
0.0758333
0.0758333
0.0758333
0.095
0.095
0.095
0.095
0.105104
0.105104
0.105104
0.105104
0.116562
0.116562
0.116562
0.116562
0.12375
0.12375
0.12375
0.12375
0.126285
0.126285
0.126285
0.126285
0.130625
0.130625
0.130625
0.130625
0.13375
0.13375
0.13375
0.13375
0.129062
0.129062
0.129062
0.129062
0.113299
0.113299
0.113299
0.113299
0.0960069
0.0960069
0.0960069
0.0960069
0.0942708
0.0942708
0.0942708
0.0942708
0.0902083
0.0902083
0.0902083
0.0902083
0.073125
0.073125
0.073125
0.073125
0.0677083
0.0677083
0.0677083
0.0677083
0.061875
0.061875
0.061875
0.061875
0.0435764
0.0435764
0.0435764
0.0435764
0.0430556
0.0430556
0.0430556
0.0430556
0.0421181
0.0421181
0.0421181
0.0421181
0.0366667
0.0366667
0.0366667
0.0366667
0.033125
0.033125
0.033125
0.033125
0.0302083
0.0302083
0.0302083
0.0302083
0.0339583
0.0339583
0.0339583
0.0339583
0.0365625
0.0365625
0.0365625
0.0365625
0.0422917
0.0422917
0.0422917
0.0422917
0.0373958
0.0373958
0.0373958
0.0373958
0.0376042
0.0376042
0.0376042
0.0376042
0.0379167
0.0379167
0.0379167
0.0379167
0.0373958
0.0373958
0.0373958
0.0373958
0.0700694
0.0700694
0.0700694
0.0700694
0.0828125
0.0828125
0.0828125
0.0828125
0.0886458
0.0886458
0.0886458
0.0886458
0.0869792
0.0869792
0.0869792
0.0869792
0.0929167
0.0929167
0.0929167
0.0929167
0.106458
0.106458
0.106458
0.106458
0.0982292
0.0982292
0.0982292
0.0982292
0.075
0.075
0.075
0.075
0.0478125
0.0478125
0.0478125
0.0478125
0.0234375
0.0234375
0.0234375
0.0234375
0.0172917
0.0172917
0.0172917
0.0172917
0.02625
0.02625
0.02625
0.02625
0.05375
0.05375
0.05375
0.05375
0.0563542
0.0563542
0.0563542
0.0563542
0.0598958
0.0598958
0.0598958
0.0598958
0.0660417
0.0660417
0.0660417
0.0660417
0.0669792
0.0669792
0.0669792
0.0669792
0.0596875
0.0596875
0.0596875
0.0596875
0.0732292
0.0732292
0.0732292
0.0732292
0.0590625
0.0590625
0.0590625
0.0590625
0.0425
0.0425
0.0425
0.0425
0.025
0.025
0.025
0.025
0.0161458
0.0161458
0.0161458
0.0161458
0.0202083
0.0202083
0.0202083
0.0202083
0.0248958
0.0248958
0.0248958
0.0248958
0.0279167
0.0279167
0.0279167
0.0279167
0.0267708
0.0267708
0.0267708
0.0267708
0.0304167
0.0304167
0.0304167
0.0304167
0.0315625
0.0315625
0.0315625
0.0315625
0.0333333
0.0333333
0.0333333
0.0333333
0.0315625
0.0315625
0.0315625
0.0315625
0.0361458
0.0361458
0.0361458
0.0361458
0.0550347
0.0550347
0.0550347
0.0550347
0.0579167
0.0579167
0.0579167
0.0579167
0.0625
0.0625
0.0625
0.0625
0.0686458
0.0686458
0.0686458
0.0686458
0.071875
0.071875
0.071875
0.071875
0.0828125
0.0828125
0.0828125
0.0828125
0.0907292
0.0907292
0.0907292
0.0907292
0.0967708
0.0967708
0.0967708
0.0967708
0.0853125
0.0853125
0.0853125
0.0853125
0.0708333
0.0708333
0.0708333
0.0708333
0.0464583
0.0464583
0.0464583
0.0464583
0.0285417
0.0285417
0.0285417
0.0285417
0.0101042
0.0101042
0.0101042
0.0101042
0.005
0.005
0.005
0.005
0.00458333
0.00458333
0.00458333
0.00458333
0.00427083
0.00427083
0.00427083
0.00427083
0.00427083
0.00427083
0.00427083
0.00427083
0.00385417
0.00385417
0.00385417
0.00385417
0.00395833
0.00395833
0.00395833
0.00395833
0.00395833
0.00395833
0.00395833
0.00395833
0.004375
0.004375
0.004375
0.004375
0.0040625
0.0040625
0.0040625
0.0040625
0.0040625
0.0040625
0.0040625
0.0040625
0.0040625
0.0040625
0.0040625
0.0040625
0.0040625
0.0040625
0.0040625
0.0040625
0.00375
0.00375
0.00375
0.00375
0.00354167
0.00354167
0.00354167
0.00354167
0.00416667
0.00416667
0.00416667
0.00416667
0.0269792
0.0269792
0.0269792
0.0269792
0.0371875
0.0371875
0.0371875
0.0371875
0.0442708
0.0442708
0.0442708
0.0442708
0.0723958
0.0723958
0.0723958
0.0723958
0.0978125
0.0978125
0.0978125
0.0978125
0.124583
0.124583
0.124583
0.124583
0.135625
0.135625
0.135625
0.135625
0.137917
0.137917
0.137917
0.137917
0.179583
0.179583
0.179583
0.179583
0.169583
0.169583
0.169583
0.169583
0.169271
0.169271
0.169271
0.169271
0.166354
0.166354
0.166354
0.166354
0.14875
0.14875
0.14875
0.14875
0.139583
0.139583
0.139583
0.139583
0.138299
0.138299
0.138299
0.138299
0.116736
0.116736
0.116736
0.116736
0.0990972
0.0990972
0.0990972
0.0990972
0.0798958
0.0798958
0.0798958
0.0798958
0.0587153
0.0587153
0.0587153
0.0587153
0.0477083
0.0477083
0.0477083
0.0477083
0.0455208
0.0455208
0.0455208
0.0455208
0.0444792
0.0444792
0.0444792
0.0444792
0.0515625
0.0515625
0.0515625
0.0515625
0.0515625
0.0515625
0.0515625
0.0515625
0.0557292
0.0557292
0.0557292
0.0557292
0.0590625
0.0590625
0.0590625
0.0590625
0.0763194
0.0763194
0.0763194
0.0763194
0.086875
0.086875
0.086875
0.086875
0.0948958
0.0948958
0.0948958
0.0948958
0.0971875
0.0971875
0.0971875
0.0971875
0.101979
0.101979
0.101979
0.101979
0.10625
0.10625
0.10625
0.10625
0.116042
0.116042
0.116042
0.116042
0.114375
0.114375
0.114375
0.114375
0.113854
0.113854
0.113854
0.113854
0.118021
0.118021
0.118021
0.118021
0.121875
0.121875
0.121875
0.121875
0.125417
0.125417
0.125417
0.125417
0.131146
0.131146
0.131146
0.131146
0.133646
0.133646
0.133646
0.133646
0.133125
0.133125
0.133125
0.133125
0.132396
0.132396
0.132396
0.132396
0.129583
0.129583
0.129583
0.129583
0.132917
0.132917
0.132917
0.132917
0.131042
0.131042
0.131042
0.131042
0.130521
0.130521
0.130521
0.130521
0.125625
0.125625
0.125625
0.125625
0.121667
0.121667
0.121667
0.121667
0.124167
0.124167
0.124167
0.124167
0.124583
0.124583
0.124583
0.124583
0.123646
0.123646
0.123646
0.123646
0.121875
0.121875
0.121875
0.121875
0.121285
0.121285
0.121285
0.121285
0.121354
0.121354
0.121354
0.121354
0.117604
0.117604
0.117604
0.117604
0.115868
0.115868
0.115868
0.115868
0.127917
0.127917
0.127917
0.127917
0.132708
0.132708
0.132708
0.132708
0.123854
0.123854
0.123854
0.123854
0.114792
0.114792
0.114792
0.114792
0.113021
0.113021
0.113021
0.113021
0.113958
0.113958
0.113958
0.113958
0.112187
0.112187
0.112187
0.112187
0.113333
0.113333
0.113333
0.113333
0.113542
0.113542
0.113542
0.113542
0.12125
0.12125
0.12125
0.12125
0.119375
0.119375
0.119375
0.119375
0.119063
0.119063
0.119063
0.119063
0.114583
0.114583
0.114583
0.114583
0.111771
0.111771
0.111771
0.111771
0.113229
0.113229
0.113229
0.113229
0.117118
0.117118
0.117118
0.117118
0.113854
0.113854
0.113854
0.113854
0.1125
0.1125
0.1125
0.1125
0.112396
0.112396
0.112396
0.112396
0.112812
0.112812
0.112812
0.112812
0.116146
0.116146
0.116146
0.116146
0.113333
0.113333
0.113333
0.113333
0.114479
0.114479
0.114479
0.114479
0.122917
0.122917
0.122917
0.122917
0.14375
0.14375
0.14375
0.14375
0.167396
0.167396
0.167396
0.167396
0.184896
0.184896
0.184896
0.184896
0.222431
0.222431
0.222431
0.222431
0.243056
0.243056
0.243056
0.243056
0.264271
0.264271
0.264271
0.264271
0.287639
0.287639
0.287639
0.287639
0.314514
0.314514
0.314514
0.314514
0.332743
0.332743
0.332743
0.332743
0.355139
0.355139
0.355139
0.355139
0.400208
0.400208
0.400208
0.400208
0.420417
0.420417
0.420417
0.420417
0.441875
0.441875
0.441875
0.441875
0.485625
0.485625
0.485625
0.485625
0.506042
0.506042
0.506042
0.506042
0.524062
0.524062
0.524062
0.524062
0.569479
0.569479
0.569479
0.569479
0.588333
0.588333
0.588333
0.588333
0.606319
0.606319
0.606319
0.606319
0.621667
0.621667
0.621667
0.621667
0.627465
0.627465
0.627465
0.627465
0.635521
0.635521
0.635521
0.635521
0.650937
0.650937
0.650937
0.650937
0.641042
0.641042
0.641042
0.641042
0.641875
0.641875
0.641875
0.641875
0.634062
0.634062
0.634062
0.634062
0.618125
0.618125
0.618125
0.618125
0.613125
0.613125
0.613125
0.613125
0.629687
0.629687
0.629687
0.629687
0.631771
0.631771
0.631771
0.631771
0.639236
0.639236
0.639236
0.639236
0.643229
0.643229
0.643229
0.643229
0.644826
0.644826
0.644826
0.644826
0.63875
0.63875
0.63875
0.63875
0.635625
0.635625
0.635625
0.635625
0.633542
0.633542
0.633542
0.633542
0.630313
0.630313
0.630313
0.630313
0.631667
0.631667
0.631667
0.631667
0.625938
0.625938
0.625938
0.625938
0.623854
0.623854
0.623854
0.623854
0.616667
0.616667
0.616667
0.616667
0.6075
0.6075
0.6075
0.6075
0.59875
0.59875
0.59875
0.59875
0.595521
0.595521
0.595521
0.595521
0.584167
0.584167
0.584167
0.584167
0.580035
0.580035
0.580035
0.580035
0.574479
0.574479
0.574479
0.574479
0.575417
0.575417
0.575417
0.575417
0.56875
0.56875
0.56875
0.56875
0.564271
0.564271
0.564271
0.564271
0.560521
0.560521
0.560521
0.560521
0.5525
0.5525
0.5525
0.5525
0.549167
0.549167
0.549167
0.549167
0.551285
0.551285
0.551285
0.551285
0.543646
0.543646
0.543646
0.543646
0.536979
0.536979
0.536979
0.536979
0.53375
0.53375
0.53375
0.53375
0.525729
0.525729
0.525729
0.525729
0.523229
0.523229
0.523229
0.523229
0.517813
0.517813
0.517813
0.517813
0.521875
0.521875
0.521875
0.521875
0.518958
0.518958
0.518958
0.518958
0.515729
0.515729
0.515729
0.515729
0.506458
0.506458
0.506458
0.506458
0.502083
0.502083
0.502083
0.502083
0.497812
0.497812
0.497812
0.497812
0.500417
0.500417
0.500417
0.500417
0.487292
0.487292
0.487292
0.487292
0.481806
0.481806
0.481806
0.481806
0.475451
0.475451
0.475451
0.475451
0.469931
0.469931
0.469931
0.469931
0.466076
0.466076
0.466076
0.466076
0.468889
0.468889
0.468889
0.468889
0.457639
0.457639
0.457639
0.457639
0.448785
0.448785
0.448785
0.448785
0.443056
0.443056
0.443056
0.443056
0.437014
0.437014
0.437014
0.437014
0.429826
0.429826
0.429826
0.429826
0.435868
0.435868
0.435868
0.435868
0.42441
0.42441
0.42441
0.42441
0.417014
0.417014
0.417014
0.417014
0.414931
0.414931
0.414931
0.414931
0.412951
0.412951
0.412951
0.412951
0.404861
0.404861
0.404861
0.404861
0.400451
0.400451
0.400451
0.400451
0.40316
0.40316
0.40316
0.40316
0.391493
0.391493
0.391493
0.391493
0.37816
0.37816
0.37816
0.37816
0.36941
0.36941
0.36941
0.36941
0.364097
0.364097
0.364097
0.364097
0.362431
0.362431
0.362431
0.362431
0.364514
0.364514
0.364514
0.364514
0.348993
0.348993
0.348993
0.348993
0.345139
0.345139
0.345139
0.345139
0.337118
0.337118
0.337118
0.337118
0.334306
0.334306
0.334306
0.334306
0.326597
0.326597
0.326597
0.326597
0.327951
0.327951
0.327951
0.327951
0.321806
0.321806
0.321806
0.321806
0.311285
0.311285
0.311285
0.311285
0.301875
0.301875
0.301875
0.301875
0.297083
0.297083
0.297083
0.297083
0.295938
0.295938
0.295938
0.295938
0.302292
0.302292
0.302292
0.302292
0.290729
0.290729
0.290729
0.290729
0.277813
0.277813
0.277813
0.277813
0.274479
0.274479
0.274479
0.274479
0.27125
0.27125
0.27125
0.27125
0.264167
0.264167
0.264167
0.264167
0.256563
0.256563
0.256563
0.256563
0.252188
0.252188
0.252188
0.252188
0.249167
0.249167
0.249167
0.249167
0.244167
0.244167
0.244167
0.244167
0.24125
0.24125
0.24125
0.24125
0.238854
0.238854
0.238854
0.238854
0.235313
0.235313
0.235313
0.235313
0.240521
0.240521
0.240521
0.240521
0.233229
0.233229
0.233229
0.233229
0.225833
0.225833
0.225833
0.225833
0.217188
0.217188
0.217188
0.217188
0.215104
0.215104
0.215104
0.215104
0.212083
0.212083
0.212083
0.212083
0.220521
0.220521
0.220521
0.220521
0.210938
0.210938
0.210938
0.210938
0.205
0.205
0.205
0.205
0.200729
0.200729
0.200729
0.200729
0.195417
0.195417
0.195417
0.195417
0.187812
0.187812
0.187812
0.187812
0.193646
0.193646
0.193646
0.193646
0.187292
0.187292
0.187292
0.187292
0.175208
0.175208
0.175208
0.175208
0.164896
0.164896
0.164896
0.164896
0.159688
0.159688
0.159688
0.159688
0.155312
0.155312
0.155312
0.155312
0.149896
0.149896
0.149896
0.149896
0.152604
0.152604
0.152604
0.152604
0.146875
0.146875
0.146875
0.146875
0.139687
0.139687
0.139687
0.139687
0.132396
0.132396
0.132396
0.132396
0.130104
0.130104
0.130104
0.130104
0.12625
0.12625
0.12625
0.12625
0.134479
0.134479
0.134479
0.134479
0.124271
0.124271
0.124271
0.124271
0.118646
0.118646
0.118646
0.118646
0.115104
0.115104
0.115104
0.115104
0.111042
0.111042
0.111042
0.111042
0.109479
0.109479
0.109479
0.109479
0.110937
0.110937
0.110937
0.110937
0.106354
0.106354
0.106354
0.106354
0.102708
0.102708
0.102708
0.102708
0.105833
0.105833
0.105833
0.105833
0.107188
0.107188
0.107188
0.107188
0.103438
0.103438
0.103438
0.103438
0.106042
0.106042
0.106042
0.106042
0.100833
0.100833
0.100833
0.100833
0.0947917
0.0947917
0.0947917
0.0947917
0.094375
0.094375
0.094375
0.094375
0.0903125
0.0903125
0.0903125
0.0903125
0.0869792
0.0869792
0.0869792
0.0869792
0.0834375
0.0834375
0.0834375
0.0834375
0.0830208
0.0830208
0.0830208
0.0830208
0.0810417
0.0810417
0.0810417
0.0810417
0.0838542
0.0838542
0.0838542
0.0838542
0.074375
0.074375
0.074375
0.074375
0.0701042
0.0701042
0.0701042
0.0701042
0.0716667
0.0716667
0.0716667
0.0716667
0.0709375
0.0709375
0.0709375
0.0709375
0.0733333
0.0733333
0.0733333
0.0733333
0.0842708
0.0842708
0.0842708
0.0842708
0.07875
0.07875
0.07875
0.07875
0.0698958
0.0698958
0.0698958
0.0698958
0.0682292
0.0682292
0.0682292
0.0682292
0.0710069
0.0710069
0.0710069
0.0710069
0.071875
0.071875
0.071875
0.071875
0.0763542
0.0763542
0.0763542
0.0763542
0.0701042
0.0701042
0.0701042
0.0701042
0.0675
0.0675
0.0675
0.0675
0.0640625
0.0640625
0.0640625
0.0640625
0.0634375
0.0634375
0.0634375
0.0634375
0.0615625
0.0615625
0.0615625
0.0615625
0.0598958
0.0598958
0.0598958
0.0598958
0.0644444
0.0644444
0.0644444
0.0644444
0.0620833
0.0620833
0.0620833
0.0620833
0.0620833
0.0620833
0.0620833
0.0620833
0.0576042
0.0576042
0.0576042
0.0576042
0.0527083
0.0527083
0.0527083
0.0527083
0.0463542
0.0463542
0.0463542
0.0463542
0.0517708
0.0517708
0.0517708
0.0517708
0.0588542
0.0588542
0.0588542
0.0588542
0.0602083
0.0602083
0.0602083
0.0602083
0.0623958
0.0623958
0.0623958
0.0623958
0.0609375
0.0609375
0.0609375
0.0609375
0.0628125
0.0628125
0.0628125
0.0628125
0.0661458
0.0661458
0.0661458
0.0661458
0.0660417
0.0660417
0.0660417
0.0660417
0.0667708
0.0667708
0.0667708
0.0667708
0.0660417
0.0660417
0.0660417
0.0660417
0.0610417
0.0610417
0.0610417
0.0610417
0.059375
0.059375
0.059375
0.059375
0.0607292
0.0607292
0.0607292
0.0607292
0.0588542
0.0588542
0.0588542
0.0588542
0.0565625
0.0565625
0.0565625
0.0565625
0.0515625
0.0515625
0.0515625
0.0515625
0.05125
0.05125
0.05125
0.05125
0.0488542
0.0488542
0.0488542
0.0488542
0.0525
0.0525
0.0525
0.0525
0.0610417
0.0610417
0.0610417
0.0610417
0.06
0.06
0.06
0.06
0.0588542
0.0588542
0.0588542
0.0588542
0.0582292
0.0582292
0.0582292
0.0582292
0.055625
0.055625
0.055625
0.055625
0.0570833
0.0570833
0.0570833
0.0570833
0.0689583
0.0689583
0.0689583
0.0689583
0.0729167
0.0729167
0.0729167
0.0729167
0.0744792
0.0744792
0.0744792
0.0744792
0.0766667
0.0766667
0.0766667
0.0766667
0.0795833
0.0795833
0.0795833
0.0795833
0.0790625
0.0790625
0.0790625
0.0790625
0.0944792
0.0944792
0.0944792
0.0944792
0.0896875
0.0896875
0.0896875
0.0896875
0.0864583
0.0864583
0.0864583
0.0864583
0.0848958
0.0848958
0.0848958
0.0848958
0.0855208
0.0855208
0.0855208
0.0855208
0.0875
0.0875
0.0875
0.0875
0.0946875
0.0946875
0.0946875
0.0946875
0.0896875
0.0896875
0.0896875
0.0896875
0.0878125
0.0878125
0.0878125
0.0878125
0.0865625
0.0865625
0.0865625
0.0865625
0.0870833
0.0870833
0.0870833
0.0870833
0.086875
0.086875
0.086875
0.086875
0.085
0.085
0.085
0.085
0.0898958
0.0898958
0.0898958
0.0898958
0.0830208
0.0830208
0.0830208
0.0830208
0.0826042
0.0826042
0.0826042
0.0826042
0.0848958
0.0848958
0.0848958
0.0848958
0.0821875
0.0821875
0.0821875
0.0821875
0.0852083
0.0852083
0.0852083
0.0852083
0.0903125
0.0903125
0.0903125
0.0903125
0.0958333
0.0958333
0.0958333
0.0958333
0.0890625
0.0890625
0.0890625
0.0890625
0.0844792
0.0844792
0.0844792
0.0844792
0.0826042
0.0826042
0.0826042
0.0826042
0.0801042
0.0801042
0.0801042
0.0801042
0.0808333
0.0808333
0.0808333
0.0808333
0.0775
0.0775
0.0775
0.0775
0.0751042
0.0751042
0.0751042
0.0751042
0.0742708
0.0742708
0.0742708
0.0742708
0.0716667
0.0716667
0.0716667
0.0716667
0.0726042
0.0726042
0.0726042
0.0726042
0.0739583
0.0739583
0.0739583
0.0739583
0.0708333
0.0708333
0.0708333
0.0708333
0.0644792
0.0644792
0.0644792
0.0644792
0.0659375
0.0659375
0.0659375
0.0659375
0.0663542
0.0663542
0.0663542
0.0663542
0.0651042
0.0651042
0.0651042
0.0651042
0.0623958
0.0623958
0.0623958
0.0623958
0.0692708
0.0692708
0.0692708
0.0692708
0.065
0.065
0.065
0.065
0.0664583
0.0664583
0.0664583
0.0664583
0.0666667
0.0666667
0.0666667
0.0666667
0.0607292
0.0607292
0.0607292
0.0607292
0.0578125
0.0578125
0.0578125
0.0578125
0.0602083
0.0602083
0.0602083
0.0602083
0.0557292
0.0557292
0.0557292
0.0557292
0.0554167
0.0554167
0.0554167
0.0554167
0.055
0.055
0.055
0.055
0.0527083
0.0527083
0.0527083
0.0527083
0.0520833
0.0520833
0.0520833
0.0520833
0.0634375
0.0634375
0.0634375
0.0634375
0.0708333
0.0708333
0.0708333
0.0708333
0.0665625
0.0665625
0.0665625
0.0665625
0.06125
0.06125
0.06125
0.06125
0.060625
0.060625
0.060625
0.060625
0.0594792
0.0594792
0.0594792
0.0594792
0.0620833
0.0620833
0.0620833
0.0620833
0.0521875
0.0521875
0.0521875
0.0521875
0.0491667
0.0491667
0.0491667
0.0491667
0.0478125
0.0478125
0.0478125
0.0478125
0.0502083
0.0502083
0.0502083
0.0502083
0.049375
0.049375
0.049375
0.049375
0.0494792
0.0494792
0.0494792
0.0494792
0.0663542
0.0663542
0.0663542
0.0663542
0.063125
0.063125
0.063125
0.063125
0.0584375
0.0584375
0.0584375
0.0584375
0.0542708
0.0542708
0.0542708
0.0542708
0.0486458
0.0486458
0.0486458
0.0486458
0.0484375
0.0484375
0.0484375
0.0484375
0.0527083
0.0527083
0.0527083
0.0527083
0.0505208
0.0505208
0.0505208
0.0505208
0.0538542
0.0538542
0.0538542
0.0538542
0.0578125
0.0578125
0.0578125
0.0578125
0.0602083
0.0602083
0.0602083
0.0602083
0.0651042
0.0651042
0.0651042
0.0651042
0.075625
0.075625
0.075625
0.075625
0.0703125
0.0703125
0.0703125
0.0703125
0.0688542
0.0688542
0.0688542
0.0688542
0.0776042
0.0776042
0.0776042
0.0776042
0.0836458
0.0836458
0.0836458
0.0836458
0.0930208
0.0930208
0.0930208
0.0930208
0.123229
0.123229
0.123229
0.123229
0.140937
0.140937
0.140937
0.140937
0.164062
0.164062
0.164062
0.164062
0.184583
0.184583
0.184583
0.184583
0.201771
0.201771
0.201771
0.201771
0.209687
0.209687
0.209687
0.209687
0.232187
0.232187
0.232187
0.232187
0.253854
0.253854
0.253854
0.253854
0.284861
0.284861
0.284861
0.284861
0.308958
0.308958
0.308958
0.308958
0.331493
0.331493
0.331493
0.331493
0.342813
0.342813
0.342813
0.342813
0.365312
0.365312
0.365312
0.365312
0.386875
0.386875
0.386875
0.386875
0.408333
0.408333
0.408333
0.408333
0.421458
0.421458
0.421458
0.421458
0.4375
0.4375
0.4375
0.4375
0.486042
0.486042
0.486042
0.486042
0.52066
0.52066
0.52066
0.52066
0.539479
0.539479
0.539479
0.539479
0.561562
0.561562
0.561562
0.561562
0.555417
0.555417
0.555417
0.555417
0.555208
0.555208
0.555208
0.555208
0.560208
0.560208
0.560208
0.560208
0.560833
0.560833
0.560833
0.560833
0.565
0.565
0.565
0.565
0.58875
0.58875
0.58875
0.58875
0.629062
0.629062
0.629062
0.629062
0.63441
0.63441
0.63441
0.63441
0.644132
0.644132
0.644132
0.644132
0.658854
0.658854
0.658854
0.658854
0.649687
0.649687
0.649687
0.649687
0.654896
0.654896
0.654896
0.654896
0.659687
0.659687
0.659687
0.659687
0.66566
0.66566
0.66566
0.66566
0.659201
0.659201
0.659201
0.659201
0.643229
0.643229
0.643229
0.643229
0.641146
0.641146
0.641146
0.641146
0.646979
0.646979
0.646979
0.646979
0.643854
0.643854
0.643854
0.643854
0.635625
0.635625
0.635625
0.635625
0.6375
0.6375
0.6375
0.6375
0.652083
0.652083
0.652083
0.652083
0.662813
0.662813
0.662813
0.662813
0.645
0.645
0.645
0.645
0.642917
0.642917
0.642917
0.642917
0.628819
0.628819
0.628819
0.628819
0.624062
0.624062
0.624062
0.624062
0.630833
0.630833
0.630833
0.630833
0.631146
0.631146
0.631146
0.631146
0.62684
0.62684
0.62684
0.62684
0.618854
0.618854
0.618854
0.618854
0.623819
0.623819
0.623819
0.623819
0.630938
0.630938
0.630938
0.630938
0.626146
0.626146
0.626146
0.626146
0.624062
0.624062
0.624062
0.624062
0.618021
0.618021
0.618021
0.618021
0.605833
0.605833
0.605833
0.605833
0.5975
0.5975
0.5975
0.5975
0.580729
0.580729
0.580729
0.580729
0.569514
0.569514
0.569514
0.569514
0.556667
0.556667
0.556667
0.556667
0.531007
0.531007
0.531007
0.531007
0.499479
0.499479
0.499479
0.499479
0.489792
0.489792
0.489792
0.489792
0.460521
0.460521
0.460521
0.460521
0.426771
0.426771
0.426771
0.426771
0.425729
0.425729
0.425729
0.425729
0.438854
0.438854
0.438854
0.438854
0.435833
0.435833
0.435833
0.435833
0.433958
0.433958
0.433958
0.433958
0.432326
0.432326
0.432326
0.432326
0.455104
0.455104
0.455104
0.455104
0.460208
0.460208
0.460208
0.460208
0.489306
0.489306
0.489306
0.489306
0.507083
0.507083
0.507083
0.507083
0.527222
0.527222
0.527222
0.527222
0.54375
0.54375
0.54375
0.54375
0.569375
0.569375
0.569375
0.569375
0.581875
0.581875
0.581875
0.581875
0.572708
0.572708
0.572708
0.572708
0.576875
0.576875
0.576875
0.576875
0.572292
0.572292
0.572292
0.572292
0.580972
0.580972
0.580972
0.580972
0.565
0.565
0.565
0.565
0.546354
0.546354
0.546354
0.546354
0.534271
0.534271
0.534271
0.534271
0.506806
0.506806
0.506806
0.506806
0.505313
0.505313
0.505313
0.505313
0.50125
0.50125
0.50125
0.50125
0.499896
0.499896
0.499896
0.499896
0.519479
0.519479
0.519479
0.519479
0.532222
0.532222
0.532222
0.532222
0.536042
0.536042
0.536042
0.536042
0.541042
0.541042
0.541042
0.541042
0.577396
0.577396
0.577396
0.577396
0.605625
0.605625
0.605625
0.605625
0.604792
0.604792
0.604792
0.604792
0.604896
0.604896
0.604896
0.604896
0.580833
0.580833
0.580833
0.580833
0.563646
0.563646
0.563646
0.563646
0.5525
0.5525
0.5525
0.5525
0.518819
0.518819
0.518819
0.518819
0.485
0.485
0.485
0.485
0.466146
0.466146
0.466146
0.466146
0.448437
0.448437
0.448437
0.448437
0.474549
0.474549
0.474549
0.474549
0.460243
0.460243
0.460243
0.460243
0.45375
0.45375
0.45375
0.45375
0.426319
0.426319
0.426319
0.426319
0.40309
0.40309
0.40309
0.40309
0.389514
0.389514
0.389514
0.389514
0.397292
0.397292
0.397292
0.397292
0.379896
0.379896
0.379896
0.379896
0.364583
0.364583
0.364583
0.364583
0.36184
0.36184
0.36184
0.36184
0.348646
0.348646
0.348646
0.348646
0.340313
0.340313
0.340313
0.340313
0.317708
0.317708
0.317708
0.317708
0.282014
0.282014
0.282014
0.282014
0.274896
0.274896
0.274896
0.274896
0.267083
0.267083
0.267083
0.267083
0.293125
0.293125
0.293125
0.293125
0.296667
0.296667
0.296667
0.296667
0.292292
0.292292
0.292292
0.292292
0.321597
0.321597
0.321597
0.321597
0.330937
0.330937
0.330937
0.330937
0.324201
0.324201
0.324201
0.324201
0.318125
0.318125
0.318125
0.318125
0.306354
0.306354
0.306354
0.306354
0.303333
0.303333
0.303333
0.303333
0.278125
0.278125
0.278125
0.278125
0.245104
0.245104
0.245104
0.245104
0.219201
0.219201
0.219201
0.219201
0.18184
0.18184
0.18184
0.18184
0.203021
0.203021
0.203021
0.203021
0.221562
0.221562
0.221562
0.221562
0.245
0.245
0.245
0.245
0.231181
0.231181
0.231181
0.231181
0.233333
0.233333
0.233333
0.233333
0.253472
0.253472
0.253472
0.253472
0.274618
0.274618
0.274618
0.274618
0.288125
0.288125
0.288125
0.288125
0.323299
0.323299
0.323299
0.323299
0.336354
0.336354
0.336354
0.336354
0.3425
0.3425
0.3425
0.3425
0.344062
0.344062
0.344062
0.344062
0.328611
0.328611
0.328611
0.328611
0.312708
0.312708
0.312708
0.312708
0.289792
0.289792
0.289792
0.289792
0.276042
0.276042
0.276042
0.276042
0.258229
0.258229
0.258229
0.258229
0.224167
0.224167
0.224167
0.224167
0.185312
0.185312
0.185312
0.185312
0.164792
0.164792
0.164792
0.164792
0.143819
0.143819
0.143819
0.143819
0.131632
0.131632
0.131632
0.131632
0.109618
0.109618
0.109618
0.109618
0.0883333
0.0883333
0.0883333
0.0883333
0.0597569
0.0597569
0.0597569
0.0597569
0.0367708
0.0367708
0.0367708
0.0367708
0.0212847
0.0212847
0.0212847
0.0212847
0.00864583
0.00864583
0.00864583
0.00864583
0.00458333
0.00458333
0.00458333
0.00458333
0.0040625
0.0040625
0.0040625
0.0040625
0.00354167
0.00354167
0.00354167
0.00354167
0.00322917
0.00322917
0.00322917
0.00322917
0.00291667
0.00291667
0.00291667
0.00291667
0.00260417
0.00260417
0.00260417
0.00260417
0.0025
0.0025
0.0025
0.0025
0.00229167
0.00229167
0.00229167
0.00229167
0.00229167
0.00229167
0.00229167
0.00229167
0.00229167
0.00229167
0.00229167
0.00229167
0.00260417
0.00260417
0.00260417
0.00260417
0.003125
0.003125
0.003125
0.003125
0.00270833
0.00270833
0.00270833
0.00270833
0.00364583
0.00364583
0.00364583
0.00364583
0.0015625
0.0015625
0.0015625
0.0015625
0.0021875
0.0021875
0.0021875
0.0021875
0.0015625
0.0015625
0.0015625
0.0015625
0.00197917
0.00197917
0.00197917
0.00197917
0.00104167
0.00104167
0.00104167
0.00104167
0.0015625
0.0015625
0.0015625
0.0015625
0.000833333
0.000833333
0.000833333
0.000833333
0.0009375
0.0009375
0.0009375
0.0009375
0.00114583
0.00114583
0.00114583
0.00114583
0.000833333
0.000833333
0.000833333
0.000833333
0.00114583
0.00114583
0.00114583
0.00114583
0.000729167
0.000729167
0.000729167
0.000729167
0.00447917
0.00447917
0.00447917
0.00447917
0.00864583
0.00864583
0.00864583
0.00864583
0.0114583
0.0114583
0.0114583
0.0114583
0.006875
0.006875
0.006875
0.006875
0.00645833
0.00645833
0.00645833
0.00645833
0.029375
0.029375
0.029375
0.029375
0.0338542
0.0338542
0.0338542
0.0338542
0.0490625
0.0490625
0.0490625
0.0490625
0.0776042
0.0776042
0.0776042
0.0776042
0.088125
0.088125
0.088125
0.088125
0.0963542
0.0963542
0.0963542
0.0963542
0.099375
0.099375
0.099375
0.099375
0.0903125
0.0903125
0.0903125
0.0903125
0.08125
0.08125
0.08125
0.08125
0.0794792
0.0794792
0.0794792
0.0794792
0.078125
0.078125
0.078125
0.078125
0.0533333
0.0533333
0.0533333
0.0533333
0.0490625
0.0490625
0.0490625
0.0490625
0.049375
0.049375
0.049375
0.049375
0.0502083
0.0502083
0.0502083
0.0502083
0.0541667
0.0541667
0.0541667
0.0541667
0.0605208
0.0605208
0.0605208
0.0605208
0.0597917
0.0597917
0.0597917
0.0597917
0.0607292
0.0607292
0.0607292
0.0607292
0.0690625
0.0690625
0.0690625
0.0690625
0.0773958
0.0773958
0.0773958
0.0773958
0.0770833
0.0770833
0.0770833
0.0770833
0.0733681
0.0733681
0.0733681
0.0733681
0.0483333
0.0483333
0.0483333
0.0483333
0.0218056
0.0218056
0.0218056
0.0218056
0.0116319
0.0116319
0.0116319
0.0116319
0.005625
0.005625
0.005625
0.005625
0.0040625
0.0040625
0.0040625
0.0040625
0.001875
0.001875
0.001875
0.001875
0.00510417
0.00510417
0.00510417
0.00510417
0.0109375
0.0109375
0.0109375
0.0109375
0.0129167
0.0129167
0.0129167
0.0129167
0.0323958
0.0323958
0.0323958
0.0323958
0.0694792
0.0694792
0.0694792
0.0694792
0.108958
0.108958
0.108958
0.108958
0.153958
0.153958
0.153958
0.153958
0.203646
0.203646
0.203646
0.203646
0.259271
0.259271
0.259271
0.259271
0.299063
0.299063
0.299063
0.299063
0.314063
0.314063
0.314063
0.314063
0.297396
0.297396
0.297396
0.297396
0.286875
0.286875
0.286875
0.286875
0.261562
0.261562
0.261562
0.261562
0.238021
0.238021
0.238021
0.238021
0.21934
0.21934
0.21934
0.21934
0.205764
0.205764
0.205764
0.205764
0.184271
0.184271
0.184271
0.184271
0.128333
0.128333
0.128333
0.128333
0.0833333
0.0833333
0.0833333
0.0833333
0.0484375
0.0484375
0.0484375
0.0484375
0.0155208
0.0155208
0.0155208
0.0155208
0
0
0
0
0
0
0
0
0.003125
0.003125
0.003125
0.003125
0
0
0
0
0
0
0
0
0
0
0
0
0
0
0
0
0
0
0
0
0
0
0
0
0
0
0
0
0
0
0
0
0
0
0
0
0
0
0
0
0
0
0
0
0
0
0
0
0
0
0
0
0
0
0
0
0
0
0
0
0
0
0
0
0
0
0
0
0
0
0
0
0
0
0
0
0
0
0
0
0
0
0
0
0
0
0
0
0
0
0
0
0
0
0
0
0
0
0
0
0
0
0
0
0
0
0
0
0
0
0
0
0
0
0
0
0
0
0
0
0
0
0
0
0.0188542
0.0188542
0.0188542
0.0188542
0.0330208
0.0330208
0.0330208
0.0330208
0.0397917
0.0397917
0.0397917
0.0397917
0.0401042
0.0401042
0.0401042
0.0401042
0.0411458
0.0411458
0.0411458
0.0411458
0.0447917
0.0447917
0.0447917
0.0447917
0.0501042
0.0501042
0.0501042
0.0501042
0.0590625
0.0590625
0.0590625
0.0590625
0.0865625
0.0865625
0.0865625
0.0865625
0.106667
0.106667
0.106667
0.106667
0.113542
0.113542
0.113542
0.113542
0.120729
0.120729
0.120729
0.120729
0.130625
0.130625
0.130625
0.130625
0.138437
0.138437
0.138437
0.138437
0.149271
0.149271
0.149271
0.149271
0.140833
0.140833
0.140833
0.140833
0.136667
0.136667
0.136667
0.136667
0.133854
0.133854
0.133854
0.133854
0.142292
0.142292
0.142292
0.142292
0.148021
0.148021
0.148021
0.148021
0.144792
0.144792
0.144792
0.144792
0.148854
0.148854
0.148854
0.148854
0.152708
0.152708
0.152708
0.152708
0.158333
0.158333
0.158333
0.158333
0.171667
0.171667
0.171667
0.171667
0.180625
0.180625
0.180625
0.180625
0.190104
0.190104
0.190104
0.190104
0.194062
0.194062
0.194062
0.194062
0.197813
0.197813
0.197813
0.197813
0.200313
0.200313
0.200313
0.200313
0.193646
0.193646
0.193646
0.193646
0.193125
0.193125
0.193125
0.193125
0.211979
0.211979
0.211979
0.211979
0.225938
0.225938
0.225938
0.225938
0.242812
0.242812
0.242812
0.242812
0.246458
0.246458
0.246458
0.246458
0.244583
0.244583
0.244583
0.244583
0.226979
0.226979
0.226979
0.226979
0.223646
0.223646
0.223646
0.223646
0.222292
0.222292
0.222292
0.222292
0.240833
0.240833
0.240833
0.240833
0.254271
0.254271
0.254271
0.254271
0.253646
0.253646
0.253646
0.253646
0.273958
0.273958
0.273958
0.273958
0.303229
0.303229
0.303229
0.303229
0.328437
0.328437
0.328437
0.328437
0.353125
0.353125
0.353125
0.353125
0.363958
0.363958
0.363958
0.363958
0.372396
0.372396
0.372396
0.372396
0.373542
0.373542
0.373542
0.373542
0.373333
0.373333
0.373333
0.373333
0.365521
0.365521
0.365521
0.365521
0.366458
0.366458
0.366458
0.366458
0.364479
0.364479
0.364479
0.364479
0.353438
0.353438
0.353438
0.353438
0.359271
0.359271
0.359271
0.359271
0.386146
0.386146
0.386146
0.386146
0.409028
0.409028
0.409028
0.409028
0.425
0.425
0.425
0.425
0.450521
0.450521
0.450521
0.450521
0.447083
0.447083
0.447083
0.447083
0.451979
0.451979
0.451979
0.451979
0.459479
0.459479
0.459479
0.459479
0.460625
0.460625
0.460625
0.460625
0.448854
0.448854
0.448854
0.448854
0.463854
0.463854
0.463854
0.463854
0.459167
0.459167
0.459167
0.459167
0.459062
0.459062
0.459062
0.459062
0.461771
0.461771
0.461771
0.461771
0.463854
0.463854
0.463854
0.463854
0.46875
0.46875
0.46875
0.46875
0.480208
0.480208
0.480208
0.480208
0.471354
0.471354
0.471354
0.471354
0.463438
0.463438
0.463438
0.463438
0.464687
0.464687
0.464687
0.464687
0.462396
0.462396
0.462396
0.462396
0.467674
0.467674
0.467674
0.467674
0.476979
0.476979
0.476979
0.476979
0.497049
0.497049
0.497049
0.497049
0.488854
0.488854
0.488854
0.488854
0.4975
0.4975
0.4975
0.4975
0.503437
0.503437
0.503437
0.503437
0.504687
0.504687
0.504687
0.504687
0.509062
0.509062
0.509062
0.509062
0.529792
0.529792
0.529792
0.529792
0.515556
0.515556
0.515556
0.515556
0.503889
0.503889
0.503889
0.503889
0.505208
0.505208
0.505208
0.505208
0.506979
0.506979
0.506979
0.506979
0.508854
0.508854
0.508854
0.508854
0.520278
0.520278
0.520278
0.520278
0.518542
0.518542
0.518542
0.518542
0.515347
0.515347
0.515347
0.515347
0.511076
0.511076
0.511076
0.511076
0.505972
0.505972
0.505972
0.505972
0.502118
0.502118
0.502118
0.502118
0.542813
0.542813
0.542813
0.542813
0.532396
0.532396
0.532396
0.532396
0.535833
0.535833
0.535833
0.535833
0.532708
0.532708
0.532708
0.532708
0.525937
0.525937
0.525937
0.525937
0.522917
0.522917
0.522917
0.522917
0.516875
0.516875
0.516875
0.516875
0.536146
0.536146
0.536146
0.536146
0.520729
0.520729
0.520729
0.520729
0.518437
0.518437
0.518437
0.518437
0.514861
0.514861
0.514861
0.514861
0.509792
0.509792
0.509792
0.509792
0.503437
0.503437
0.503437
0.503437
0.498437
0.498437
0.498437
0.498437
0.492292
0.492292
0.492292
0.492292
0.485729
0.485729
0.485729
0.485729
0.481007
0.481007
0.481007
0.481007
0.482812
0.482812
0.482812
0.482812
0.4825
0.4825
0.4825
0.4825
0.549167
0.549167
0.549167
0.549167
0.532292
0.532292
0.532292
0.532292
0.522813
0.522813
0.522813
0.522813
0.516458
0.516458
0.516458
0.516458
0.50809
