0
0
0
0
0
0
0
0
0
0
0.147292
0.147292
0.147292
0.147292
0.147292
0.147292
0.147292
0.147292
0.147292
0.147292
0.187188
0.187188
0.187188
0.187188
0.187188
0.187188
0.187188
0.187188
0.187188
0.187188
0.201528
0.201528
0.201528
0.201528
0.201528
0.201528
0.201528
0.201528
0.201528
0.201528
0.200729
0.200729
0.200729
0.200729
0.200729
0.200729
0.200729
0.200729
0.200729
0.200729
0.201354
0.201354
0.201354
0.201354
0.201354
0.201354
0.201354
0.201354
0.201354
0.201354
0.219479
0.219479
0.219479
0.219479
0.219479
0.219479
0.219479
0.219479
0.219479
0.219479
0.221562
0.221562
0.221562
0.221562
0.221562
0.221562
0.221562
0.221562
0.221562
0.221562
0.214201
0.214201
0.214201
0.214201
0.214201
0.214201
0.214201
0.214201
0.214201
0.214201
0.283264
0.283264
0.283264
0.283264
0.283264
0.283264
0.283264
0.283264
0.283264
0.283264
0.350208
0.350208
0.350208
0.350208
0.350208
0.350208
0.350208
0.350208
0.350208
0.350208
0.355104
0.355104
0.355104
0.355104
0.355104
0.355104
0.355104
0.355104
0.355104
0.355104
0.335139
0.335139
0.335139
0.335139
0.335139
0.335139
0.335139
0.335139
0.335139
0.335139
0.336562
0.336562
0.336562
0.336562
0.336562
0.336562
0.336562
0.336562
0.336562
0.336562
0.34125
0.34125
0.34125
0.34125
0.34125
0.34125
0.34125
0.34125
0.34125
0.34125
0.328958
0.328958
0.328958
0.328958
0.328958
0.328958
0.328958
0.328958
0.328958
0.328958
0.32125
0.32125
0.32125
0.32125
0.32125
0.32125
0.32125
0.32125
0.32125
0.32125
0.315625
0.315625
0.315625
0.315625
0.315625
0.315625
0.315625
0.315625
0.315625
0.315625
0.305312
0.305312
0.305312
0.305312
0.305312
0.305312
0.305312
0.305312
0.305312
0.305312
0.299514
0.299514
0.299514
0.299514
0.299514
0.299514
0.299514
0.299514
0.299514
0.299514
0.295104
0.295104
0.295104
0.295104
0.295104
0.295104
0.295104
0.295104
0.295104
0.295104
0.291389
0.291389
0.291389
0.291389
0.291389
0.291389
0.291389
0.291389
0.291389
0.291389
0.289479
0.289479
0.289479
0.289479
0.289479
0.289479
0.289479
0.289479
0.289479
0.289479
0.285
0.285
0.285
0.285
0.285
0.285
0.285
0.285
0.285
0.285
0.283438
0.283438
0.283438
0.283438
0.283438
0.283438
0.283438
0.283438
0.283438
0.283438
0.289167
0.289167
0.289167
0.289167
0.289167
0.289167
0.289167
0.289167
0.289167
0.289167
0.284514
0.284514
0.284514
0.284514
0.284514
0.284514
0.284514
0.284514
0.284514
0.284514
0.283854
0.283854
0.283854
0.283854
0.283854
0.283854
0.283854
0.283854
0.283854
0.283854
0.289722
0.289722
0.289722
0.289722
0.289722
0.289722
0.289722
0.289722
0.289722
0.289722
0.314306
0.314306
0.314306
0.314306
0.314306
0.314306
0.314306
0.314306
0.314306
0.314306
0.30125
0.30125
0.30125
0.30125
0.30125
0.30125
0.30125
0.30125
0.30125
0.30125
0.291354
0.291354
0.291354
0.291354
0.291354
0.291354
0.291354
0.291354
0.291354
0.291354
0.290625
0.290625
0.290625
0.290625
0.290625
0.290625
0.290625
0.290625
0.290625
0.290625
0.275313
0.275313
0.275313
0.275313
0.275313
0.275313
0.275313
0.275313
0.275313
0.275313
0.273438
0.273438
0.273438
0.273438
0.273438
0.273438
0.273438
0.273438
0.273438
0.273438
0.284687
0.284687
0.284687
0.284687
0.284687
0.284687
0.284687
0.284687
0.284687
0.284687
0.283438
0.283438
0.283438
0.283438
0.283438
0.283438
0.283438
0.283438
0.283438
0.283438
0.2825
0.2825
0.2825
0.2825
0.2825
0.2825
0.2825
0.2825
0.2825
0.2825
0.277292
0.277292
0.277292
0.277292
0.277292
0.277292
0.277292
0.277292
0.277292
0.277292
0.289792
0.289792
0.289792
0.289792
0.289792
0.289792
0.289792
0.289792
0.289792
0.289792
0.301771
0.301771
0.301771
0.301771
0.301771
0.301771
0.301771
0.301771
0.301771
0.301771
0.341354
0.341354
0.341354
0.341354
0.341354
0.341354
0.341354
0.341354
0.341354
0.341354
0.420035
0.420035
0.420035
0.420035
0.420035
0.420035
0.420035
0.420035
0.420035
0.420035
0.500764
0.500764
0.500764
0.500764
0.500764
0.500764
0.500764
0.500764
0.500764
0.500764
0.554271
0.554271
0.554271
0.554271
0.554271
0.554271
0.554271
0.554271
0.554271
0.554271
0.597882
0.597882
0.597882
0.597882
0.597882
0.597882
0.597882
0.597882
0.597882
0.597882
0.630833
0.630833
0.630833
0.630833
0.630833
0.630833
0.630833
0.630833
0.630833
0.630833
0.652708
0.652708
0.652708
0.652708
0.652708
0.652708
0.652708
0.652708
0.652708
0.652708
0.658438
0.658438
0.658438
0.658438
0.658438
0.658438
0.658438
0.658438
0.658438
0.658438
0.66066
0.66066
0.66066
0.66066
0.66066
0.66066
0.66066
0.66066
0.66066
0.66066
0.66441
0.66441
0.66441
0.66441
0.66441
0.66441
0.66441
0.66441
0.66441
0.66441
0.690799
0.690799
0.690799
0.690799
0.690799
0.690799
0.690799
0.690799
0.690799
0.690799
0.726701
0.726701
0.726701
0.726701
0.726701
0.726701
0.726701
0.726701
0.726701
0.726701
0.741701
0.741701
0.741701
0.741701
0.741701
0.741701
0.741701
0.741701
0.741701
0.741701
0.747812
0.747812
0.747812
0.747812
0.747812
0.747812
0.747812
0.747812
0.747812
0.747812
0.758125
0.758125
0.758125
0.758125
0.758125
0.758125
0.758125
0.758125
0.758125
0.758125
0.750243
0.750243
0.750243
0.750243
0.750243
0.750243
0.750243
0.750243
0.750243
0.750243
0.743889
0.743889
0.743889
0.743889
0.743889
0.743889
0.743889
0.743889
0.743889
0.743889
0.759514
0.759514
0.759514
0.759514
0.759514
0.759514
0.759514
0.759514
0.759514
0.759514
0.780139
0.780139
0.780139
0.780139
0.780139
0.780139
0.780139
0.780139
0.780139
0.780139
0.817986
0.817986
0.817986
0.817986
0.817986
0.817986
0.817986
0.817986
0.817986
0.817986
0.865903
0.865903
0.865903
0.865903
0.865903
0.865903
0.865903
0.865903
0.865903
0.865903
0.929306
0.929306
0.929306
0.929306
0.929306
0.929306
0.929306
0.929306
0.929306
0.929306
0.92375
0.92375
0.92375
0.92375
0.92375
0.92375
0.92375
0.92375
0.92375
0.92375
0.931354
0.931354
0.931354
0.931354
0.931354
0.931354
0.931354
0.931354
0.931354
0.931354
0.954514
0.954514
0.954514
0.954514
0.954514
0.954514
0.954514
0.954514
0.954514
0.954514
0.952986
0.952986
0.952986
0.952986
0.952986
0.952986
0.952986
0.952986
0.952986
0.952986
0.944306
0.944306
0.944306
0.944306
0.944306
0.944306
0.944306
0.944306
0.944306
0.944306
0.941701
0.941701
0.941701
0.941701
0.941701
0.941701
0.941701
0.941701
0.941701
0.941701
0.941458
0.941458
0.941458
0.941458
0.941458
0.941458
0.941458
0.941458
0.941458
0.941458
0.9425
0.9425
0.9425
0.9425
0.9425
0.9425
0.9425
0.9425
0.9425
0.9425
0.947292
0.947292
0.947292
0.947292
0.947292
0.947292
0.947292
0.947292
0.947292
0.947292
0.972014
0.972014
0.972014
0.972014
0.972014
0.972014
0.972014
0.972014
0.972014
0.972014
0.967153
0.967153
0.967153
0.967153
0.967153
0.967153
0.967153
0.967153
0.967153
0.967153
0.967535
0.967535
0.967535
0.967535
0.967535
0.967535
0.967535
0.967535
0.967535
0.967535
0.975451
0.975451
0.975451
0.975451
0.975451
0.975451
0.975451
0.975451
0.975451
0.975451
0.975764
0.975764
0.975764
0.975764
0.975764
0.975764
0.975764
0.975764
0.975764
0.975764
0.982222
0.982222
0.982222
0.982222
0.982222
0.982222
0.982222
0.982222
0.982222
0.982222
0.97816
0.97816
0.97816
0.97816
0.97816
0.97816
0.97816
0.97816
0.97816
0.97816
0.97691
0.97691
0.97691
0.97691
0.97691
0.97691
0.97691
0.97691
0.97691
0.97691
0.970347
0.970347
0.970347
0.970347
0.970347
0.970347
0.970347
0.970347
0.970347
0.970347
0.968472
0.968472
0.968472
0.968472
0.968472
0.968472
0.968472
0.968472
0.968472
0.968472
0.979618
0.979618
0.979618
0.979618
0.979618
0.979618
0.979618
0.979618
0.979618
0.979618
0.985035
0.985035
0.985035
0.985035
0.985035
0.985035
0.985035
0.985035
0.985035
0.985035
0.983056
0.983056
0.983056
0.983056
0.983056
0.983056
0.983056
0.983056
0.983056
0.983056
0.983368
0.983368
0.983368
0.983368
0.983368
0.983368
0.983368
0.983368
0.983368
0.983368
0.982326
0.982326
0.982326
0.982326
0.982326
0.982326
0.982326
0.982326
0.982326
0.982326
0.983368
0.983368
0.983368
0.983368
0.983368
0.983368
0.983368
0.983368
0.983368
0.983368
0.981597
0.981597
0.981597
0.981597
0.981597
0.981597
0.981597
0.981597
0.981597
0.981597
0.980451
0.980451
0.980451
0.980451
0.980451
0.980451
0.980451
0.980451
0.980451
0.980451
0.980556
0.980556
0.980556
0.980556
0.980556
0.980556
0.980556
0.980556
0.980556
0.980556
0.979618
0.979618
0.979618
0.979618
0.979618
0.979618
0.979618
0.979618
0.979618
0.979618
0.980035
0.980035
0.980035
0.980035
0.980035
0.980035
0.980035
0.980035
0.980035
0.980035
0.979097
0.979097
0.979097
0.979097
0.979097
0.979097
0.979097
0.979097
0.979097
0.979097
0.978785
0.978785
0.978785
0.978785
0.978785
0.978785
0.978785
0.978785
0.978785
0.978785
0.97691
0.97691
0.97691
0.97691
0.97691
0.97691
0.97691
0.97691
0.97691
0.97691
0.97816
0.97816
0.97816
0.97816
0.97816
0.97816
0.97816
0.97816
0.97816
0.97816
0.977014
0.977014
0.977014
0.977014
0.977014
0.977014
0.977014
0.977014
0.977014
0.977014
0.977326
0.977326
0.977326
0.977326
0.977326
0.977326
0.977326
0.977326
0.977326
0.977326
0.976493
0.976493
0.976493
0.976493
0.976493
0.976493
0.976493
0.976493
0.976493
0.976493
0.975868
0.975868
0.975868
0.975868
0.975868
0.975868
0.975868
0.975868
0.975868
0.975868
0.976181
0.976181
0.976181
0.976181
0.976181
0.976181
0.976181
0.976181
0.976181
0.976181
0.975347
0.975347
0.975347
0.975347
0.975347
0.975347
0.975347
0.975347
0.975347
0.975347
0.975556
0.975556
0.975556
0.975556
0.975556
0.975556
0.975556
0.975556
0.975556
0.975556
0.973264
0.973264
0.973264
0.973264
0.973264
0.973264
0.973264
0.973264
0.973264
0.973264
0.971806
0.971806
0.971806
0.971806
0.971806
0.971806
0.971806
0.971806
0.971806
0.971806
0.972847
0.972847
0.972847
0.972847
0.972847
0.972847
0.972847
0.972847
0.972847
0.972847
0.97066
0.97066
0.97066
0.97066
0.97066
0.97066
0.97066
0.97066
0.97066
0.97066
0.96816
0.96816
0.96816
0.96816
0.96816
0.96816
0.96816
0.96816
0.96816
0.96816
0.967743
0.967743
0.967743
0.967743
0.967743
0.967743
0.967743
0.967743
0.967743
0.967743
0.965243
0.965243
0.965243
0.965243
0.965243
0.965243
0.965243
0.965243
0.965243
0.965243
0.967118
0.967118
0.967118
0.967118
0.967118
0.967118
0.967118
0.967118
0.967118
0.967118
0.964722
0.964722
0.964722
0.964722
0.964722
0.964722
0.964722
0.964722
0.964722
0.964722
0.962639
0.962639
0.962639
0.962639
0.962639
0.962639
0.962639
0.962639
0.962639
0.962639
0.959306
0.959306
0.959306
0.959306
0.959306
0.959306
0.959306
0.959306
0.959306
0.959306
0.959201
0.959201
0.959201
0.959201
0.959201
0.959201
0.959201
0.959201
0.959201
0.959201
0.955556
0.955556
0.955556
0.955556
0.955556
0.955556
0.955556
0.955556
0.955556
0.955556
0.951528
0.951528
0.951528
0.951528
0.951528
0.951528
0.951528
0.951528
0.951528
0.951528
0.950486
0.950486
0.950486
0.950486
0.950486
0.950486
0.950486
0.950486
0.950486
0.950486
0.949236
0.949236
0.949236
0.949236
0.949236
0.949236
0.949236
0.949236
0.949236
0.949236
0.946007
0.946007
0.946007
0.946007
0.946007
0.946007
0.946007
0.946007
0.946007
0.946007
0.944931
0.944931
0.944931
0.944931
0.944931
0.944931
0.944931
0.944931
0.944931
0.944931
0.937951
0.937951
0.937951
0.937951
0.937951
0.937951
0.937951
0.937951
0.937951
0.937951
0.935278
0.935278
0.935278
0.935278
0.935278
0.935278
0.935278
0.935278
0.935278
0.935278
0.935694
0.935694
0.935694
0.935694
0.935694
0.935694
0.935694
0.935694
0.935694
0.935694
0.932014
0.932014
0.932014
0.932014
0.932014
0.932014
0.932014
0.932014
0.932014
0.932014
0.928889
0.928889
0.928889
0.928889
0.928889
0.928889
0.928889
0.928889
0.928889
0.928889
0.924618
0.924618
0.924618
0.924618
0.924618
0.924618
0.924618
0.924618
0.924618
0.924618
0.92066
0.92066
0.92066
0.92066
0.92066
0.92066
0.92066
0.92066
0.92066
0.92066
0.919306
0.919306
0.919306
0.919306
0.919306
0.919306
0.919306
0.919306
0.919306
0.919306
0.913576
0.913576
0.913576
0.913576
0.913576
0.913576
0.913576
0.913576
0.913576
0.913576
0.914549
0.914549
0.914549
0.914549
0.914549
0.914549
0.914549
0.914549
0.914549
0.914549
0.907014
0.907014
0.907014
0.907014
0.907014
0.907014
0.907014
0.907014
0.907014
0.907014
0.90059
0.90059
0.90059
0.90059
0.90059
0.90059
0.90059
0.90059
0.90059
0.90059
0.893924
0.893924
0.893924
0.893924
0.893924
0.893924
0.893924
0.893924
0.893924
0.893924
0.885833
0.885833
0.885833
0.885833
0.885833
0.885833
0.885833
0.885833
0.885833
0.885833
0.884931
0.884931
0.884931
0.884931
0.884931
0.884931
0.884931
0.884931
0.884931
0.884931
0.876563
0.876563
0.876563
0.876563
0.876563
0.876563
0.876563
0.876563
0.876563
0.876563
0.86875
0.86875
0.86875
0.86875
0.86875
0.86875
0.86875
0.86875
0.86875
0.86875
0.865729
0.865729
0.865729
0.865729
0.865729
0.865729
0.865729
0.865729
0.865729
0.865729
0.858125
0.858125
0.858125
0.858125
0.858125
0.858125
0.858125
0.858125
0.858125
0.858125
0.856563
0.856563
0.856563
0.856563
0.856563
0.856563
0.856563
0.856563
0.856563
0.856563
0.856181
0.856181
0.856181
0.856181
0.856181
0.856181
0.856181
0.856181
0.856181
0.856181
0.868576
0.868576
0.868576
0.868576
0.868576
0.868576
0.868576
0.868576
0.868576
0.868576
0.884306
0.884306
0.884306
0.884306
0.884306
0.884306
0.884306
0.884306
0.884306
0.884306
0.899097
0.899097
0.899097
0.899097
0.899097
0.899097
0.899097
0.899097
0.899097
0.899097
0.909896
0.909896
0.909896
0.909896
0.909896
0.909896
0.909896
0.909896
0.909896
0.909896
0.924167
0.924167
0.924167
0.924167
0.924167
0.924167
0.924167
0.924167
0.924167
0.924167
0.935833
0.935833
0.935833
0.935833
0.935833
0.935833
0.935833
0.935833
0.935833
0.935833
0.947326
0.947326
0.947326
0.947326
0.947326
0.947326
0.947326
0.947326
0.947326
0.947326
0.954722
0.954722
0.954722
0.954722
0.954722
0.954722
0.954722
0.954722
0.954722
0.954722
0.963299
0.963299
0.963299
0.963299
0.963299
0.963299
0.963299
0.963299
0.963299
0.963299
0.971389
0.971389
0.971389
0.971389
0.971389
0.971389
0.971389
0.971389
0.971389
0.971389
0.973576
0.973576
0.973576
0.973576
0.973576
0.973576
0.973576
0.973576
0.973576
0.973576
0.975139
0.975139
0.975139
0.975139
0.975139
0.975139
0.975139
0.975139
0.975139
0.975139
0.970556
0.970556
0.970556
0.970556
0.970556
0.970556
0.970556
0.970556
0.970556
0.970556
0.969618
0.969618
0.969618
0.969618
0.969618
0.969618
0.969618
0.969618
0.969618
0.969618
0.969028
0.969028
0.969028
0.969028
0.969028
0.969028
0.969028
0.969028
0.969028
0.969028
0.965035
0.965035
0.965035
0.965035
0.965035
0.965035
0.965035
0.965035
0.965035
0.965035
0.961042
0.961042
0.961042
0.961042
0.961042
0.961042
0.961042
0.961042
0.961042
0.961042
0.966806
0.966806
0.966806
0.966806
0.966806
0.966806
0.966806
0.966806
0.966806
0.966806
0.970972
0.970972
0.970972
0.970972
0.970972
0.970972
0.970972
0.970972
0.970972
0.970972
0.980035
0.980035
0.980035
0.980035
0.980035
0.980035
0.980035
0.980035
0.980035
0.980035
0.974722
0.974722
0.974722
0.974722
0.974722
0.974722
0.974722
0.974722
0.974722
0.974722
0.975347
0.975347
0.975347
0.975347
0.975347
0.975347
0.975347
0.975347
0.975347
0.975347
0.964861
0.964861
0.964861
0.964861
0.964861
0.964861
0.964861
0.964861
0.964861
0.964861
0.954653
0.954653
0.954653
0.954653
0.954653
0.954653
0.954653
0.954653
0.954653
0.954653
0.961493
0.961493
0.961493
0.961493
0.961493
0.961493
0.961493
0.961493
0.961493
0.961493
0.961285
0.961285
0.961285
0.961285
0.961285
0.961285
0.961285
0.961285
0.961285
0.961285
0.960451
0.960451
0.960451
0.960451
0.960451
0.960451
0.960451
0.960451
0.960451
0.960451
0.969792
0.969792
0.969792
0.969792
0.969792
0.969792
0.969792
0.969792
0.969792
0.969792
0.956979
0.956979
0.956979
0.956979
0.956979
0.956979
0.956979
0.956979
0.956979
0.956979
0.945868
0.945868
0.945868
0.945868
0.945868
0.945868
0.945868
0.945868
0.945868
0.945868
0.942014
0.942014
0.942014
0.942014
0.942014
0.942014
0.942014
0.942014
0.942014
0.942014
0.861285
0.861285
0.861285
0.861285
0.861285
0.861285
0.861285
0.861285
0.861285
0.861285
0.715139
0.715139
0.715139
0.715139
0.715139
0.715139
0.715139
0.715139
0.715139
0.715139
0.647951
0.647951
0.647951
0.647951
0.647951
0.647951
0.647951
0.647951
0.647951
0.647951
0.628472
0.628472
0.628472
0.628472
0.628472
0.628472
0.628472
0.628472
0.628472
0.628472
0.662014
0.662014
0.662014
0.662014
0.662014
0.662014
0.662014
0.662014
0.662014
0.662014
0.576493
0.576493
0.576493
0.576493
0.576493
0.576493
0.576493
0.576493
0.576493
0.576493
0.542951
0.542951
0.542951
0.542951
0.542951
0.542951
0.542951
0.542951
0.542951
0.542951
0.507118
0.507118
0.507118
0.507118
0.507118
0.507118
0.507118
0.507118
0.507118
0.507118
0.471632
0.471632
0.471632
0.471632
0.471632
0.471632
0.471632
0.471632
0.471632
0.471632
0.432604
0.432604
0.432604
0.432604
0.432604
0.432604
0.432604
0.432604
0.432604
0.432604
0.414479
0.414479
0.414479
0.414479
0.414479
0.414479
0.414479
0.414479
0.414479
0.414479
0.342882
0.342882
0.342882
0.342882
0.342882
0.342882
0.342882
0.342882
0.342882
0.342882
0.262569
0.262569
0.262569
0.262569
0.262569
0.262569
0.262569
0.262569
0.262569
0.262569
0.309931
0.309931
0.309931
0.309931
0.309931
0.309931
0.309931
0.309931
0.309931
0.309931
0.371181
0.371181
0.371181
0.371181
0.371181
0.371181
0.371181
0.371181
0.371181
0.371181
0.470938
0.470938
0.470938
0.470938
0.470938
0.470938
0.470938
0.470938
0.470938
0.470938
0.569271
0.569271
0.569271
0.569271
0.569271
0.569271
0.569271
0.569271
0.569271
0.569271
0.691285
0.691285
0.691285
0.691285
0.691285
0.691285
0.691285
0.691285
0.691285
0.691285
0.601979
0.601979
0.601979
0.601979
0.601979
0.601979
0.601979
0.601979
0.601979
0.601979
0.501076
0.501076
0.501076
0.501076
0.501076
0.501076
0.501076
0.501076
0.501076
0.501076
0.400347
0.400347
0.400347
0.400347
0.400347
0.400347
0.400347
0.400347
0.400347
0.400347
0.308993
0.308993
0.308993
0.308993
0.308993
0.308993
0.308993
0.308993
0.308993
0.308993
0.203472
0.203472
0.203472
0.203472
0.203472
0.203472
0.203472
0.203472
0.203472
0.203472
0.121215
0.121215
0.121215
0.121215
0.121215
0.121215
0.121215
0.121215
0.121215
0.121215
0.0935069
0.0935069
0.0935069
0.0935069
0.0935069
0.0935069
0.0935069
0.0935069
0.0935069
0.0935069
0.0929514
0.0929514
0.0929514
0.0929514
0.0929514
0.0929514
0.0929514
0.0929514
0.0929514
0.0929514
0.101042
0.101042
0.101042
0.101042
0.101042
0.101042
0.101042
0.101042
0.101042
0.101042
0.295104
0.295104
0.295104
0.295104
0.295104
0.295104
0.295104
0.295104
0.295104
0.295104
0.516042
0.516042
0.516042
0.516042
0.516042
0.516042
0.516042
0.516042
0.516042
0.516042
0.620729
0.620729
0.620729
0.620729
0.620729
0.620729
0.620729
0.620729
0.620729
0.620729
0.529444
0.529444
0.529444
0.529444
0.529444
0.529444
0.529444
0.529444
0.529444
0.529444
0.370035
0.370035
0.370035
0.370035
0.370035
0.370035
0.370035
0.370035
0.370035
0.370035
0.262431
0.262431
0.262431
0.262431
0.262431
0.262431
0.262431
0.262431
0.262431
0.262431
0.161875
0.161875
0.161875
0.161875
0.161875
0.161875
0.161875
0.161875
0.161875
0.161875
0.0885069
0.0885069
0.0885069
0.0885069
0.0885069
0.0885069
0.0885069
0.0885069
0.0885069
0.0885069
0.0802083
0.0802083
0.0802083
0.0802083
0.0802083
0.0802083
0.0802083
0.0802083
0.0802083
0.0802083
0.0950694
0.0950694
0.0950694
0.0950694
0.0950694
0.0950694
0.0950694
0.0950694
0.0950694
0.0950694
0.190139
0.190139
0.190139
0.190139
0.190139
0.190139
0.190139
0.190139
0.190139
0.190139
0.346389
0.346389
0.346389
0.346389
0.346389
0.346389
0.346389
0.346389
0.346389
0.346389
0.714444
0.714444
0.714444
0.714444
0.714444
0.714444
0.714444
0.714444
0.714444
0.714444
0.755417
0.755417
0.755417
0.755417
0.755417
0.755417
0.755417
0.755417
0.755417
0.755417
0.712222
0.712222
0.712222
0.712222
0.712222
0.712222
0.712222
0.712222
0.712222
0.712222
0.392222
0.392222
0.392222
0.392222
0.392222
0.392222
0.392222
0.392222
0.392222
0.392222
0.342292
0.342292
0.342292
0.342292
0.342292
0.342292
0.342292
0.342292
0.342292
0.342292
0.224271
0.224271
0.224271
0.224271
0.224271
0.224271
0.224271
0.224271
0.224271
0.224271
0.144132
0.144132
0.144132
0.144132
0.144132
0.144132
0.144132
0.144132
0.144132
0.144132
0.0835417
0.0835417
0.0835417
0.0835417
0.0835417
0.0835417
0.0835417
0.0835417
0.0835417
0.0835417
0.0652083
0.0652083
0.0652083
0.0652083
0.0652083
0.0652083
0.0652083
0.0652083
0.0652083
0.0652083
0.0633333
0.0633333
0.0633333
0.0633333
0.0633333
0.0633333
0.0633333
0.0633333
0.0633333
0.0633333
0.0639583
0.0639583
0.0639583
0.0639583
0.0639583
0.0639583
0.0639583
0.0639583
0.0639583
0.0639583
0.063125
0.063125
0.063125
0.063125
0.063125
0.063125
0.063125
0.063125
0.063125
0.063125
0.0639583
0.0639583
0.0639583
0.0639583
0.0639583
0.0639583
0.0639583
0.0639583
0.0639583
0.0639583
0.0658333
0.0658333
0.0658333
0.0658333
0.0658333
0.0658333
0.0658333
0.0658333
0.0658333
0.0658333
0.0985417
0.0985417
0.0985417
0.0985417
0.0985417
0.0985417
0.0985417
0.0985417
0.0985417
0.0985417
0.156042
0.156042
0.156042
0.156042
0.156042
0.156042
0.156042
0.156042
0.156042
0.156042
0.18059
0.18059
0.18059
0.18059
0.18059
0.18059
0.18059
0.18059
0.18059
0.18059
0.1725
0.1725
0.1725
0.1725
0.1725
0.1725
0.1725
0.1725
0.1725
0.1725
0.138542
0.138542
0.138542
0.138542
0.138542
0.138542
0.138542
0.138542
0.138542
0.138542
0.120035
0.120035
0.120035
0.120035
0.120035
0.120035
0.120035
0.120035
0.120035
0.120035
0.0978472
0.0978472
0.0978472
0.0978472
0.0978472
0.0978472
0.0978472
0.0978472
0.0978472
0.0978472
0.0711458
0.0711458
0.0711458
0.0711458
0.0711458
0.0711458
0.0711458
0.0711458
0.0711458
0.0711458
0.0703125
0.0703125
0.0703125
0.0703125
0.0703125
0.0703125
0.0703125
0.0703125
0.0703125
0.0703125
0.0692708
0.0692708
0.0692708
0.0692708
0.0692708
0.0692708
0.0692708
0.0692708
0.0692708
0.0692708
0.0772917
0.0772917
0.0772917
0.0772917
0.0772917
0.0772917
0.0772917
0.0772917
0.0772917
0.0772917
0.0751042
0.0751042
0.0751042
0.0751042
0.0751042
0.0751042
0.0751042
0.0751042
0.0751042
0.0751042
0.128438
0.128438
0.128438
0.128438
0.128438
0.128438
0.128438
0.128438
0.128438
0.128438
0.147396
0.147396
0.147396
0.147396
0.147396
0.147396
0.147396
0.147396
0.147396
0.147396
0.141563
0.141563
0.141563
0.141563
0.141563
0.141563
0.141563
0.141563
0.141563
0.141563
0.08875
0.08875
0.08875
0.08875
0.08875
0.08875
0.08875
0.08875
0.08875
0.08875
0.0580208
0.0580208
0.0580208
0.0580208
0.0580208
0.0580208
0.0580208
0.0580208
0.0580208
0.0580208
0.0961458
0.0961458
0.0961458
0.0961458
0.0961458
0.0961458
0.0961458
0.0961458
0.0961458
0.0961458
0.0898958
0.0898958
0.0898958
0.0898958
0.0898958
0.0898958
0.0898958
0.0898958
0.0898958
0.0898958
0.106458
0.106458
0.106458
0.106458
0.106458
0.106458
0.106458
0.106458
0.106458
0.106458
0.0753125
0.0753125
0.0753125
0.0753125
0.0753125
0.0753125
0.0753125
0.0753125
0.0753125
0.0753125
0.0628125
0.0628125
0.0628125
0.0628125
0.0628125
0.0628125
0.0628125
0.0628125
0.0628125
0.0628125
0.0685417
0.0685417
0.0685417
0.0685417
0.0685417
0.0685417
0.0685417
0.0685417
0.0685417
0.0685417
0.0751042
0.0751042
0.0751042
0.0751042
0.0751042
0.0751042
0.0751042
0.0751042
0.0751042
0.0751042
0.0801042
0.0801042
0.0801042
0.0801042
0.0801042
0.0801042
0.0801042
0.0801042
0.0801042
0.0801042
0.120729
0.120729
0.120729
0.120729
0.120729
0.120729
0.120729
0.120729
0.120729
0.120729
0.131562
0.131562
0.131562
0.131562
0.131562
0.131562
0.131562
0.131562
0.131562
0.131562
0.134792
0.134792
0.134792
0.134792
0.134792
0.134792
0.134792
0.134792
0.134792
0.134792
0.128646
0.128646
0.128646
0.128646
0.128646
0.128646
0.128646
0.128646
0.128646
0.128646
0.0747917
0.0747917
0.0747917
0.0747917
0.0747917
0.0747917
0.0747917
0.0747917
0.0747917
0.0747917
0.0489583
0.0489583
0.0489583
0.0489583
0.0489583
0.0489583
0.0489583
0.0489583
0.0489583
0.0489583
0.0489583
0.0489583
0.0489583
0.0489583
0.0489583
0.0489583
0.0489583
0.0489583
0.0489583
0.0489583
0.0472917
0.0472917
0.0472917
0.0472917
0.0472917
0.0472917
0.0472917
0.0472917
0.0472917
0.0472917
0.0471875
0.0471875
0.0471875
0.0471875
0.0471875
0.0471875
0.0471875
0.0471875
0.0471875
0.0471875
0.0475
0.0475
0.0475
0.0475
0.0475
0.0475
0.0475
0.0475
0.0475
0.0475
0.0465625
0.0465625
0.0465625
0.0465625
0.0465625
0.0465625
0.0465625
0.0465625
0.0465625
0.0465625
0.0802083
0.0802083
0.0802083
0.0802083
0.0802083
0.0802083
0.0802083
0.0802083
0.0802083
0.0802083
0.122188
0.122188
0.122188
0.122188
0.122188
0.122188
0.122188
0.122188
0.122188
0.122188
0.193646
0.193646
0.193646
0.193646
0.193646
0.193646
0.193646
0.193646
0.193646
0.193646
0.233437
0.233437
0.233437
0.233437
0.233437
0.233437
0.233437
0.233437
0.233437
0.233437
0.230417
0.230417
0.230417
0.230417
0.230417
0.230417
0.230417
0.230417
0.230417
0.230417
0.184132
0.184132
0.184132
0.184132
0.184132
0.184132
0.184132
0.184132
0.184132
0.184132
0.160625
0.160625
0.160625
0.160625
0.160625
0.160625
0.160625
0.160625
0.160625
0.160625
0.120625
0.120625
0.120625
0.120625
0.120625
0.120625
0.120625
0.120625
0.120625
0.120625
0.105833
0.105833
0.105833
0.105833
0.105833
0.105833
0.105833
0.105833
0.105833
0.105833
0.11
0.11
0.11
0.11
0.11
0.11
0.11
0.11
0.11
0.11
0.124167
0.124167
0.124167
0.124167
0.124167
0.124167
0.124167
0.124167
0.124167
0.124167
0.150208
0.150208
0.150208
0.150208
0.150208
0.150208
0.150208
0.150208
0.150208
0.150208
0.168333
0.168333
0.168333
0.168333
0.168333
0.168333
0.168333
0.168333
0.168333
0.168333
0.175625
0.175625
0.175625
0.175625
0.175625
0.175625
0.175625
0.175625
0.175625
0.175625
0.179479
0.179479
0.179479
0.179479
0.179479
0.179479
0.179479
0.179479
0.179479
0.179479
0.183542
0.183542
0.183542
0.183542
0.183542
0.183542
0.183542
0.183542
0.183542
0.183542
0.178125
0.178125
0.178125
0.178125
0.178125
0.178125
0.178125
0.178125
0.178125
0.178125
0.17
0.17
0.17
0.17
0.17
0.17
0.17
0.17
0.17
0.17
0.163681
0.163681
0.163681
0.163681
0.163681
0.163681
0.163681
0.163681
0.163681
0.163681
0.164375
0.164375
0.164375
0.164375
0.164375
0.164375
0.164375
0.164375
0.164375
0.164375
0.160833
0.160833
0.160833
0.160833
0.160833
0.160833
0.160833
0.160833
0.160833
0.160833
0.163125
0.163125
0.163125
0.163125
0.163125
0.163125
0.163125
0.163125
0.163125
0.163125
0.164896
0.164896
0.164896
0.164896
0.164896
0.164896
0.164896
0.164896
0.164896
0.164896
0.170625
0.170625
0.170625
0.170625
0.170625
0.170625
0.170625
0.170625
0.170625
0.170625
0.160833
0.160833
0.160833
0.160833
0.160833
0.160833
0.160833
0.160833
0.160833
0.160833
0.1575
0.1575
0.1575
0.1575
0.1575
0.1575
0.1575
0.1575
0.1575
0.1575
0.174479
0.174479
0.174479
0.174479
0.174479
0.174479
0.174479
0.174479
0.174479
0.174479
0.170104
0.170104
0.170104
0.170104
0.170104
0.170104
0.170104
0.170104
0.170104
0.170104
0.167187
0.167187
0.167187
0.167187
0.167187
0.167187
0.167187
0.167187
0.167187
0.167187
0.166563
0.166563
0.166563
0.166563
0.166563
0.166563
0.166563
0.166563
0.166563
0.166563
0.173542
0.173542
0.173542
0.173542
0.173542
0.173542
0.173542
0.173542
0.173542
0.173542
0.175833
0.175833
0.175833
0.175833
0.175833
0.175833
0.175833
0.175833
0.175833
0.175833
0.219896
0.219896
0.219896
0.219896
0.219896
0.219896
0.219896
0.219896
0.219896
0.219896
0.294271
0.294271
0.294271
0.294271
0.294271
0.294271
0.294271
0.294271
0.294271
0.294271
0.379583
0.379583
0.379583
0.379583
0.379583
0.379583
0.379583
0.379583
0.379583
0.379583
0.45309
0.45309
0.45309
0.45309
0.45309
0.45309
0.45309
0.45309
0.45309
0.45309
0.616042
0.616042
0.616042
0.616042
0.616042
0.616042
0.616042
0.616042
0.616042
0.616042
0.740521
0.740521
0.740521
0.740521
0.740521
0.740521
0.740521
0.740521
0.740521
0.740521
0.808056
0.808056
0.808056
0.808056
0.808056
0.808056
0.808056
0.808056
0.808056
0.808056
0.833194
0.833194
0.833194
0.833194
0.833194
0.833194
0.833194
0.833194
0.833194
0.833194
0.865347
0.865347
0.865347
0.865347
0.865347
0.865347
0.865347
0.865347
0.865347
0.865347
0.874549
0.874549
0.874549
0.874549
0.874549
0.874549
0.874549
0.874549
0.874549
0.874549
0.859097
0.859097
0.859097
0.859097
0.859097
0.859097
0.859097
0.859097
0.859097
0.859097
0.853854
0.853854
0.853854
0.853854
0.853854
0.853854
0.853854
0.853854
0.853854
0.853854
0.853264
0.853264
0.853264
0.853264
0.853264
0.853264
0.853264
0.853264
0.853264
0.853264
0.854896
0.854896
0.854896
0.854896
0.854896
0.854896
0.854896
0.854896
0.854896
0.854896
0.853194
0.853194
0.853194
0.853194
0.853194
0.853194
0.853194
0.853194
0.853194
0.853194
0.845625
0.845625
0.845625
0.845625
0.845625
0.845625
0.845625
0.845625
0.845625
0.845625
0.844757
0.844757
0.844757
0.844757
0.844757
0.844757
0.844757
0.844757
0.844757
0.844757
0.829931
0.829931
0.829931
0.829931
0.829931
0.829931
0.829931
0.829931
0.829931
0.829931
0.82441
0.82441
0.82441
0.82441
0.82441
0.82441
0.82441
0.82441
0.82441
0.82441
0.818993
0.818993
0.818993
0.818993
0.818993
0.818993
0.818993
0.818993
0.818993
0.818993
0.809583
0.809583
0.809583
0.809583
0.809583
0.809583
0.809583
0.809583
0.809583
0.809583
0.805382
0.805382
0.805382
0.805382
0.805382
0.805382
0.805382
0.805382
0.805382
0.805382
0.79684
0.79684
0.79684
0.79684
0.79684
0.79684
0.79684
0.79684
0.79684
0.79684
0.793924
0.793924
0.793924
0.793924
0.793924
0.793924
0.793924
0.793924
0.793924
0.793924
0.794653
0.794653
0.794653
0.794653
0.794653
0.794653
0.794653
0.794653
0.794653
0.794653
0.787882
0.787882
0.787882
0.787882
0.787882
0.787882
0.787882
0.787882
0.787882
0.787882
0.787986
0.787986
0.787986
0.787986
0.787986
0.787986
0.787986
0.787986
0.787986
0.787986
0.781424
0.781424
0.781424
0.781424
0.781424
0.781424
0.781424
0.781424
0.781424
0.781424
0.777778
0.777778
0.777778
0.777778
0.777778
0.777778
0.777778
0.777778
0.777778
0.777778
0.770347
0.770347
0.770347
0.770347
0.770347
0.770347
0.770347
0.770347
0.770347
0.770347
0.762326
0.762326
0.762326
0.762326
0.762326
0.762326
0.762326
0.762326
0.762326
0.762326
0.764549
0.764549
0.764549
0.764549
0.764549
0.764549
0.764549
0.764549
0.764549
0.764549
0.759444
0.759444
0.759444
0.759444
0.759444
0.759444
0.759444
0.759444
0.759444
0.759444
0.756389
0.756389
0.756389
0.756389
0.756389
0.756389
0.756389
0.756389
0.756389
0.756389
0.759931
0.759931
0.759931
0.759931
0.759931
0.759931
0.759931
0.759931
0.759931
0.759931
0.754132
0.754132
0.754132
0.754132
0.754132
0.754132
0.754132
0.754132
0.754132
0.754132
0.756493
0.756493
0.756493
0.756493
0.756493
0.756493
0.756493
0.756493
0.756493
0.756493
0.749444
0.749444
0.749444
0.749444
0.749444
0.749444
0.749444
0.749444
0.749444
0.749444
0.74309
0.74309
0.74309
0.74309
0.74309
0.74309
0.74309
0.74309
0.74309
0.74309
0.737049
0.737049
0.737049
0.737049
0.737049
0.737049
0.737049
0.737049
0.737049
0.737049
0.728819
0.728819
0.728819
0.728819
0.728819
0.728819
0.728819
0.728819
0.728819
0.728819
0.725278
0.725278
0.725278
0.725278
0.725278
0.725278
0.725278
0.725278
0.725278
0.725278
0.717986
0.717986
0.717986
0.717986
0.717986
0.717986
0.717986
0.717986
0.717986
0.717986
0.714861
0.714861
0.714861
0.714861
0.714861
0.714861
0.714861
0.714861
0.714861
0.714861
0.711424
0.711424
0.711424
0.711424
0.711424
0.711424
0.711424
0.711424
0.711424
0.711424
0.709965
0.709965
0.709965
0.709965
0.709965
0.709965
0.709965
0.709965
0.709965
0.709965
0.712153
0.712153
0.712153
0.712153
0.712153
0.712153
0.712153
0.712153
0.712153
0.712153
0.699236
0.699236
0.699236
0.699236
0.699236
0.699236
0.699236
0.699236
0.699236
0.699236
0.693194
0.693194
0.693194
0.693194
0.693194
0.693194
0.693194
0.693194
0.693194
0.693194
0.692222
0.692222
0.692222
0.692222
0.692222
0.692222
0.692222
0.692222
0.692222
0.692222
0.683576
0.683576
0.683576
0.683576
0.683576
0.683576
0.683576
0.683576
0.683576
0.683576
0.685035
0.685035
0.685035
0.685035
0.685035
0.685035
0.685035
0.685035
0.685035
0.685035
0.673229
0.673229
0.673229
0.673229
0.673229
0.673229
0.673229
0.673229
0.673229
0.673229
0.664062
0.664062
0.664062
0.664062
0.664062
0.664062
0.664062
0.664062
0.664062
0.664062
0.659062
0.659062
0.659062
0.659062
0.659062
0.659062
0.659062
0.659062
0.659062
0.659062
0.651701
0.651701
0.651701
0.651701
0.651701
0.651701
0.651701
0.651701
0.651701
0.651701
0.64684
0.64684
0.64684
0.64684
0.64684
0.64684
0.64684
0.64684
0.64684
0.64684
0.636632
0.636632
0.636632
0.636632
0.636632
0.636632
0.636632
0.636632
0.636632
0.636632
0.631042
0.631042
0.631042
0.631042
0.631042
0.631042
0.631042
0.631042
0.631042
0.631042
0.626944
0.626944
0.626944
0.626944
0.626944
0.626944
0.626944
0.626944
0.626944
0.626944
0.619861
0.619861
0.619861
0.619861
0.619861
0.619861
0.619861
0.619861
0.619861
0.619861
0.619444
0.619444
0.619444
0.619444
0.619444
0.619444
0.619444
0.619444
0.619444
0.619444
0.608611
0.608611
0.608611
0.608611
0.608611
0.608611
0.608611
0.608611
0.608611
0.608611
0.603611
0.603611
0.603611
0.603611
0.603611
0.603611
0.603611
0.603611
0.603611
0.603611
0.596528
0.596528
0.596528
0.596528
0.596528
0.596528
0.596528
0.596528
0.596528
0.596528
0.590278
0.590278
0.590278
0.590278
0.590278
0.590278
0.590278
0.590278
0.590278
0.590278
0.582674
0.582674
0.582674
0.582674
0.582674
0.582674
0.582674
0.582674
0.582674
0.582674
0.59059
0.59059
0.59059
0.59059
0.59059
0.59059
0.59059
0.59059
0.59059
0.59059
0.575069
0.575069
0.575069
0.575069
0.575069
0.575069
0.575069
0.575069
0.575069
0.575069
0.58191
0.58191
0.58191
0.58191
0.58191
0.58191
0.58191
0.58191
0.58191
0.58191
0.570799
0.570799
0.570799
0.570799
0.570799
0.570799
0.570799
0.570799
0.570799
0.570799
0.55809
0.55809
0.55809
0.55809
0.55809
0.55809
0.55809
0.55809
0.55809
0.55809
0.554861
0.554861
0.554861
0.554861
0.554861
0.554861
0.554861
0.554861
0.554861
0.554861
0.538403
0.538403
0.538403
0.538403
0.538403
0.538403
0.538403
0.538403
0.538403
0.538403
0.526771
0.526771
0.526771
0.526771
0.526771
0.526771
0.526771
0.526771
0.526771
0.526771
0.523715
0.523715
0.523715
0.523715
0.523715
0.523715
0.523715
0.523715
0.523715
0.523715
0.519757
0.519757
0.519757
0.519757
0.519757
0.519757
0.519757
0.519757
0.519757
0.519757
0.518507
0.518507
0.518507
0.518507
0.518507
0.518507
0.518507
0.518507
0.518507
0.518507
0.511736
0.511736
0.511736
0.511736
0.511736
0.511736
0.511736
0.511736
0.511736
0.511736
0.50934
0.50934
0.50934
0.50934
0.50934
0.50934
0.50934
0.50934
0.50934
0.50934
0.507847
0.507847
0.507847
0.507847
0.507847
0.507847
0.507847
0.507847
0.507847
0.507847
0.499306
0.499306
0.499306
0.499306
0.499306
0.499306
0.499306
0.499306
0.499306
0.499306
0.494201
0.494201
0.494201
0.494201
0.494201
0.494201
0.494201
0.494201
0.494201
0.494201
0.48941
0.48941
0.48941
0.48941
0.48941
0.48941
0.48941
0.48941
0.48941
0.48941
0.479201
0.479201
0.479201
0.479201
0.479201
0.479201
0.479201
0.479201
0.479201
0.479201
0.479201
0.479201
0.479201
0.479201
0.479201
0.479201
0.479201
0.479201
0.479201
0.479201
0.469306
0.469306
0.469306
0.469306
0.469306
0.469306
0.469306
0.469306
0.469306
0.469306
0.509618
0.509618
0.509618
0.509618
0.509618
0.509618
0.509618
0.509618
0.509618
0.509618
0.49066
0.49066
0.49066
0.49066
0.49066
0.49066
0.49066
0.49066
0.49066
0.49066
0.482118
0.482118
0.482118
0.482118
0.482118
0.482118
0.482118
0.482118
0.482118
0.482118
0.482014
0.482014
0.482014
0.482014
0.482014
0.482014
0.482014
0.482014
0.482014
0.482014
0.467847
0.467847
0.467847
0.467847
0.467847
0.467847
0.467847
0.467847
0.467847
0.467847
0.47816
0.47816
0.47816
0.47816
0.47816
0.47816
0.47816
0.47816
0.47816
0.47816
0.458472
0.458472
0.458472
0.458472
0.458472
0.458472
0.458472
0.458472
0.458472
0.458472
0.452847
0.452847
0.452847
0.452847
0.452847
0.452847
0.452847
0.452847
0.452847
0.452847
0.460104
0.460104
0.460104
0.460104
0.460104
0.460104
0.460104
0.460104
0.460104
0.460104
0.445868
0.445868
0.445868
0.445868
0.445868
0.445868
0.445868
0.445868
0.445868
0.445868
0.441806
0.441806
0.441806
0.441806
0.441806
0.441806
0.441806
0.441806
0.441806
0.441806
0.426493
0.426493
0.426493
0.426493
0.426493
0.426493
0.426493
0.426493
0.426493
0.426493
0.415972
0.415972
0.415972
0.415972
0.415972
0.415972
0.415972
0.415972
0.415972
0.415972
0.407118
0.407118
0.407118
0.407118
0.407118
0.407118
0.407118
0.407118
0.407118
0.407118
0.398368
0.398368
0.398368
0.398368
0.398368
0.398368
0.398368
0.398368
0.398368
0.398368
0.403264
0.403264
0.403264
0.403264
0.403264
0.403264
0.403264
0.403264
0.403264
0.403264
0.389306
0.389306
0.389306
0.389306
0.389306
0.389306
0.389306
0.389306
0.389306
0.389306
0.378576
0.378576
0.378576
0.378576
0.378576
0.378576
0.378576
0.378576
0.378576
0.378576
0.377292
0.377292
0.377292
0.377292
0.377292
0.377292
0.377292
0.377292
0.377292
0.377292
0.3675
0.3675
0.3675
0.3675
0.3675
0.3675
0.3675
0.3675
0.3675
0.3675
0.379271
0.379271
0.379271
0.379271
0.379271
0.379271
0.379271
0.379271
0.379271
0.379271
0.364063
0.364063
0.364063
0.364063
0.364063
0.364063
0.364063
0.364063
0.364063
0.364063
0.352917
0.352917
0.352917
0.352917
0.352917
0.352917
0.352917
0.352917
0.352917
0.352917
0.346875
0.346875
0.346875
0.346875
0.346875
0.346875
0.346875
0.346875
0.346875
0.346875
0.338021
0.338021
0.338021
0.338021
0.338021
0.338021
0.338021
0.338021
0.338021
0.338021
0.354583
0.354583
0.354583
0.354583
0.354583
0.354583
0.354583
0.354583
0.354583
0.354583
0.336667
0.336667
0.336667
0.336667
0.336667
0.336667
0.336667
0.336667
0.336667
0.336667
0.326042
0.326042
0.326042
0.326042
0.326042
0.326042
0.326042
0.326042
0.326042
0.326042
0.332188
0.332188
0.332188
0.332188
0.332188
0.332188
0.332188
0.332188
0.332188
0.332188
0.330729
0.330729
0.330729
0.330729
0.330729
0.330729
0.330729
0.330729
0.330729
0.330729
0.343438
0.343438
0.343438
0.343438
0.343438
0.343438
0.343438
0.343438
0.343438
0.343438
0.335104
0.335104
0.335104
0.335104
0.335104
0.335104
0.335104
0.335104
0.335104
0.335104
0.375451
0.375451
0.375451
0.375451
0.375451
0.375451
0.375451
0.375451
0.375451
0.375451
0.41566
0.41566
0.41566
0.41566
0.41566
0.41566
0.41566
0.41566
0.41566
0.41566
0.445556
0.445556
0.445556
0.445556
0.445556
0.445556
0.445556
0.445556
0.445556
0.445556
0.488958
0.488958
0.488958
0.488958
0.488958
0.488958
0.488958
0.488958
0.488958
0.488958
0.547222
0.547222
0.547222
0.547222
0.547222
0.547222
0.547222
0.547222
0.547222
0.547222
0.576806
0.576806
0.576806
0.576806
0.576806
0.576806
0.576806
0.576806
0.576806
0.576806
0.621701
0.621701
0.621701
0.621701
0.621701
0.621701
0.621701
0.621701
0.621701
0.621701
0.677292
0.677292
0.677292
0.677292
0.677292
0.677292
0.677292
0.677292
0.677292
0.677292
0.749028
0.749028
0.749028
0.749028
0.749028
0.749028
0.749028
0.749028
0.749028
0.749028
0.775382
0.775382
0.775382
0.775382
0.775382
0.775382
0.775382
0.775382
0.775382
0.775382
0.78441
0.78441
0.78441
0.78441
0.78441
0.78441
0.78441
0.78441
0.78441
0.78441
0.798715
0.798715
0.798715
0.798715
0.798715
0.798715
0.798715
0.798715
0.798715
0.798715
0.828472
0.828472
0.828472
0.828472
0.828472
0.828472
0.828472
0.828472
0.828472
0.828472
0.854722
0.854722
0.854722
0.854722
0.854722
0.854722
0.854722
0.854722
0.854722
0.854722
0.858854
0.858854
0.858854
0.858854
0.858854
0.858854
0.858854
0.858854
0.858854
0.858854
0.830139
0.830139
0.830139
0.830139
0.830139
0.830139
0.830139
0.830139
0.830139
0.830139
0.830972
0.830972
0.830972
0.830972
0.830972
0.830972
0.830972
0.830972
0.830972
0.830972
0.813889
0.813889
0.813889
0.813889
0.813889
0.813889
0.813889
0.813889
0.813889
0.813889
0.807049
0.807049
0.807049
0.807049
0.807049
0.807049
0.807049
0.807049
0.807049
0.807049
0.774687
0.774687
0.774687
0.774687
0.774687
0.774687
0.774687
0.774687
0.774687
0.774687
0.781563
0.781563
0.781563
0.781563
0.781563
0.781563
0.781563
0.781563
0.781563
0.781563
0.739479
0.739479
0.739479
0.739479
0.739479
0.739479
0.739479
0.739479
0.739479
0.739479
0.753403
0.753403
0.753403
0.753403
0.753403
0.753403
0.753403
0.753403
0.753403
0.753403
0.747639
0.747639
0.747639
0.747639
0.747639
0.747639
0.747639
0.747639
0.747639
0.747639
0.718021
0.718021
0.718021
0.718021
0.718021
0.718021
0.718021
0.718021
0.718021
0.718021
0.67691
0.67691
0.67691
0.67691
0.67691
0.67691
0.67691
0.67691
0.67691
0.67691
0.594618
0.594618
0.594618
0.594618
0.594618
0.594618
0.594618
0.594618
0.594618
0.594618
0.519306
0.519306
0.519306
0.519306
0.519306
0.519306
0.519306
0.519306
0.519306
0.519306
0.54934
0.54934
0.54934
0.54934
0.54934
0.54934
0.54934
0.54934
0.54934
0.54934
0.545243
0.545243
0.545243
0.545243
0.545243
0.545243
0.545243
0.545243
0.545243
0.545243
0.57441
0.57441
0.57441
0.57441
0.57441
0.57441
0.57441
0.57441
0.57441
0.57441
0.632812
0.632812
0.632812
0.632812
0.632812
0.632812
0.632812
0.632812
0.632812
0.632812
0.681354
0.681354
0.681354
0.681354
0.681354
0.681354
0.681354
0.681354
0.681354
0.681354
0.67875
0.67875
0.67875
0.67875
0.67875
0.67875
0.67875
0.67875
0.67875
0.67875
0.670729
0.670729
0.670729
0.670729
0.670729
0.670729
0.670729
0.670729
0.670729
0.670729
0.608229
0.608229
0.608229
0.608229
0.608229
0.608229
0.608229
0.608229
0.608229
0.608229
0.596389
0.596389
0.596389
0.596389
0.596389
0.596389
0.596389
0.596389
0.596389
0.596389
0.668611
0.668611
0.668611
0.668611
0.668611
0.668611
0.668611
0.668611
0.668611
0.668611
0.693715
0.693715
0.693715
0.693715
0.693715
0.693715
0.693715
0.693715
0.693715
0.693715
0.775868
0.775868
0.775868
0.775868
0.775868
0.775868
0.775868
0.775868
0.775868
0.775868
0.777326
0.777326
0.777326
0.777326
0.777326
0.777326
0.777326
0.777326
0.777326
0.777326
0.734722
0.734722
0.734722
0.734722
0.734722
0.734722
0.734722
0.734722
0.734722
0.734722
0.677222
0.677222
0.677222
0.677222
0.677222
0.677222
0.677222
0.677222
0.677222
0.677222
0.62375
0.62375
0.62375
0.62375
0.62375
0.62375
0.62375
0.62375
0.62375
0.62375
0.613056
0.613056
0.613056
0.613056
0.613056
0.613056
0.613056
0.613056
0.613056
0.613056
0.535069
0.535069
0.535069
0.535069
0.535069
0.535069
0.535069
0.535069
0.535069
0.535069
0.564792
0.564792
0.564792
0.564792
0.564792
0.564792
0.564792
0.564792
0.564792
0.564792
0.551493
0.551493
0.551493
0.551493
0.551493
0.551493
0.551493
0.551493
0.551493
0.551493
0.46684
0.46684
0.46684
0.46684
0.46684
0.46684
0.46684
0.46684
0.46684
0.46684
0.425729
0.425729
0.425729
0.425729
0.425729
0.425729
0.425729
0.425729
0.425729
0.425729
0.456979
0.456979
0.456979
0.456979
0.456979
0.456979
0.456979
0.456979
0.456979
0.456979
0.508958
0.508958
0.508958
0.508958
0.508958
0.508958
0.508958
0.508958
0.508958
0.508958
0.474375
0.474375
0.474375
0.474375
0.474375
0.474375
0.474375
0.474375
0.474375
0.474375
0.422187
0.422187
0.422187
0.422187
0.422187
0.422187
0.422187
0.422187
0.422187
0.422187
0.28809
0.28809
0.28809
0.28809
0.28809
0.28809
0.28809
0.28809
0.28809
0.28809
0.306875
0.306875
0.306875
0.306875
0.306875
0.306875
0.306875
0.306875
0.306875
0.306875
0.325382
0.325382
0.325382
0.325382
0.325382
0.325382
0.325382
0.325382
0.325382
0.325382
0.361771
0.361771
0.361771
0.361771
0.361771
0.361771
0.361771
0.361771
0.361771
0.361771
0.449688
0.449688
0.449688
0.449688
0.449688
0.449688
0.449688
0.449688
0.449688
0.449688
0.447743
0.447743
0.447743
0.447743
0.447743
0.447743
0.447743
0.447743
0.447743
0.447743
0.386181
0.386181
0.386181
0.386181
0.386181
0.386181
0.386181
0.386181
0.386181
0.386181
0.311667
0.311667
0.311667
0.311667
0.311667
0.311667
0.311667
0.311667
0.311667
0.311667
0.238646
0.238646
0.238646
0.238646
0.238646
0.238646
0.238646
0.238646
0.238646
0.238646
0.160312
0.160312
0.160312
0.160312
0.160312
0.160312
0.160312
0.160312
0.160312
0.160312
0.0893403
0.0893403
0.0893403
0.0893403
0.0893403
0.0893403
0.0893403
0.0893403
0.0893403
0.0893403
0.0461458
0.0461458
0.0461458
0.0461458
0.0461458
0.0461458
0.0461458
0.0461458
0.0461458
0.0461458
0.0338542
0.0338542
0.0338542
0.0338542
0.0338542
0.0338542
0.0338542
0.0338542
0.0338542
0.0338542
0.0328125
0.0328125
0.0328125
0.0328125
0.0328125
0.0328125
0.0328125
0.0328125
0.0328125
0.0328125
0.0328125
0.0328125
0.0328125
0.0328125
0.0328125
0.0328125
0.0328125
0.0328125
0.0328125
0.0328125
0.0313542
0.0313542
0.0313542
0.0313542
0.0313542
0.0313542
0.0313542
0.0313542
0.0313542
0.0313542
0.0330208
0.0330208
0.0330208
0.0330208
0.0330208
0.0330208
0.0330208
0.0330208
0.0330208
0.0330208
0.0317708
0.0317708
0.0317708
0.0317708
0.0317708
0.0317708
0.0317708
0.0317708
0.0317708
0.0317708
0.0297917
0.0297917
0.0297917
0.0297917
0.0297917
0.0297917
0.0297917
0.0297917
0.0297917
0.0297917
0.0282292
0.0282292
0.0282292
0.0282292
0.0282292
0.0282292
0.0282292
0.0282292
0.0282292
0.0282292
0.0276042
0.0276042
0.0276042
0.0276042
0.0276042
0.0276042
0.0276042
0.0276042
0.0276042
0.0276042
0.026875
0.026875
0.026875
0.026875
0.026875
0.026875
0.026875
0.026875
0.026875
0.026875
0.0298958
0.0298958
0.0298958
0.0298958
0.0298958
0.0298958
0.0298958
0.0298958
0.0298958
0.0298958
0.0353125
0.0353125
0.0353125
0.0353125
0.0353125
0.0353125
0.0353125
0.0353125
0.0353125
0.0353125
0.0554167
0.0554167
0.0554167
0.0554167
0.0554167
0.0554167
0.0554167
0.0554167
0.0554167
0.0554167
0.09375
0.09375
0.09375
0.09375
0.09375
0.09375
0.09375
0.09375
0.09375
0.09375
0.135729
0.135729
0.135729
0.135729
0.135729
0.135729
0.135729
0.135729
0.135729
0.135729
0.120104
0.120104
0.120104
0.120104
0.120104
0.120104
0.120104
0.120104
0.120104
0.120104
0.0977083
0.0977083
0.0977083
0.0977083
0.0977083
0.0977083
0.0977083
0.0977083
0.0977083
0.0977083
0.0763542
0.0763542
0.0763542
0.0763542
0.0763542
0.0763542
0.0763542
0.0763542
0.0763542
0.0763542
0.0909375
0.0909375
0.0909375
0.0909375
0.0909375
0.0909375
0.0909375
0.0909375
0.0909375
0.0909375
0.107604
0.107604
0.107604
0.107604
0.107604
0.107604
0.107604
0.107604
0.107604
0.107604
0.1025
0.1025
0.1025
0.1025
0.1025
0.1025
0.1025
0.1025
0.1025
0.1025
0.0852431
0.0852431
0.0852431
0.0852431
0.0852431
0.0852431
0.0852431
0.0852431
0.0852431
0.0852431
0.0327431
0.0327431
0.0327431
0.0327431
0.0327431
0.0327431
0.0327431
0.0327431
0.0327431
0.0327431
0.0269792
0.0269792
0.0269792
0.0269792
0.0269792
0.0269792
0.0269792
0.0269792
0.0269792
0.0269792
0.033125
0.033125
0.033125
0.033125
0.033125
0.033125
0.033125
0.033125
0.033125
0.033125
0.0785417
0.0785417
0.0785417
0.0785417
0.0785417
0.0785417
0.0785417
0.0785417
0.0785417
0.0785417
0.196076
0.196076
0.196076
0.196076
0.196076
0.196076
0.196076
0.196076
0.196076
0.196076
0.353542
0.353542
0.353542
0.353542
0.353542
0.353542
0.353542
0.353542
0.353542
0.353542
0.382118
0.382118
0.382118
0.382118
0.382118
0.382118
0.382118
0.382118
0.382118
0.382118
0.319514
0.319514
0.319514
0.319514
0.319514
0.319514
0.319514
0.319514
0.319514
0.319514
0.24066
0.24066
0.24066
0.24066
0.24066
0.24066
0.24066
0.24066
0.24066
0.24066
0.15184
0.15184
0.15184
0.15184
0.15184
0.15184
0.15184
0.15184
0.15184
0.15184
0.0434375
0.0434375
0.0434375
0.0434375
0.0434375
0.0434375
0.0434375
0.0434375
0.0434375
0.0434375
0.0184375
0.0184375
0.0184375
0.0184375
0.0184375
0.0184375
0.0184375
0.0184375
0.0184375
0.0184375
0.0159375
0.0159375
0.0159375
0.0159375
0.0159375
0.0159375
0.0159375
0.0159375
0.0159375
0.0159375
0.015625
0.015625
0.015625
0.015625
0.015625
0.015625
0.015625
0.015625
0.015625
0.015625
0.0148958
0.0148958
0.0148958
0.0148958
0.0148958
0.0148958
0.0148958
0.0148958
0.0148958
0.0148958
0.0147917
0.0147917
0.0147917
0.0147917
0.0147917
0.0147917
0.0147917
0.0147917
0.0147917
0.0147917
0.0141667
0.0141667
0.0141667
0.0141667
0.0141667
0.0141667
0.0141667
0.0141667
0.0141667
0.0141667
0.013125
0.013125
0.013125
0.013125
0.013125
0.013125
0.013125
0.013125
0.013125
0.013125
0.0128125
0.0128125
0.0128125
0.0128125
0.0128125
0.0128125
0.0128125
0.0128125
0.0128125
0.0128125
0.011875
0.011875
0.011875
0.011875
0.011875
0.011875
0.011875
0.011875
0.011875
0.011875
0.0116667
0.0116667
0.0116667
0.0116667
0.0116667
0.0116667
0.0116667
0.0116667
0.0116667
0.0116667
0.0109375
0.0109375
0.0109375
0.0109375
0.0109375
0.0109375
0.0109375
0.0109375
0.0109375
0.0109375
0.0107292
0.0107292
0.0107292
0.0107292
0.0107292
0.0107292
0.0107292
0.0107292
0.0107292
0.0107292
0.0107292
0.0107292
0.0107292
0.0107292
0.0107292
0.0107292
0.0107292
0.0107292
0.0107292
0.0107292
0.0297917
0.0297917
0.0297917
0.0297917
0.0297917
0.0297917
0.0297917
0.0297917
0.0297917
0.0297917
0.0609375
0.0609375
0.0609375
0.0609375
0.0609375
0.0609375
0.0609375
0.0609375
0.0609375
0.0609375
0.0698958
0.0698958
0.0698958
0.0698958
0.0698958
0.0698958
0.0698958
0.0698958
0.0698958
0.0698958
0.100625
0.100625
0.100625
0.100625
0.100625
0.100625
0.100625
0.100625
0.100625
0.100625
0.157188
0.157188
0.157188
0.157188
0.157188
0.157188
0.157188
0.157188
0.157188
0.157188
0.201458
0.201458
0.201458
0.201458
0.201458
0.201458
0.201458
0.201458
0.201458
0.201458
0.211562
0.211562
0.211562
0.211562
0.211562
0.211562
0.211562
0.211562
0.211562
0.211562
0.198021
0.198021
0.198021
0.198021
0.198021
0.198021
0.198021
0.198021
0.198021
0.198021
0.213021
0.213021
0.213021
0.213021
0.213021
0.213021
0.213021
0.213021
0.213021
0.213021
0.223125
0.223125
0.223125
0.223125
0.223125
0.223125
0.223125
0.223125
0.223125
0.223125
0.263229
0.263229
0.263229
0.263229
0.263229
0.263229
0.263229
0.263229
0.263229
0.263229
0.281458
0.281458
0.281458
0.281458
0.281458
0.281458
0.281458
0.281458
0.281458
0.281458
0.28375
0.28375
0.28375
0.28375
0.28375
0.28375
0.28375
0.28375
0.28375
0.28375
0.305
0.305
0.305
0.305
0.305
0.305
0.305
0.305
0.305
0.305
0.328646
0.328646
0.328646
0.328646
0.328646
0.328646
0.328646
0.328646
0.328646
0.328646
0.308229
0.308229
0.308229
0.308229
0.308229
0.308229
0.308229
0.308229
0.308229
0.308229
0.324062
0.324062
0.324062
0.324062
0.324062
0.324062
0.324062
0.324062
0.324062
0.324062
0.358958
0.358958
0.358958
0.358958
0.358958
0.358958
0.358958
0.358958
0.358958
0.358958
0.427292
0.427292
0.427292
0.427292
0.427292
0.427292
0.427292
0.427292
0.427292
0.427292
0.482708
0.482708
0.482708
0.482708
0.482708
0.482708
0.482708
0.482708
0.482708
0.482708
0.48309
0.48309
0.48309
0.48309
0.48309
0.48309
0.48309
0.48309
0.48309
0.48309
0.484479
0.484479
0.484479
0.484479
0.484479
0.484479
0.484479
0.484479
0.484479
0.484479
0.481667
0.481667
0.481667
0.481667
0.481667
0.481667
0.481667
0.481667
0.481667
0.481667
0.536771
0.536771
0.536771
0.536771
0.536771
0.536771
0.536771
0.536771
0.536771
0.536771
0.568021
0.568021
0.568021
0.568021
0.568021
0.568021
0.568021
0.568021
0.568021
0.568021
0.591736
0.591736
0.591736
0.591736
0.591736
0.591736
0.591736
0.591736
0.591736
0.591736
0.602812
0.602812
0.602812
0.602812
0.602812
0.602812
0.602812
0.602812
0.602812
0.602812
0.62316
0.62316
0.62316
0.62316
0.62316
0.62316
0.62316
0.62316
0.62316
0.62316
0.644028
0.644028
0.644028
0.644028
0.644028
0.644028
0.644028
0.644028
0.644028
0.644028
0.6575
0.6575
0.6575
0.6575
0.6575
0.6575
0.6575
0.6575
0.6575
0.6575
0.654965
0.654965
0.654965
0.654965
0.654965
0.654965
0.654965
0.654965
0.654965
0.654965
0.675729
0.675729
0.675729
0.675729
0.675729
0.675729
0.675729
0.675729
0.675729
0.675729
0.685312
0.685312
0.685312
0.685312
0.685312
0.685312
0.685312
0.685312
0.685312
0.685312
0.711979
0.711979
0.711979
0.711979
0.711979
0.711979
0.711979
0.711979
0.711979
0.711979
0.730556
0.730556
0.730556
0.730556
0.730556
0.730556
0.730556
0.730556
0.730556
0.730556
0.723924
0.723924
0.723924
0.723924
0.723924
0.723924
0.723924
0.723924
0.723924
0.723924
0.731806
0.731806
0.731806
0.731806
0.731806
0.731806
0.731806
0.731806
0.731806
0.731806
0.725139
0.725139
0.725139
0.725139
0.725139
0.725139
0.725139
0.725139
0.725139
0.725139
0.718403
0.718403
0.718403
0.718403
0.718403
0.718403
0.718403
0.718403
0.718403
0.718403
0.747535
0.747535
0.747535
0.747535
0.747535
0.747535
0.747535
0.747535
0.747535
0.747535
0.73191
0.73191
0.73191
0.73191
0.73191
0.73191
0.73191
0.73191
0.73191
0.73191
0.730451
0.730451
0.730451
0.730451
0.730451
0.730451
0.730451
0.730451
0.730451
0.730451
0.724618
0.724618
0.724618
0.724618
0.724618
0.724618
0.724618
0.724618
0.724618
0.724618
0.718993
0.718993
0.718993
0.718993
0.718993
0.718993
0.718993
0.718993
0.718993
0.718993
0.701701
0.701701
0.701701
0.701701
0.701701
0.701701
0.701701
0.701701
0.701701
0.701701
0.695347
0.695347
0.695347
0.695347
0.695347
0.695347
0.695347
0.695347
0.695347
0.695347
0.754479
0.754479
0.754479
0.754479
0.754479
0.754479
0.754479
0.754479
0.754479
0.754479
0.738993
0.738993
0.738993
0.738993
0.738993
0.738993
0.738993
