0.1125
0.1125
0.1125
0.1125
0.120729
0.120729
0.120729
0.120729
0.140729
0.140729
0.140729
0.140729
0.154792
0.154792
0.154792
0.154792
0.161979
0.161979
0.161979
0.161979
0.179271
0.179271
0.179271
0.179271
0.179583
0.179583
0.179583
0.179583
0.189271
0.189271
0.189271
0.189271
0.194167
0.194167
0.194167
0.194167
0.191562
0.191562
0.191562
0.191562
0.197813
0.197813
0.197813
0.197813
0.195729
0.195729
0.195729
0.195729
0.204479
0.204479
0.204479
0.204479
0.209167
0.209167
0.209167
0.209167
0.218333
0.218333
0.218333
0.218333
0.226667
0.226667
0.226667
0.226667
0.228437
0.228437
0.228437
0.228437
0.227431
0.227431
0.227431
0.227431
0.221354
0.221354
0.221354
0.221354
0.224583
0.224583
0.224583
0.224583
0.228437
0.228437
0.228437
0.228437
0.250208
0.250208
0.250208
0.250208
0.283889
0.283889
0.283889
0.283889
0.295208
0.295208
0.295208
0.295208
0.317188
0.317188
0.317188
0.317188
0.329896
0.329896
0.329896
0.329896
0.339896
0.339896
0.339896
0.339896
0.332083
0.332083
0.332083
0.332083
0.329062
0.329062
0.329062
0.329062
0.327847
0.327847
0.327847
0.327847
0.344271
0.344271
0.344271
0.344271
0.342222
0.342222
0.342222
0.342222
0.341701
0.341701
0.341701
0.341701
0.347604
0.347604
0.347604
0.347604
0.358299
0.358299
0.358299
0.358299
0.364896
0.364896
0.364896
0.364896
0.359479
0.359479
0.359479
0.359479
0.355278
0.355278
0.355278
0.355278
0.3525
0.3525
0.3525
0.3525
0.345
0.345
0.345
0.345
0.338958
0.338958
0.338958
0.338958
0.333646
0.333646
0.333646
0.333646
0.324167
0.324167
0.324167
0.324167
0.321458
0.321458
0.321458
0.321458
0.319167
0.319167
0.319167
0.319167
0.319167
0.319167
0.319167
0.319167
0.313021
0.313021
0.313021
0.313021
0.310521
0.310521
0.310521
0.310521
0.307812
0.307812
0.307812
0.307812
0.306042
0.306042
0.306042
0.306042
0.303021
0.303021
0.303021
0.303021
0.301667
0.301667
0.301667
0.301667
0.304583
0.304583
0.304583
0.304583
0.305625
0.305625
0.305625
0.305625
0.301771
0.301771
0.301771
0.301771
0.30309
0.30309
0.30309
0.30309
0.307188
0.307188
0.307188
0.307188
0.305625
0.305625
0.305625
0.305625
0.310417
0.310417
0.310417
0.310417
0.306354
0.306354
0.306354
0.306354
0.30625
0.30625
0.30625
0.30625
0.305417
0.305417
0.305417
0.305417
0.311354
0.311354
0.311354
0.311354
0.307188
0.307188
0.307188
0.307188
0.305833
0.305833
0.305833
0.305833
0.307292
0.307292
0.307292
0.307292
0.310417
0.310417
0.310417
0.310417
0.309583
0.309583
0.309583
0.309583
0.306458
0.306458
0.306458
0.306458
0.304688
0.304688
0.304688
0.304688
0.316771
0.316771
0.316771
0.316771
0.327708
0.327708
0.327708
0.327708
0.340833
0.340833
0.340833
0.340833
0.3375
0.3375
0.3375
0.3375
0.3325
0.3325
0.3325
0.3325
0.322292
0.322292
0.322292
0.322292
0.316146
0.316146
0.316146
0.316146
0.309375
0.309375
0.309375
0.309375
0.317812
0.317812
0.317812
0.317812
0.312812
0.312812
0.312812
0.312812
0.308125
0.308125
0.308125
0.308125
0.306667
0.306667
0.306667
0.306667
0.30625
0.30625
0.30625
0.30625
0.309583
0.309583
0.309583
0.309583
0.309167
0.309167
0.309167
0.309167
0.308646
0.308646
0.308646
0.308646
0.315521
0.315521
0.315521
0.315521
0.321458
0.321458
0.321458
0.321458
0.319167
0.319167
0.319167
0.319167
0.319375
0.319375
0.319375
0.319375
0.317049
0.317049
0.317049
0.317049
0.321632
0.321632
0.321632
0.321632
0.318958
0.318958
0.318958
0.318958
0.321354
0.321354
0.321354
0.321354
0.317188
0.317188
0.317188
0.317188
0.312257
0.312257
0.312257
0.312257
0.318229
0.318229
0.318229
0.318229
0.326111
0.326111
0.326111
0.326111
0.332708
0.332708
0.332708
0.332708
0.341354
0.341354
0.341354
0.341354
0.342917
0.342917
0.342917
0.342917
0.351562
0.351562
0.351562
0.351562
0.371528
0.371528
0.371528
0.371528
0.402222
0.402222
0.402222
0.402222
0.414097
0.414097
0.414097
0.414097
0.4275
0.4275
0.4275
0.4275
0.44875
0.44875
0.44875
0.44875
0.464375
0.464375
0.464375
0.464375
0.493854
0.493854
0.493854
0.493854
0.513993
0.513993
0.513993
0.513993
0.516667
0.516667
0.516667
0.516667
0.515938
0.515938
0.515938
0.515938
0.525312
0.525312
0.525312
0.525312
0.535833
0.535833
0.535833
0.535833
0.547049
0.547049
0.547049
0.547049
0.560417
0.560417
0.560417
0.560417
0.567604
0.567604
0.567604
0.567604
0.572778
0.572778
0.572778
0.572778
0.581562
0.581562
0.581562
0.581562
0.582292
0.582292
0.582292
0.582292
0.580729
0.580729
0.580729
0.580729
0.579688
0.579688
0.579688
0.579688
0.579167
0.579167
0.579167
0.579167
0.583056
0.583056
0.583056
0.583056
0.585417
0.585417
0.585417
0.585417
0.587187
0.587187
0.587187
0.587187
0.606042
0.606042
0.606042
0.606042
0.625104
0.625104
0.625104
0.625104
0.634062
0.634062
0.634062
0.634062
0.648646
0.648646
0.648646
0.648646
0.652917
0.652917
0.652917
0.652917
0.649479
0.649479
0.649479
0.649479
0.654167
0.654167
0.654167
0.654167
0.649896
0.649896
0.649896
0.649896
0.653194
0.653194
0.653194
0.653194
0.655104
0.655104
0.655104
0.655104
0.66566
0.66566
0.66566
0.66566
0.66191
0.66191
0.66191
0.66191
0.65809
0.65809
0.65809
0.65809
0.653785
0.653785
0.653785
0.653785
0.649757
0.649757
0.649757
0.649757
0.647708
0.647708
0.647708
0.647708
0.645486
0.645486
0.645486
0.645486
0.641944
0.641944
0.641944
0.641944
0.646111
0.646111
0.646111
0.646111
0.653715
0.653715
0.653715
0.653715
0.662153
0.662153
0.662153
0.662153
0.670278
0.670278
0.670278
0.670278
0.682465
0.682465
0.682465
0.682465
0.702049
0.702049
0.702049
0.702049
0.708403
0.708403
0.708403
0.708403
0.716319
0.716319
0.716319
0.716319
0.72934
0.72934
0.72934
0.72934
0.743299
0.743299
0.743299
0.743299
0.750486
0.750486
0.750486
0.750486
0.791424
0.791424
0.791424
0.791424
0.78809
0.78809
0.78809
0.78809
0.785486
0.785486
0.785486
0.785486
0.787465
0.787465
0.787465
0.787465
0.785174
0.785174
0.785174
0.785174
0.785382
0.785382
0.785382
0.785382
0.80809
0.80809
0.80809
0.80809
0.804132
0.804132
0.804132
0.804132
0.802361
0.802361
0.802361
0.802361
0.79934
0.79934
0.79934
0.79934
0.797569
0.797569
0.797569
0.797569
0.795903
0.795903
0.795903
0.795903
0.793299
0.793299
0.793299
0.793299
0.788194
0.788194
0.788194
0.788194
0.784757
0.784757
0.784757
0.784757
0.779236
0.779236
0.779236
0.779236
0.779896
0.779896
0.779896
0.779896
0.780104
0.780104
0.780104
0.780104
0.777743
0.777743
0.777743
0.777743
0.77875
0.77875
0.77875
0.77875
0.7775
0.7775
0.7775
0.7775
0.778021
0.778021
0.778021
0.778021
0.781354
0.781354
0.781354
0.781354
0.779965
0.779965
0.779965
0.779965
0.780243
0.780243
0.780243
0.780243
0.802813
0.802813
0.802813
0.802813
0.790937
0.790937
0.790937
0.790937
0.787917
0.787917
0.787917
0.787917
0.786875
0.786875
0.786875
0.786875
0.782917
0.782917
0.782917
0.782917
0.783438
0.783438
0.783438
0.783438
0.793021
0.793021
0.793021
0.793021
0.790208
0.790208
0.790208
0.790208
0.789792
0.789792
0.789792
0.789792
0.789583
0.789583
0.789583
0.789583
0.788125
0.788125
0.788125
0.788125
0.785312
0.785312
0.785312
0.785312
0.782604
0.782604
0.782604
0.782604
0.812187
0.812187
0.812187
0.812187
0.804896
0.804896
0.804896
0.804896
0.798646
0.798646
0.798646
0.798646
0.793958
0.793958
0.793958
0.793958
0.789896
0.789896
0.789896
0.789896
0.790625
0.790625
0.790625
0.790625
0.795729
0.795729
0.795729
0.795729
0.800833
0.800833
0.800833
0.800833
0.805937
0.805937
0.805937
0.805937
0.803542
0.803542
0.803542
0.803542
0.810035
0.810035
0.810035
0.810035
0.808229
0.808229
0.808229
0.808229
0.807361
0.807361
0.807361
0.807361
0.809792
0.809792
0.809792
0.809792
0.8125
0.8125
0.8125
0.8125
0.811771
0.811771
0.811771
0.811771
0.810937
0.810937
0.810937
0.810937
0.810104
0.810104
0.810104
0.810104
0.805625
0.805625
0.805625
0.805625
0.805
0.805
0.805
0.805
0.803438
0.803438
0.803438
0.803438
0.802604
0.802604
0.802604
0.802604
0.805
0.805
0.805
0.805
0.805417
0.805417
0.805417
0.805417
0.805521
0.805521
0.805521
0.805521
0.804479
0.804479
0.804479
0.804479
0.803021
0.803021
0.803021
0.803021
0.804063
0.804063
0.804063
0.804063
0.801562
0.801562
0.801562
0.801562
0.802813
0.802813
0.802813
0.802813
0.802813
0.802813
0.802813
0.802813
0.802813
0.802813
0.802813
0.802813
0.803646
0.803646
0.803646
0.803646
0.803958
0.803958
0.803958
0.803958
0.800104
0.800104
0.800104
0.800104
0.8
0.8
0.8
0.8
0.799583
0.799583
0.799583
0.799583
0.795833
0.795833
0.795833
0.795833
0.794687
0.794687
0.794687
0.794687
0.7975
0.7975
0.7975
0.7975
0.797917
0.797917
0.797917
0.797917
0.804271
0.804271
0.804271
0.804271
0.805417
0.805417
0.805417
0.805417
0.806146
0.806146
0.806146
0.806146
0.807708
0.807708
0.807708
0.807708
0.809167
0.809167
0.809167
0.809167
0.808229
0.808229
0.808229
0.808229
0.805625
0.805625
0.805625
0.805625
0.806667
0.806667
0.806667
0.806667
0.807396
0.807396
0.807396
0.807396
0.809271
0.809271
0.809271
0.809271
0.809271
0.809271
0.809271
0.809271
0.810729
0.810729
0.810729
0.810729
0.815694
0.815694
0.815694
0.815694
0.812674
0.812674
0.812674
0.812674
0.809861
0.809861
0.809861
0.809861
0.80934
0.80934
0.80934
0.80934
0.809028
0.809028
0.809028
0.809028
0.811042
0.811042
0.811042
0.811042
0.810208
0.810208
0.810208
0.810208
0.805208
0.805208
0.805208
0.805208
0.805521
0.805521
0.805521
0.805521
0.803438
0.803438
0.803438
0.803438
0.8025
0.8025
0.8025
0.8025
0.803958
0.803958
0.803958
0.803958
0.802813
0.802813
0.802813
0.802813
0.803438
0.803438
0.803438
0.803438
0.800417
0.800417
0.800417
0.800417
0.802083
0.802083
0.802083
0.802083
0.802292
0.802292
0.802292
0.802292
0.801771
0.801771
0.801771
0.801771
0.80191
0.80191
0.80191
0.80191
0.802396
0.802396
0.802396
0.802396
0.800208
0.800208
0.800208
0.800208
0.8025
0.8025
0.8025
0.8025
0.803542
0.803542
0.803542
0.803542
0.801771
0.801771
0.801771
0.801771
0.8025
0.8025
0.8025
0.8025
0.803021
0.803021
0.803021
0.803021
0.796493
0.796493
0.796493
0.796493
0.800208
0.800208
0.800208
0.800208
0.801042
0.801042
0.801042
0.801042
0.803021
0.803021
0.803021
0.803021
0.804167
0.804167
0.804167
0.804167
0.807396
0.807396
0.807396
0.807396
0.803125
0.803125
0.803125
0.803125
0.804132
0.804132
0.804132
0.804132
0.797708
0.797708
0.797708
0.797708
0.798542
0.798542
0.798542
0.798542
0.801632
0.801632
0.801632
0.801632
0.805
0.805
0.805
0.805
0.801875
0.801875
0.801875
0.801875
0.802604
0.802604
0.802604
0.802604
0.807986
0.807986
0.807986
0.807986
0.801771
0.801771
0.801771
0.801771
0.800312
0.800312
0.800312
0.800312
0.803021
0.803021
0.803021
0.803021
0.799687
0.799687
0.799687
0.799687
0.7975
0.7975
0.7975
0.7975
0.793854
0.793854
0.793854
0.793854
0.795312
0.795312
0.795312
0.795312
0.796562
0.796562
0.796562
0.796562
0.799896
0.799896
0.799896
0.799896
0.800208
0.800208
0.800208
0.800208
0.801458
0.801458
0.801458
0.801458
0.805521
0.805521
0.805521
0.805521
0.805729
0.805729
0.805729
0.805729
0.80375
0.80375
0.80375
0.80375
0.806354
0.806354
0.806354
0.806354
0.808993
0.808993
0.808993
0.808993
0.803472
0.803472
0.803472
0.803472
0.806424
0.806424
0.806424
0.806424
0.80559
0.80559
0.80559
0.80559
0.803194
0.803194
0.803194
0.803194
0.80559
0.80559
0.80559
0.80559
0.806111
0.806111
0.806111
0.806111
0.813472
0.813472
0.813472
0.813472
0.815764
0.815764
0.815764
0.815764
0.81566
0.81566
0.81566
0.81566
0.813438
0.813438
0.813438
0.813438
0.812813
0.812813
0.812813
0.812813
0.816458
0.816458
0.816458
0.816458
0.812604
0.812604
0.812604
0.812604
0.813333
0.813333
0.813333
0.813333
0.812708
0.812708
0.812708
0.812708
0.815729
0.815729
0.815729
0.815729
0.816562
0.816562
0.816562
0.816562
0.812187
0.812187
0.812187
0.812187
0.811146
0.811146
0.811146
0.811146
0.817292
0.817292
0.817292
0.817292
0.820451
0.820451
0.820451
0.820451
0.82
0.82
0.82
0.82
0.819479
0.819479
0.819479
0.819479
0.820208
0.820208
0.820208
0.820208
0.819792
0.819792
0.819792
0.819792
0.806771
0.806771
0.806771
0.806771
0.804479
0.804479
0.804479
0.804479
0.808646
0.808646
0.808646
0.808646
0.806076
0.806076
0.806076
0.806076
0.801979
0.801979
0.801979
0.801979
0.804792
0.804792
0.804792
0.804792
0.803229
0.803229
0.803229
0.803229
0.807813
0.807813
0.807813
0.807813
0.806771
0.806771
0.806771
0.806771
0.808333
0.808333
0.808333
0.808333
0.812778
0.812778
0.812778
0.812778
0.810625
0.810625
0.810625
0.810625
0.808021
0.808021
0.808021
0.808021
0.808542
0.808542
0.808542
0.808542
0.80625
0.80625
0.80625
0.80625
0.809479
0.809479
0.809479
0.809479
0.809618
0.809618
0.809618
0.809618
0.807396
0.807396
0.807396
0.807396
0.807187
0.807187
0.807187
0.807187
0.80309
0.80309
0.80309
0.80309
0.800208
0.800208
0.800208
0.800208
0.798333
0.798333
0.798333
0.798333
0.800625
0.800625
0.800625
0.800625
0.801632
0.801632
0.801632
0.801632
0.799931
0.799931
0.799931
0.799931
0.799479
0.799479
0.799479
0.799479
0.801875
0.801875
0.801875
0.801875
0.804167
0.804167
0.804167
0.804167
0.809896
0.809896
0.809896
0.809896
0.817222
0.817222
0.817222
0.817222
0.822396
0.822396
0.822396
0.822396
0.83125
0.83125
0.83125
0.83125
0.840625
0.840625
0.840625
0.840625
0.850069
0.850069
0.850069
0.850069
0.865035
0.865035
0.865035
0.865035
0.874062
0.874062
0.874062
0.874062
0.878056
0.878056
0.878056
0.878056
0.880451
0.880451
0.880451
0.880451
0.879549
0.879549
0.879549
0.879549
0.873229
0.873229
0.873229
0.873229
0.873021
0.873021
0.873021
0.873021
0.866354
0.866354
0.866354
0.866354
0.867292
0.867292
0.867292
0.867292
0.864375
0.864375
0.864375
0.864375
0.866771
0.866771
0.866771
0.866771
0.871563
0.871563
0.871563
0.871563
0.871424
0.871424
0.871424
0.871424
0.861597
0.861597
0.861597
0.861597
0.858056
0.858056
0.858056
0.858056
0.863646
0.863646
0.863646
0.863646
0.86875
0.86875
0.86875
0.86875
0.849549
0.849549
0.849549
0.849549
0.851979
0.851979
0.851979
0.851979
0.822465
0.822465
0.822465
0.822465
0.829896
0.829896
0.829896
0.829896
0.842361
0.842361
0.842361
0.842361
0.851354
0.851354
0.851354
0.851354
0.83375
0.83375
0.83375
0.83375
0.849896
0.849896
0.849896
0.849896
0.853264
0.853264
0.853264
0.853264
0.857187
0.857187
0.857187
0.857187
0.864479
0.864479
0.864479
0.864479
0.86875
0.86875
0.86875
0.86875
0.871146
0.871146
0.871146
0.871146
0.874479
0.874479
0.874479
0.874479
0.88309
0.88309
0.88309
0.88309
0.879062
0.879062
0.879062
0.879062
0.880035
0.880035
0.880035
0.880035
0.860417
0.860417
0.860417
0.860417
0.861563
0.861563
0.861563
0.861563
0.847708
0.847708
0.847708
0.847708
0.840729
0.840729
0.840729
0.840729
0.849757
0.849757
0.849757
0.849757
0.87434
0.87434
0.87434
0.87434
0.880729
0.880729
0.880729
0.880729
0.879687
0.879687
0.879687
0.879687
0.883854
0.883854
0.883854
0.883854
0.89
0.89
0.89
0.89
0.893646
0.893646
0.893646
0.893646
0.893958
0.893958
0.893958
0.893958
0.883229
0.883229
0.883229
0.883229
0.883646
0.883646
0.883646
0.883646
0.861875
0.861875
0.861875
0.861875
0.834514
0.834514
0.834514
0.834514
0.807292
0.807292
0.807292
0.807292
0.813646
0.813646
0.813646
0.813646
0.799479
0.799479
0.799479
0.799479
0.806806
0.806806
0.806806
0.806806
0.813333
0.813333
0.813333
0.813333
0.813785
0.813785
0.813785
0.813785
0.808438
0.808438
0.808438
0.808438
0.793958
0.793958
0.793958
0.793958
0.831042
0.831042
0.831042
0.831042
0.824271
0.824271
0.824271
0.824271
0.830313
0.830313
0.830313
0.830313
0.831979
0.831979
0.831979
0.831979
0.84066
0.84066
0.84066
0.84066
0.854722
0.854722
0.854722
0.854722
0.847292
0.847292
0.847292
0.847292
0.827917
0.827917
0.827917
0.827917
0.823229
0.823229
0.823229
0.823229
0.831042
0.831042
0.831042
0.831042
0.824896
0.824896
0.824896
0.824896
0.799097
0.799097
0.799097
0.799097
0.797083
0.797083
0.797083
0.797083
0.801562
0.801562
0.801562
0.801562
0.79375
0.79375
0.79375
0.79375
0.744167
0.744167
0.744167
0.744167
0.72
0.72
0.72
0.72
0.638056
0.638056
0.638056
0.638056
0.598229
0.598229
0.598229
0.598229
0.586667
0.586667
0.586667
0.586667
0.569583
0.569583
0.569583
0.569583
0.53625
0.53625
0.53625
0.53625
0.525625
0.525625
0.525625
0.525625
0.538125
0.538125
0.538125
0.538125
0.544097
0.544097
0.544097
0.544097
0.538229
0.538229
0.538229
0.538229
0.525382
0.525382
0.525382
0.525382
0.502604
0.502604
0.502604
0.502604
0.476979
0.476979
0.476979
0.476979
0.446979
0.446979
0.446979
0.446979
0.447396
0.447396
0.447396
0.447396
0.449688
0.449688
0.449688
0.449688
0.439201
0.439201
0.439201
0.439201
0.430694
0.430694
0.430694
0.430694
0.414132
0.414132
0.414132
0.414132
0.413646
0.413646
0.413646
0.413646
0.408438
0.408438
0.408438
0.408438
0.404583
0.404583
0.404583
0.404583
0.400625
0.400625
0.400625
0.400625
0.389757
0.389757
0.389757
0.389757
0.348438
0.348438
0.348438
0.348438
0.328542
0.328542
0.328542
0.328542
0.298125
0.298125
0.298125
0.298125
0.262813
0.262813
0.262813
0.262813
0.242708
0.242708
0.242708
0.242708
0.243229
0.243229
0.243229
0.243229
0.229687
0.229687
0.229687
0.229687
0.244062
0.244062
0.244062
0.244062
0.268437
0.268437
0.268437
0.268437
0.283125
0.283125
0.283125
0.283125
0.318958
0.318958
0.318958
0.318958
0.351979
0.351979
0.351979
0.351979
0.385833
0.385833
0.385833
0.385833
0.440139
0.440139
0.440139
0.440139
0.463333
0.463333
0.463333
0.463333
0.488819
0.488819
0.488819
0.488819
0.565833
0.565833
0.565833
0.565833
0.603958
0.603958
0.603958
0.603958
0.563646
0.563646
0.563646
0.563646
0.538299
0.538299
0.538299
0.538299
0.507917
0.507917
0.507917
0.507917
0.46125
0.46125
0.46125
0.46125
0.444063
0.444063
0.444063
0.444063
0.391042
0.391042
0.391042
0.391042
0.354653
0.354653
0.354653
0.354653
0.339583
0.339583
0.339583
0.339583
0.315
0.315
0.315
0.315
0.278125
0.278125
0.278125
0.278125
0.224062
0.224062
0.224062
0.224062
0.180417
0.180417
0.180417
0.180417
0.1375
0.1375
0.1375
0.1375
0.1175
0.1175
0.1175
0.1175
0.0857292
0.0857292
0.0857292
0.0857292
0.0659722
0.0659722
0.0659722
0.0659722
0.0628125
0.0628125
0.0628125
0.0628125
0.0622917
0.0622917
0.0622917
0.0622917
0.0608333
0.0608333
0.0608333
0.0608333
0.06375
0.06375
0.06375
0.06375
0.0627083
0.0627083
0.0627083
0.0627083
0.063125
0.063125
0.063125
0.063125
0.0675
0.0675
0.0675
0.0675
0.13
0.13
0.13
0.13
0.193958
0.193958
0.193958
0.193958
0.286562
0.286562
0.286562
0.286562
0.380729
0.380729
0.380729
0.380729
0.4475
0.4475
0.4475
0.4475
0.498229
0.498229
0.498229
0.498229
0.518437
0.518437
0.518437
0.518437
0.492222
0.492222
0.492222
0.492222
0.481146
0.481146
0.481146
0.481146
0.416667
0.416667
0.416667
0.416667
0.368646
0.368646
0.368646
0.368646
0.328958
0.328958
0.328958
0.328958
0.268194
0.268194
0.268194
0.268194
0.235139
0.235139
0.235139
0.235139
0.200694
0.200694
0.200694
0.200694
0.152083
0.152083
0.152083
0.152083
0.122986
0.122986
0.122986
0.122986
0.0928472
0.0928472
0.0928472
0.0928472
0.0639583
0.0639583
0.0639583
0.0639583
0.0590625
0.0590625
0.0590625
0.0590625
0.0533333
0.0533333
0.0533333
0.0533333
0.0528125
0.0528125
0.0528125
0.0528125
0.05
0.05
0.05
0.05
0.05
0.05
0.05
0.05
0.0660417
0.0660417
0.0660417
0.0660417
0.093125
0.093125
0.093125
0.093125
0.131979
0.131979
0.131979
0.131979
0.184792
0.184792
0.184792
0.184792
0.229271
0.229271
0.229271
0.229271
0.288333
0.288333
0.288333
0.288333
0.337187
0.337187
0.337187
0.337187
0.393542
0.393542
0.393542
0.393542
0.419479
0.419479
0.419479
0.419479
0.427847
0.427847
0.427847
0.427847
0.423646
0.423646
0.423646
0.423646
0.424896
0.424896
0.424896
0.424896
0.415312
0.415312
0.415312
0.415312
0.373333
0.373333
0.373333
0.373333
0.357674
0.357674
0.357674
0.357674
0.360486
0.360486
0.360486
0.360486
0.344062
0.344062
0.344062
0.344062
0.319236
0.319236
0.319236
0.319236
0.292083
0.292083
0.292083
0.292083
0.259167
0.259167
0.259167
0.259167
0.201563
0.201563
0.201563
0.201563
0.159896
0.159896
0.159896
0.159896
0.127812
0.127812
0.127812
0.127812
0.090625
0.090625
0.090625
0.090625
0.0676042
0.0676042
0.0676042
0.0676042
0.0575
0.0575
0.0575
0.0575
0.0466667
0.0466667
0.0466667
0.0466667
0.0384028
0.0384028
0.0384028
0.0384028
0.0378125
0.0378125
0.0378125
0.0378125
0.0373958
0.0373958
0.0373958
0.0373958
0.0373958
0.0373958
0.0373958
0.0373958
0.0376042
0.0376042
0.0376042
0.0376042
0.0370833
0.0370833
0.0370833
0.0370833
0.0366667
0.0366667
0.0366667
0.0366667
0.0354167
0.0354167
0.0354167
0.0354167
0.035625
0.035625
0.035625
0.035625
0.0339583
0.0339583
0.0339583
0.0339583
0.035
0.035
0.035
0.035
0.0364583
0.0364583
0.0364583
0.0364583
0.035
0.035
0.035
0.035
0.0360764
0.0360764
0.0360764
0.0360764
0.0364583
0.0364583
0.0364583
0.0364583
0.0607292
0.0607292
0.0607292
0.0607292
0.0889583
0.0889583
0.0889583
0.0889583
0.113299
0.113299
0.113299
0.113299
0.121771
0.121771
0.121771
0.121771
0.126354
0.126354
0.126354
0.126354
0.144792
0.144792
0.144792
0.144792
0.158438
0.158438
0.158438
0.158438
0.167083
0.167083
0.167083
0.167083
0.175313
0.175313
0.175313
0.175313
0.189167
0.189167
0.189167
0.189167
0.174063
0.174063
0.174063
0.174063
0.156979
0.156979
0.156979
0.156979
0.130312
0.130312
0.130312
0.130312
0.12375
0.12375
0.12375
0.12375
0.116562
0.116562
0.116562
0.116562
0.108854
0.108854
0.108854
0.108854
0.0965625
0.0965625
0.0965625
0.0965625
0.0764583
0.0764583
0.0764583
0.0764583
0.0753125
0.0753125
0.0753125
0.0753125
0.0588542
0.0588542
0.0588542
0.0588542
0.0487153
0.0487153
0.0487153
0.0487153
0.0403125
0.0403125
0.0403125
0.0403125
0.0372917
0.0372917
0.0372917
0.0372917
0.046875
0.046875
0.046875
0.046875
0.0475
0.0475
0.0475
0.0475
0.0591667
0.0591667
0.0591667
0.0591667
0.0542708
0.0542708
0.0542708
0.0542708
0.0522917
0.0522917
0.0522917
0.0522917
0.0451042
0.0451042
0.0451042
0.0451042
0.0592708
0.0592708
0.0592708
0.0592708
0.107604
0.107604
0.107604
0.107604
0.122813
0.122813
0.122813
0.122813
0.128229
0.128229
0.128229
0.128229
0.130312
0.130312
0.130312
0.130312
0.122708
0.122708
0.122708
0.122708
0.133333
0.133333
0.133333
0.133333
0.108229
0.108229
0.108229
0.108229
0.0933333
0.0933333
0.0933333
0.0933333
0.063125
0.063125
0.063125
0.063125
0.0347917
0.0347917
0.0347917
0.0347917
0.0210417
0.0210417
0.0210417
0.0210417
0.02875
0.02875
0.02875
0.02875
0.080625
0.080625
0.080625
0.080625
0.0860417
0.0860417
0.0860417
0.0860417
0.0877083
0.0877083
0.0877083
0.0877083
0.0909375
0.0909375
0.0909375
0.0909375
0.0961458
0.0961458
0.0961458
0.0961458
0.0989583
0.0989583
0.0989583
0.0989583
0.1
0.1
0.1
0.1
0.0807292
0.0807292
0.0807292
0.0807292
0.0611458
0.0611458
0.0611458
0.0611458
0.0485417
0.0485417
0.0485417
0.0485417
0.0327083
0.0327083
0.0327083
0.0327083
0.0408333
0.0408333
0.0408333
0.0408333
0.0486458
0.0486458
0.0486458
0.0486458
0.0555208
0.0555208
0.0555208
0.0555208
0.0559375
0.0559375
0.0559375
0.0559375
0.0630208
0.0630208
0.0630208
0.0630208
0.0641667
0.0641667
0.0641667
0.0641667
0.0641667
0.0641667
0.0641667
0.0641667
0.0660417
0.0660417
0.0660417
0.0660417
0.0901042
0.0901042
0.0901042
0.0901042
0.118542
0.118542
0.118542
0.118542
0.120208
0.120208
0.120208
0.120208
0.128646
0.128646
0.128646
0.128646
0.142396
0.142396
0.142396
0.142396
0.146563
0.146563
0.146563
0.146563
0.150833
0.150833
0.150833
0.150833
0.153958
0.153958
0.153958
0.153958
0.164271
0.164271
0.164271
0.164271
0.155486
0.155486
0.155486
0.155486
0.123403
0.123403
0.123403
0.123403
0.0860417
0.0860417
0.0860417
0.0860417
0.0646181
0.0646181
0.0646181
0.0646181
0.0365625
0.0365625
0.0365625
0.0365625
0.0249306
0.0249306
0.0249306
0.0249306
0.0240972
0.0240972
0.0240972
0.0240972
0.0260417
0.0260417
0.0260417
0.0260417
0.0254514
0.0254514
0.0254514
0.0254514
0.0288542
0.0288542
0.0288542
0.0288542
0.0260417
0.0260417
0.0260417
0.0260417
0.0283333
0.0283333
0.0283333
0.0283333
0.0257292
0.0257292
0.0257292
0.0257292
0.0258333
0.0258333
0.0258333
0.0258333
0.0260417
0.0260417
0.0260417
0.0260417
0.0261458
0.0261458
0.0261458
0.0261458
0.0254167
0.0254167
0.0254167
0.0254167
0.0261458
0.0261458
0.0261458
0.0261458
0.0261458
0.0261458
0.0261458
0.0261458
0.0283333
0.0283333
0.0283333
0.0283333
0.0611458
0.0611458
0.0611458
0.0611458
0.0754167
0.0754167
0.0754167
0.0754167
0.0882292
0.0882292
0.0882292
0.0882292
0.120868
0.120868
0.120868
0.120868
0.174063
0.174063
0.174063
0.174063
0.213958
0.213958
0.213958
0.213958
0.260313
0.260313
0.260313
0.260313
0.2775
0.2775
0.2775
0.2775
0.290417
0.290417
0.290417
0.290417
0.280313
0.280313
0.280313
0.280313
0.269271
0.269271
0.269271
0.269271
0.259688
0.259688
0.259688
0.259688
0.260868
0.260868
0.260868
0.260868
0.229167
0.229167
0.229167
0.229167
0.22375
0.22375
0.22375
0.22375
0.188542
0.188542
0.188542
0.188542
0.165
0.165
0.165
0.165
0.132361
0.132361
0.132361
0.132361
0.107813
0.107813
0.107813
0.107813
0.0772917
0.0772917
0.0772917
0.0772917
0.0853125
0.0853125
0.0853125
0.0853125
0.0853125
0.0853125
0.0853125
0.0853125
0.0898958
0.0898958
0.0898958
0.0898958
0.0873958
0.0873958
0.0873958
0.0873958
0.0882292
0.0882292
0.0882292
0.0882292
0.0975
0.0975
0.0975
0.0975
0.120625
0.120625
0.120625
0.120625
0.141563
0.141563
0.141563
0.141563
0.154062
0.154062
0.154062
0.154062
0.155486
0.155486
0.155486
0.155486
0.157708
0.157708
0.157708
0.157708
0.161146
0.161146
0.161146
0.161146
0.167917
0.167917
0.167917
0.167917
0.173021
0.173021
0.173021
0.173021
0.183021
0.183021
0.183021
0.183021
0.189688
0.189688
0.189688
0.189688
0.184896
0.184896
0.184896
0.184896
0.184792
0.184792
0.184792
0.184792
0.204132
0.204132
0.204132
0.204132
0.208542
0.208542
0.208542
0.208542
0.223438
0.223438
0.223438
0.223438
0.22
0.22
0.22
0.22
0.216562
0.216562
0.216562
0.216562
0.216667
0.216667
0.216667
0.216667
0.225833
0.225833
0.225833
0.225833
0.222396
0.222396
0.222396
0.222396
0.223125
0.223125
0.223125
0.223125
0.221042
0.221042
0.221042
0.221042
0.215833
0.215833
0.215833
0.215833
0.21691
0.21691
0.21691
0.21691
0.214583
0.214583
0.214583
0.214583
0.21316
0.21316
0.21316
0.21316
0.229965
0.229965
0.229965
0.229965
0.22875
0.22875
0.22875
0.22875
0.230625
0.230625
0.230625
0.230625
0.230625
0.230625
0.230625
0.230625
0.2475
0.2475
0.2475
0.2475
0.255417
0.255417
0.255417
0.255417
0.242292
0.242292
0.242292
0.242292
0.237708
0.237708
0.237708
0.237708
0.234861
0.234861
0.234861
0.234861
0.231146
0.231146
0.231146
0.231146
0.227049
0.227049
0.227049
0.227049
0.231806
0.231806
0.231806
0.231806
0.243507
0.243507
0.243507
0.243507
0.250312
0.250312
0.250312
0.250312
0.257812
0.257812
0.257812
0.257812
0.254549
0.254549
0.254549
0.254549
0.252882
0.252882
0.252882
0.252882
0.252986
0.252986
0.252986
0.252986
0.251042
0.251042
0.251042
0.251042
0.265417
0.265417
0.265417
0.265417
0.271181
0.271181
0.271181
0.271181
0.266667
0.266667
0.266667
0.266667
0.270972
0.270972
0.270972
0.270972
0.265903
0.265903
0.265903
0.265903
0.272257
0.272257
0.272257
0.272257
0.255937
0.255937
0.255937
0.255937
0.258854
0.258854
0.258854
0.258854
0.276562
0.276562
0.276562
0.276562
0.310972
0.310972
0.310972
0.310972
0.334444
0.334444
0.334444
0.334444
0.349896
0.349896
0.349896
0.349896
0.390799
0.390799
0.390799
0.390799
0.418542
0.418542
0.418542
0.418542
0.437083
0.437083
0.437083
0.437083
0.4575
0.4575
0.4575
0.4575
0.466979
0.466979
0.466979
0.466979
0.487083
0.487083
0.487083
0.487083
0.500625
0.500625
0.500625
0.500625
0.52
0.52
0.52
0.52
0.541736
0.541736
0.541736
0.541736
0.554479
0.554479
0.554479
0.554479
0.582083
0.582083
0.582083
0.582083
0.61
0.61
0.61
0.61
0.626736
0.626736
0.626736
0.626736
0.635764
0.635764
0.635764
0.635764
0.659549
0.659549
0.659549
0.659549
0.670069
0.670069
0.670069
0.670069
0.693715
0.693715
0.693715
0.693715
0.69434
0.69434
0.69434
0.69434
0.696319
0.696319
0.696319
0.696319
0.717812
0.717812
0.717812
0.717812
0.695104
0.695104
0.695104
0.695104
0.707639
0.707639
0.707639
0.707639
0.703924
0.703924
0.703924
0.703924
0.695382
0.695382
0.695382
0.695382
0.694861
0.694861
0.694861
0.694861
0.709201
0.709201
0.709201
0.709201
0.714549
0.714549
0.714549
0.714549
0.72941
0.72941
0.72941
0.72941
0.744965
0.744965
0.744965
0.744965
0.741007
0.741007
0.741007
0.741007
0.727049
0.727049
0.727049
0.727049
0.749132
0.749132
0.749132
0.749132
0.757778
0.757778
0.757778
0.757778
0.779549
0.779549
0.779549
0.779549
0.78434
0.78434
0.78434
0.78434
0.777361
0.777361
0.777361
0.777361
0.777361
0.777361
0.777361
0.777361
0.770799
0.770799
0.770799
0.770799
0.764132
0.764132
0.764132
0.764132
0.763819
0.763819
0.763819
0.763819
0.763611
0.763611
0.763611
0.763611
0.752569
0.752569
0.752569
0.752569
0.751944
0.751944
0.751944
0.751944
0.757465
0.757465
0.757465
0.757465
0.765069
0.765069
0.765069
0.765069
0.76184
0.76184
0.76184
0.76184
0.765799
0.765799
0.765799
0.765799
0.768785
0.768785
0.768785
0.768785
0.770069
0.770069
0.770069
0.770069
0.768819
0.768819
0.768819
0.768819
0.774236
0.774236
0.774236
0.774236
0.779132
0.779132
0.779132
0.779132
0.778611
0.778611
0.778611
0.778611
0.777778
0.777778
0.777778
0.777778
0.777917
0.777917
0.777917
0.777917
0.779479
0.779479
0.779479
0.779479
0.784028
0.784028
0.784028
0.784028
0.791597
0.791597
0.791597
0.791597
0.80059
0.80059
0.80059
0.80059
0.800556
0.800556
0.800556
0.800556
0.804722
0.804722
0.804722
0.804722
0.803576
0.803576
0.803576
0.803576
0.804965
0.804965
0.804965
0.804965
0.808403
0.808403
0.808403
0.808403
0.806111
0.806111
0.806111
0.806111
0.809653
0.809653
0.809653
0.809653
0.805486
0.805486
0.805486
0.805486
0.809132
0.809132
0.809132
0.809132
0.808056
0.808056
0.808056
0.808056
0.80934
0.80934
0.80934
0.80934
0.807882
0.807882
0.807882
0.807882
0.809861
0.809861
0.809861
0.809861
0.811007
0.811007
0.811007
0.811007
0.807535
0.807535
0.807535
0.807535
0.80309
0.80309
0.80309
0.80309
0.810312
0.810312
0.810312
0.810312
0.811771
0.811771
0.811771
0.811771
0.810104
0.810104
0.810104
0.810104
0.818056
0.818056
0.818056
0.818056
0.820694
0.820694
0.820694
0.820694
0.825069
0.825069
0.825069
0.825069
0.826424
0.826424
0.826424
0.826424
0.814722
0.814722
0.814722
0.814722
0.811528
0.811528
0.811528
0.811528
0.809757
0.809757
0.809757
0.809757
0.80934
0.80934
0.80934
0.80934
0.808819
0.808819
0.808819
0.808819
0.808507
0.808507
0.808507
0.808507
0.811944
0.811944
0.811944
0.811944
0.811111
0.811111
0.811111
0.811111
0.806215
0.806215
0.806215
0.806215
0.802986
0.802986
0.802986
0.802986
0.807465
0.807465
0.807465
0.807465
0.806111
0.806111
0.806111
0.806111
0.79816
0.79816
0.79816
0.79816
0.794861
0.794861
0.794861
0.794861
0.798125
0.798125
0.798125
0.798125
0.796146
0.796146
0.796146
0.796146
0.794167
0.794167
0.794167
0.794167
0.793333
0.793333
0.793333
0.793333
0.789549
0.789549
0.789549
0.789549
0.791528
0.791528
0.791528
0.791528
0.78934
0.78934
0.78934
0.78934
0.785799
0.785799
0.785799
0.785799
0.785278
0.785278
0.785278
0.785278
0.782639
0.782639
0.782639
0.782639
0.780799
0.780799
0.780799
0.780799
0.787153
0.787153
0.787153
0.787153
0.786424
0.786424
0.786424
0.786424
0.786042
0.786042
0.786042
0.786042
0.793194
0.793194
0.793194
0.793194
0.79809
0.79809
0.79809
0.79809
0.793819
0.793819
0.793819
0.793819
0.794757
0.794757
0.794757
0.794757
0.792465
0.792465
0.792465
0.792465
0.792153
0.792153
0.792153
0.792153
0.791944
0.791944
0.791944
0.791944
0.790799
0.790799
0.790799
0.790799
0.786528
0.786528
0.786528
0.786528
0.788299
0.788299
0.788299
0.788299
0.788646
0.788646
0.788646
0.788646
0.791007
0.791007
0.791007
0.791007
0.788924
0.788924
0.788924
0.788924
0.793507
0.793507
0.793507
0.793507
0.794687
0.794687
0.794687
0.794687
0.788507
0.788507
0.788507
0.788507
0.787743
0.787743
0.787743
0.787743
0.785556
0.785556
0.785556
0.785556
0.779687
0.779687
0.779687
0.779687
0.776285
0.776285
0.776285
0.776285
0.778299
0.778299
0.778299
0.778299
0.777882
0.777882
0.777882
0.777882
0.779444
0.779444
0.779444
0.779444
0.777986
0.777986
0.777986
0.777986
0.779653
0.779653
0.779653
0.779653
0.781528
0.781528
0.781528
0.781528
0.780278
0.780278
0.780278
0.780278
0.780174
0.780174
0.780174
0.780174
0.782674
0.782674
0.782674
0.782674
0.782292
0.782292
0.782292
0.782292
0.782674
0.782674
0.782674
0.782674
0.782882
0.782882
0.782882
0.782882
0.783438
0.783438
0.783438
0.783438
0.783194
0.783194
0.783194
0.783194
0.781215
0.781215
0.781215
0.781215
0.779687
0.779687
0.779687
0.779687
0.782292
0.782292
0.782292
0.782292
0.786979
0.786979
0.786979
0.786979
0.788021
0.788021
0.788021
0.788021
0.787396
0.787396
0.787396
0.787396
0.785833
0.785833
0.785833
0.785833
0.784167
0.784167
0.784167
0.784167
0.787396
0.787396
0.787396
0.787396
0.790729
0.790729
0.790729
0.790729
0.791562
0.791562
0.791562
0.791562
0.789792
0.789792
0.789792
0.789792
0.789687
0.789687
0.789687
0.789687
0.791562
0.791562
0.791562
0.791562
0.792292
0.792292
0.792292
0.792292
0.792813
0.792813
0.792813
0.792813
0.790417
0.790417
0.790417
0.790417
0.786181
0.786181
0.786181
0.786181
0.785833
0.785833
0.785833
0.785833
0.787813
0.787813
0.787813
0.787813
0.788403
0.788403
0.788403
0.788403
0.797813
0.797813
0.797813
0.797813
0.798542
0.798542
0.798542
0.798542
0.795937
0.795937
0.795937
0.795937
0.794792
0.794792
0.794792
0.794792
0.798229
0.798229
0.798229
0.798229
0.802292
0.802292
0.802292
0.802292
0.801319
0.801319
0.801319
0.801319
0.800312
0.800312
0.800312
0.800312
0.798715
0.798715
0.798715
0.798715
0.795382
0.795382
0.795382
0.795382
0.796875
0.796875
0.796875
0.796875
0.795625
0.795625
0.795625
0.795625
0.792604
0.792604
0.792604
0.792604
0.781563
0.781563
0.781563
0.781563
0.781458
0.781458
0.781458
0.781458
0.784583
0.784583
0.784583
0.784583
0.781944
0.781944
0.781944
0.781944
0.780799
0.780799
0.780799
0.780799
0.780278
0.780278
0.780278
0.780278
0.783299
0.783299
0.783299
0.783299
0.787639
0.787639
0.787639
0.787639
0.790035
0.790035
0.790035
0.790035
0.791528
0.791528
0.791528
0.791528
0.788819
0.788819
0.788819
0.788819
0.792118
0.792118
0.792118
0.792118
0.78934
0.78934
0.78934
0.78934
0.791632
0.791632
0.791632
0.791632
0.787986
0.787986
0.787986
0.787986
0.786319
0.786319
0.786319
0.786319
0.786632
0.786632
0.786632
0.786632
0.782778
0.782778
0.782778
0.782778
0.784306
0.784306
0.784306
0.784306
0.780903
0.780903
0.780903
0.780903
0.780556
0.780556
0.780556
0.780556
0.780174
0.780174
0.780174
0.780174
0.779757
0.779757
0.779757
0.779757
0.781111
0.781111
0.781111
0.781111
0.781424
0.781424
0.781424
0.781424
0.78059
0.78059
0.78059
0.78059
0.781944
0.781944
0.781944
0.781944
0.783125
0.783125
0.783125
0.783125
0.784236
0.784236
0.784236
0.784236
0.788403
0.788403
0.788403
0.788403
0.790278
0.790278
0.790278
0.790278
0.791528
0.791528
0.791528
0.791528
0.792674
0.792674
0.792674
0.792674
0.794653
0.794653
0.794653
0.794653
0.793854
0.793854
0.793854
0.793854
0.791875
0.791875
0.791875
0.791875
0.790937
0.790937
0.790937
0.790937
0.798715
0.798715
0.798715
0.798715
0.798507
0.798507
0.798507
0.798507
0.798194
0.798194
0.798194
0.798194
0.804132
0.804132
0.804132
0.804132
0.806528
0.806528
0.806528
0.806528
0.80934
0.80934
0.80934
0.80934
0.812049
0.812049
0.812049
0.812049
0.811528
0.811528
0.811528
0.811528
0.814549
0.814549
0.814549
0.814549
0.813715
0.813715
0.813715
0.813715
0.811007
0.811007
0.811007
0.811007
0.810694
0.810694
0.810694
0.810694
0.811458
0.811458
0.811458
0.811458
0.814132
0.814132
0.814132
0.814132
0.812292
0.812292
0.812292
0.812292
0.81125
0.81125
0.81125
0.81125
0.811771
0.811771
0.811771
0.811771
0.810104
0.810104
0.810104
0.810104
0.811042
0.811042
0.811042
0.811042
0.81559
0.81559
0.81559
0.81559
0.815625
0.815625
0.815625
0.815625
0.815799
0.815799
0.815799
0.815799
0.813715
0.813715
0.813715
0.813715
0.813715
0.813715
0.813715
0.813715
0.813611
0.813611
0.813611
0.813611
0.814271
0.814271
0.814271
0.814271
0.815104
0.815104
0.815104
0.815104
0.813958
0.813958
0.813958
0.813958
0.815208
0.815208
0.815208
0.815208
0.814236
0.814236
0.814236
0.814236
0.814861
0.814861
0.814861
0.814861
0.813229
0.813229
0.813229
0.813229
0.815104
0.815104
0.815104
0.815104
0.815521
0.815521
0.815521
0.815521
0.815833
0.815833
0.815833
0.815833
0.815625
0.815625
0.815625
0.815625
0.816562
0.816562
0.816562
0.816562
0.816146
0.816146
0.816146
0.816146
0.819965
0.819965
0.819965
0.819965
0.820382
0.820382
0.820382
0.820382
0.821944
0.821944
0.821944
0.821944
0.821944
0.821944
0.821944
0.821944
0.821771
0.821771
0.821771
0.821771
0.820729
0.820729
0.820729
0.820729
0.816146
0.816146
0.816146
0.816146
0.816146
0.816146
0.816146
0.816146
0.816562
0.816562
0.816562
0.816562
0.812708
0.812708
0.812708
0.812708
0.812708
0.812708
0.812708
0.812708
0.814063
0.814063
0.814063
0.814063
0.817708
0.817708
0.817708
0.817708
0.815417
0.815417
0.815417
0.815417
0.817604
0.817604
0.817604
0.817604
0.817986
0.817986
0.817986
0.817986
0.818819
0.818819
0.818819
0.818819
0.818646
0.818646
0.818646
0.818646
0.818125
0.818125
0.818125
0.818125
0.818819
0.818819
0.818819
0.818819
0.813333
0.813333
0.813333
0.813333
0.813646
0.813646
0.813646
0.813646
0.81375
0.81375
0.81375
0.81375
0.813646
0.813646
0.813646
0.813646
0.813438
0.813438
0.813438
0.813438
0.817708
0.817708
0.817708
0.817708
0.818021
0.818021
0.818021
0.818021
0.819583
0.819583
0.819583
0.819583
0.819063
0.819063
0.819063
0.819063
0.820521
0.820521
0.820521
0.820521
0.819167
0.819167
0.819167
0.819167
0.822257
0.822257
0.822257
0.822257
0.820937
0.820937
0.820937
0.820937
0.821771
0.821771
0.821771
0.821771
0.817604
0.817604
0.817604
0.817604
0.81875
0.81875
0.81875
0.81875
0.821424
0.821424
0.821424
0.821424
0.823438
0.823438
0.823438
0.823438
0.823438
0.823438
0.823438
0.823438
0.822396
0.822396
0.822396
0.822396
0.820486
0.820486
0.820486
0.820486
0.819132
0.819132
0.819132
0.819132
0.819375
0.819375
0.819375
0.819375
0.824063
0.824063
0.824063
0.824063
0.821042
0.821042
0.821042
0.821042
0.827187
0.827187
0.827187
0.827187
0.833438
0.833438
0.833438
0.833438
0.834688
0.834688
0.834688
0.834688
0.840104
0.840104
0.840104
0.840104
0.84375
0.84375
0.84375
0.84375
0.851354
0.851354
0.851354
0.851354
0.858646
0.858646
0.858646
0.858646
0.860521
0.860521
0.860521
0.860521
0.868958
0.868958
0.868958
0.868958
0.881424
0.881424
0.881424
0.881424
0.888958
0.888958
0.888958
0.888958
0.888958
0.888958
0.888958
0.888958
0.892396
0.892396
0.892396
0.892396
0.901979
0.901979
0.901979
0.901979
0.915799
0.915799
0.915799
0.915799
0.921458
0.921458
0.921458
0.921458
0.92059
0.92059
0.92059
0.92059
0.928021
0.928021
0.928021
0.928021
0.916944
0.916944
0.916944
0.916944
0.908125
0.908125
0.908125
0.908125
0.889375
0.889375
0.889375
0.889375
0.86559
0.86559
0.86559
0.86559
0.840417
0.840417
0.840417
0.840417
0.817604
0.817604
0.817604
0.817604
0.786146
0.786146
0.786146
0.786146
0.797569
0.797569
0.797569
0.797569
0.766667
0.766667
0.766667
0.766667
0.766458
0.766458
0.766458
0.766458
0.780729
0.780729
0.780729
0.780729
0.778611
0.778611
0.778611
0.778611
0.773854
0.773854
0.773854
0.773854
0.771424
0.771424
0.771424
0.771424
0.782292
0.782292
0.782292
0.782292
0.787188
0.787188
0.787188
0.787188
0.796875
0.796875
0.796875
0.796875
0.790625
0.790625
0.790625
0.790625
0.798229
0.798229
0.798229
0.798229
0.79941
0.79941
0.79941
0.79941
0.794167
0.794167
0.794167
0.794167
0.792917
0.792917
0.792917
0.792917
0.782986
0.782986
0.782986
0.782986
0.78691
0.78691
0.78691
0.78691
0.771146
0.771146
0.771146
0.771146
0.757847
0.757847
0.757847
0.757847
0.759653
0.759653
0.759653
0.759653
0.757396
0.757396
0.757396
0.757396
0.744896
0.744896
0.744896
0.744896
0.743542
0.743542
0.743542
0.743542
0.725382
0.725382
0.725382
0.725382
0.718507
0.718507
0.718507
0.718507
0.723333
0.723333
0.723333
0.723333
0.711736
0.711736
0.711736
0.711736
0.708264
0.708264
0.708264
0.708264
0.707361
0.707361
0.707361
0.707361
0.712361
0.712361
0.712361
0.712361
0.70875
0.70875
0.70875
0.70875
0.692292
0.692292
0.692292
0.692292
0.674201
0.674201
0.674201
0.674201
0.667396
0.667396
0.667396
0.667396
0.667813
0.667813
0.667813
0.667813
0.662604
0.662604
0.662604
0.662604
0.637708
0.637708
0.637708
0.637708
0.6325
0.6325
0.6325
0.6325
0.597812
0.597812
0.597812
0.597812
0.588924
0.588924
0.588924
0.588924
0.58934
0.58934
0.58934
0.58934
0.597083
0.597083
0.597083
0.597083
0.608368
0.608368
0.608368
0.608368
0.605104
0.605104
0.605104
0.605104
0.600833
0.600833
0.600833
0.600833
0.605035
0.605035
0.605035
0.605035
0.595521
0.595521
0.595521
0.595521
0.595938
0.595938
0.595938
0.595938
0.576042
0.576042
0.576042
0.576042
0.579792
0.579792
0.579792
0.579792
0.580833
0.580833
0.580833
0.580833
0.575208
0.575208
0.575208
0.575208
0.581875
0.581875
0.581875
0.581875
0.574792
0.574792
0.574792
0.574792
0.581111
0.581111
0.581111
0.581111
0.608125
0.608125
0.608125
0.608125
0.613924
0.613924
0.613924
0.613924
0.565
0.565
0.565
0.565
0.546354
0.546354
0.546354
0.546354
0.538576
0.538576
0.538576
0.538576
0.551562
0.551562
0.551562
0.551562
0.5525
0.5525
0.5525
0.5525
0.593681
0.593681
0.593681
0.593681
0.624792
0.624792
0.624792
0.624792
0.676146
0.676146
0.676146
0.676146
0.696736
0.696736
0.696736
0.696736
0.711528
0.711528
0.711528
0.711528
0.721042
0.721042
0.721042
0.721042
0.739792
0.739792
0.739792
0.739792
0.765382
0.765382
0.765382
0.765382
0.772292
0.772292
0.772292
0.772292
0.736771
0.736771
0.736771
0.736771
0.730104
0.730104
0.730104
0.730104
0.696076
0.696076
0.696076
0.696076
0.678958
0.678958
0.678958
0.678958
0.673368
0.673368
0.673368
0.673368
0.672188
0.672188
0.672188
0.672188
0.645799
0.645799
0.645799
0.645799
0.637361
0.637361
0.637361
0.637361
0.638542
0.638542
0.638542
0.638542
0.643125
0.643125
0.643125
0.643125
0.633819
0.633819
0.633819
0.633819
0.61875
0.61875
0.61875
0.61875
0.608854
0.608854
0.608854
0.608854
0.581458
0.581458
0.581458
0.581458
0.571667
0.571667
0.571667
0.571667
0.579063
0.579063
0.579063
0.579063
0.573333
0.573333
0.573333
0.573333
0.559271
0.559271
0.559271
0.559271
0.536979
0.536979
0.536979
0.536979
0.519583
0.519583
0.519583
0.519583
0.494479
0.494479
0.494479
0.494479
0.476979
0.476979
0.476979
0.476979
0.446458
0.446458
0.446458
0.446458
0.455937
0.455937
0.455937
0.455937
0.471528
0.471528
0.471528
0.471528
0.482708
0.482708
0.482708
0.482708
0.487326
0.487326
0.487326
0.487326
0.498958
0.498958
0.498958
0.498958
0.505868
0.505868
0.505868
0.505868
0.521319
0.521319
0.521319
0.521319
0.527708
0.527708
0.527708
0.527708
0.501979
0.501979
0.501979
0.501979
0.471146
0.471146
0.471146
0.471146
0.436806
0.436806
0.436806
0.436806
0.425625
0.425625
0.425625
0.425625
0.394618
0.394618
0.394618
0.394618
0.367708
0.367708
0.367708
0.367708
0.367812
0.367812
0.367812
0.367812
0.384757
0.384757
0.384757
0.384757
0.397083
0.397083
0.397083
0.397083
0.382812
0.382812
0.382812
0.382812
0.391146
0.391146
0.391146
0.391146
0.407187
0.407187
0.407187
0.407187
0.431007
0.431007
0.431007
0.431007
0.446771
0.446771
0.446771
0.446771
0.486563
0.486563
0.486563
0.486563
0.50559
0.50559
0.50559
0.50559
0.524271
0.524271
0.524271
0.524271
0.544236
0.544236
0.544236
0.544236
0.513333
0.513333
0.513333
0.513333
0.493542
0.493542
0.493542
0.493542
0.477292
0.477292
0.477292
0.477292
0.45684
0.45684
0.45684
0.45684
0.451979
0.451979
0.451979
0.451979
0.410417
0.410417
0.410417
0.410417
0.367083
0.367083
0.367083
0.367083
0.303542
0.303542
0.303542
0.303542
0.270104
0.270104
0.270104
0.270104
0.241667
0.241667
0.241667
0.241667
0.205174
0.205174
0.205174
0.205174
0.162812
0.162812
0.162812
0.162812
0.120104
0.120104
0.120104
0.120104
0.0853125
0.0853125
0.0853125
0.0853125
0.0473958
0.0473958
0.0473958
0.0473958
0.0298958
0.0298958
0.0298958
0.0298958
0.0276042
0.0276042
0.0276042
0.0276042
0.0246875
0.0246875
0.0246875
0.0246875
0.020625
0.020625
0.020625
0.020625
0.021875
0.021875
0.021875
0.021875
0.0235417
0.0235417
0.0235417
0.0235417
0.0245833
0.0245833
0.0245833
0.0245833
0.0248958
0.0248958
0.0248958
0.0248958
0.0239583
0.0239583
0.0239583
0.0239583
0.0248958
0.0248958
0.0248958
0.0248958
0.0255208
0.0255208
0.0255208
0.0255208
0.0301042
0.0301042
0.0301042
0.0301042
0.0301042
0.0301042
0.0301042
0.0301042
0.0302083
0.0302083
0.0302083
0.0302083
0.0305208
0.0305208
0.0305208
0.0305208
0.0303125
0.0303125
0.0303125
0.0303125
0.0315625
0.0315625
0.0315625
0.0315625
0.0380208
0.0380208
0.0380208
0.0380208
0.0377083
0.0377083
0.0377083
0.0377083
0.0358333
0.0358333
0.0358333
0.0358333
0.0337153
0.0337153
0.0337153
0.0337153
0.0338542
0.0338542
0.0338542
0.0338542
0.0319792
0.0319792
0.0319792
0.0319792
0.0319444
0.0319444
0.0319444
0.0319444
0.0345486
0.0345486
0.0345486
0.0345486
0.029375
0.029375
0.029375
0.029375
0.0277083
0.0277083
0.0277083
0.0277083
0.0326042
0.0326042
0.0326042
0.0326042
0.0390625
0.0390625
0.0390625
0.0390625
0.0432292
0.0432292
0.0432292
0.0432292
0.0398958
0.0398958
0.0398958
0.0398958
0.0407292
0.0407292
0.0407292
0.0407292
0.0697917
0.0697917
0.0697917
0.0697917
0.0771875
0.0771875
0.0771875
0.0771875
0.113333
0.113333
0.113333
0.113333
0.148333
0.148333
0.148333
0.148333
0.158438
0.158438
0.158438
0.158438
0.169375
0.169375
0.169375
0.169375
0.185069
0.185069
0.185069
0.185069
0.171458
0.171458
0.171458
0.171458
0.160382
0.160382
0.160382
0.160382
0.149896
0.149896
0.149896
0.149896
0.135104
0.135104
0.135104
0.135104
0.0984375
0.0984375
0.0984375
0.0984375
0.0960417
0.0960417
0.0960417
0.0960417
0.107396
0.107396
0.107396
0.107396
0.121563
0.121563
0.121563
0.121563
0.127604
0.127604
0.127604
0.127604
0.134271
0.134271
0.134271
0.134271
0.149792
0.149792
0.149792
0.149792
0.158542
0.158542
0.158542
0.158542
0.180104
0.180104
0.180104
0.180104
0.162188
0.162188
0.162188
0.162188
0.151667
0.151667
0.151667
0.151667
0.137361
0.137361
0.137361
0.137361
0.0955208
0.0955208
0.0955208
0.0955208
0.0653125
0.0653125
0.0653125
0.0653125
0.0505208
0.0505208
0.0505208
0.0505208
0.0445833
0.0445833
0.0445833
0.0445833
0.0405208
0.0405208
0.0405208
0.0405208
0.0447917
0.0447917
0.0447917
0.0447917
0.0517708
0.0517708
0.0517708
0.0517708
0.0542708
0.0542708
0.0542708
0.0542708
0.0567708
0.0567708
0.0567708
0.0567708
0.0885417
0.0885417
0.0885417
0.0885417
0.125312
0.125312
0.125312
0.125312
0.16125
0.16125
0.16125
0.16125
0.205625
0.205625
0.205625
0.205625
0.244062
0.244062
0.244062
0.244062
0.292604
0.292604
0.292604
0.292604
0.334583
0.334583
0.334583
0.334583
0.328646
0.328646
0.328646
0.328646
0.325417
0.325417
0.325417
0.325417
0.289271
0.289271
0.289271
0.289271
0.261562
0.261562
0.261562
0.261562
0.238021
0.238021
0.238021
0.238021
0.21934
0.21934
0.21934
0.21934
0.205764
0.205764
0.205764
0.205764
0.184271
0.184271
0.184271
0.184271
0.132812
0.132812
0.132812
0.132812
0.105972
0.105972
0.105972
0.105972
0.07375
0.07375
0.07375
0.07375
0.0454167
0.0454167
0.0454167
0.0454167
0.0141667
0.0141667
0.0141667
0.0141667
0.0170139
0.0170139
0.0170139
0.0170139
0.0214583
0.0214583
0.0214583
0.0214583
0.0233333
0.0233333
0.0233333
0.0233333
0.0214583
0.0214583
0.0214583
0.0214583
0.0214583
0.0214583
0.0214583
0.0214583
0.0217708
0.0217708
0.0217708
0.0217708
0.0186458
0.0186458
0.0186458
0.0186458
0.0189583
0.0189583
0.0189583
0.0189583
0.0198958
0.0198958
0.0198958
0.0198958
0.0202083
0.0202083
0.0202083
0.0202083
0.0196528
0.0196528
0.0196528
0.0196528
0.0195486
0.0195486
0.0195486
0.0195486
0.0195486
0.0195486
0.0195486
0.0195486
0.0195486
0.0195486
0.0195486
0.0195486
0.0216319
0.0216319
0.0216319
0.0216319
0.0246875
0.0246875
0.0246875
0.0246875
0.021875
0.021875
0.021875
0.021875
0.0220833
0.0220833
0.0220833
0.0220833
0.0220833
0.0220833
0.0220833
0.0220833
0.0219792
0.0219792
0.0219792
0.0219792
0.0219792
0.0219792
0.0219792
0.0219792
0.0219792
0.0219792
0.0219792
0.0219792
0.0191667
0.0191667
0.0191667
0.0191667
0.0248958
0.0248958
0.0248958
0.0248958
0.0255208
0.0255208
0.0255208
0.0255208
0.0247917
0.0247917
0.0247917
0.0247917
0.0219792
0.0219792
0.0219792
0.0219792
0.0223958
0.0223958
0.0223958
0.0223958
0.0220833
0.0220833
0.0220833
0.0220833
0.0219792
0.0219792
0.0219792
0.0219792
0.0195833
0.0195833
0.0195833
0.0195833
0.0194792
0.0194792
0.0194792
0.0194792
0.0194792
0.0194792
0.0194792
0.0194792
0.0515625
0.0515625
0.0515625
0.0515625
0.0786458
0.0786458
0.0786458
0.0786458
0.09125
0.09125
0.09125
0.09125
0.0955208
0.0955208
0.0955208
0.0955208
0.101562
0.101562
0.101562
0.101562
0.103333
0.103333
0.103333
0.103333
0.112812
0.112812
0.112812
0.112812
0.119688
0.119688
0.119688
0.119688
0.166458
0.166458
0.166458
0.166458
0.209063
0.209063
0.209063
0.209063
0.235417
0.235417
0.235417
0.235417
0.252708
0.252708
0.252708
0.252708
0.265833
0.265833
0.265833
0.265833
0.278438
0.278438
0.278438
0.278438
0.280417
0.280417
0.280417
0.280417
0.265729
0.265729
0.265729
0.265729
0.258333
0.258333
0.258333
0.258333
0.258229
0.258229
0.258229
0.258229
0.266458
0.266458
0.266458
0.266458
0.280729
0.280729
0.280729
0.280729
0.28375
0.28375
0.28375
0.28375
0.295069
0.295069
0.295069
0.295069
0.304688
0.304688
0.304688
0.304688
0.314792
0.314792
0.314792
0.314792
0.346354
0.346354
0.346354
0.346354
0.372604
0.372604
0.372604
0.372604
0.377431
0.377431
0.377431
0.377431
0.390729
0.390729
0.390729
0.390729
0.40191
0.40191
0.40191
0.40191
0.403542
0.403542
0.403542
0.403542
0.410208
0.410208
0.410208
0.410208
0.416632
0.416632
0.416632
0.416632
0.439896
0.439896
0.439896
0.439896
0.468333
0.468333
0.468333
0.468333
0.470313
0.470313
0.470313
0.470313
0.473299
0.473299
0.473299
0.473299
0.456562
0.456562
0.456562
0.456562
0.450208
0.450208
0.450208
0.450208
0.446458
0.446458
0.446458
0.446458
0.451667
0.451667
0.451667
0.451667
0.469375
0.469375
0.469375
0.469375
0.483125
0.483125
0.483125
0.483125
0.492917
0.492917
0.492917
0.492917
0.513125
0.513125
0.513125
0.513125
0.525417
0.525417
0.525417
0.525417
0.554896
0.554896
0.554896
0.554896
0.576146
0.576146
0.576146
0.576146
0.594375
0.594375
0.594375
0.594375
0.582604
0.582604
0.582604
0.582604
0.567917
0.567917
0.567917
0.567917
0.560521
0.560521
0.560521
0.560521
0.570799
0.570799
0.570799
0.570799
0.564688
0.564688
0.564688
0.564688
0.553368
0.553368
0.553368
0.553368
0.549514
0.549514
0.549514
0.549514
0.570208
0.570208
0.570208
0.570208
0.589063
0.589063
0.589063
0.589063
0.606215
0.606215
0.606215
0.606215
0.629896
0.629896
0.629896
0.629896
0.637083
0.637083
0.637083
0.637083
0.645451
0.645451
0.645451
0.645451
0.65934
0.65934
0.65934
0.65934
0.668056
0.668056
0.668056
0.668056
0.685625
0.685625
0.685625
0.685625
0.685104
0.685104
0.685104
0.685104
0.688125
0.688125
0.688125
0.688125
0.696042
0.696042
0.696042
0.696042
0.705937
0.705937
0.705937
0.705937
0.712153
0.712153
0.712153
0.712153
0.723229
0.723229
0.723229
0.723229
0.742604
0.742604
0.742604
0.742604
0.763854
0.763854
0.763854
0.763854
0.7625
0.7625
0.7625
0.7625
0.772083
0.772083
0.772083
0.772083
0.781875
0.781875
0.781875
0.781875
0.790312
0.790312
0.790312
0.790312
0.787917
0.787917
0.787917
0.787917
0.797917
0.797917
0.797917
0.797917
0.802917
0.802917
0.802917
0.802917
0.809271
0.809271
0.809271
0.809271
0.818646
0.818646
0.818646
0.818646
0.824896
0.824896
0.824896
0.824896
0.813229
0.813229
0.813229
0.813229
0.807604
0.807604
0.807604
0.807604
0.804896
0.804896
0.804896
0.804896
0.802708
0.802708
0.802708
0.802708
0.799375
0.799375
0.799375
0.799375
0.797708
0.797708
0.797708
0.797708
0.799792
0.799792
0.799792
0.799792
0.802847
0.802847
0.802847
0.802847
0.794375
0.794375
0.794375
0.794375
0.797604
0.797604
0.797604
0.797604
0.795312
0.795312
0.795312
0.795312
0.791875
0.791875
0.791875
0.791875
0.788333
0.788333
0.788333
0.788333
0.784167
0.784167
0.784167
0.784167
0.780937
0.780937
0.780937
0.780937
0.782604
0.782604
0.782604
0.782604
0.775208
0.775208
0.775208
0.775208
0.774479
0.774479
0.774479
0.774479
0.773854
0.773854
0.773854
0.773854
0.775729
0.775729
0.775729
0.775729
0.7775
0.7775
0.7775
0.7775
0.773611
0.773611
0.773611
0.773611
0.771319
0.771319
0.771319
0.771319
0.769271
0.769271
0.769271
0.769271
0.770729
0.770729
0.770729
0.770729
0.773229
0.773229
0.773229
0.773229
0.766979
0.766979
0.766979
0.766979
0.774097
0.774097
0.774097
0.774097
0.777188
0.777188
0.777188
0.777188
0.777708
0.777708
0.777708
0.777708
0.769375
0.769375
0.769375
0.769375
0.770104
0.770104
0.770104
0.770104
0.771563
0.771563
0.771563
0.771563
0.782708
0.782708
0.782708
0.782708
0.785069
0.785069
0.785069
0.785069
0.782396
0.782396
0.782396
0.782396
0.782535
0.782535
0.782535
0.782535
0.783785
