0.1125
0.1125
0.1125
0.1125
0.1125
0.1125
0.133021
0.133021
0.133021
0.133021
0.133021
0.133021
0.154826
0.154826
0.154826
0.154826
0.154826
0.154826
0.168507
0.168507
0.168507
0.168507
0.168507
0.168507
0.185278
0.185278
0.185278
0.185278
0.185278
0.185278
0.197049
0.197049
0.197049
0.197049
0.197049
0.197049
0.192882
0.192882
0.192882
0.192882
0.192882
0.192882
0.198437
0.198437
0.198437
0.198437
0.198437
0.198437
0.204479
0.204479
0.204479
0.204479
0.204479
0.204479
0.213229
0.213229
0.213229
0.213229
0.213229
0.213229
0.226667
0.226667
0.226667
0.226667
0.226667
0.226667
0.225833
0.225833
0.225833
0.225833
0.225833
0.225833
0.221354
0.221354
0.221354
0.221354
0.221354
0.221354
0.2275
0.2275
0.2275
0.2275
0.2275
0.2275
0.250208
0.250208
0.250208
0.250208
0.250208
0.250208
0.291042
0.291042
0.291042
0.291042
0.291042
0.291042
0.324965
0.324965
0.324965
0.324965
0.324965
0.324965
0.348403
0.348403
0.348403
0.348403
0.348403
0.348403
0.340799
0.340799
0.340799
0.340799
0.340799
0.340799
0.336528
0.336528
0.336528
0.336528
0.336528
0.336528
0.344271
0.344271
0.344271
0.344271
0.344271
0.344271
0.339826
0.339826
0.339826
0.339826
0.339826
0.339826
0.347604
0.347604
0.347604
0.347604
0.347604
0.347604
0.368333
0.368333
0.368333
0.368333
0.368333
0.368333
0.359479
0.359479
0.359479
0.359479
0.359479
0.359479
0.355556
0.355556
0.355556
0.355556
0.355556
0.355556
0.345
0.345
0.345
0.345
0.345
0.345
0.337187
0.337187
0.337187
0.337187
0.337187
0.337187
0.324167
0.324167
0.324167
0.324167
0.324167
0.324167
0.323437
0.323437
0.323437
0.323437
0.323437
0.323437
0.319167
0.319167
0.319167
0.319167
0.319167
0.319167
0.308854
0.308854
0.308854
0.308854
0.308854
0.308854
0.307917
0.307917
0.307917
0.307917
0.307917
0.307917
0.300833
0.300833
0.300833
0.300833
0.300833
0.300833
0.301667
0.301667
0.301667
0.301667
0.301667
0.301667
0.304271
0.304271
0.304271
0.304271
0.304271
0.304271
0.301875
0.301875
0.301875
0.301875
0.301875
0.301875
0.305104
0.305104
0.305104
0.305104
0.305104
0.305104
0.305625
0.305625
0.305625
0.305625
0.305625
0.305625
0.308021
0.308021
0.308021
0.308021
0.308021
0.308021
0.30625
0.30625
0.30625
0.30625
0.30625
0.30625
0.305
0.305
0.305
0.305
0.305
0.305
0.307188
0.307188
0.307188
0.307188
0.307188
0.307188
0.306667
0.306667
0.306667
0.306667
0.306667
0.306667
0.310417
0.310417
0.310417
0.310417
0.310417
0.310417
0.305833
0.305833
0.305833
0.305833
0.305833
0.305833
0.304722
0.304722
0.304722
0.304722
0.304722
0.304722
0.3225
0.3225
0.3225
0.3225
0.3225
0.3225
0.340833
0.340833
0.340833
0.340833
0.340833
0.340833
0.335729
0.335729
0.335729
0.335729
0.335729
0.335729
0.322292
0.322292
0.322292
0.322292
0.322292
0.322292
0.317188
0.317188
0.317188
0.317188
0.317188
0.317188
0.317812
0.317812
0.317812
0.317812
0.317812
0.317812
0.311146
0.311146
0.311146
0.311146
0.311146
0.311146
0.306667
0.306667
0.306667
0.306667
0.306667
0.306667
0.309063
0.309063
0.309063
0.309063
0.309063
0.309063
0.310625
0.310625
0.310625
0.310625
0.310625
0.310625
0.311979
0.311979
0.311979
0.311979
0.311979
0.311979
0.321528
0.321528
0.321528
0.321528
0.321528
0.321528
0.318507
0.318507
0.318507
0.318507
0.318507
0.318507
0.316979
0.316979
0.316979
0.316979
0.316979
0.316979
0.320625
0.320625
0.320625
0.320625
0.320625
0.320625
0.321354
0.321354
0.321354
0.321354
0.321354
0.321354
0.315417
0.315417
0.315417
0.315417
0.315417
0.315417
0.318229
0.318229
0.318229
0.318229
0.318229
0.318229
0.331458
0.331458
0.331458
0.331458
0.331458
0.331458
0.341354
0.341354
0.341354
0.341354
0.341354
0.341354
0.345104
0.345104
0.345104
0.345104
0.345104
0.345104
0.371458
0.371458
0.371458
0.371458
0.371458
0.371458
0.408958
0.408958
0.408958
0.408958
0.408958
0.408958
0.4275
0.4275
0.4275
0.4275
0.4275
0.4275
0.458125
0.458125
0.458125
0.458125
0.458125
0.458125
0.493889
0.493889
0.493889
0.493889
0.493889
0.493889
0.519549
0.519549
0.519549
0.519549
0.519549
0.519549
0.5525
0.5525
0.5525
0.5525
0.5525
0.5525
0.570486
0.570486
0.570486
0.570486
0.570486
0.570486
0.588993
0.588993
0.588993
0.588993
0.588993
0.588993
0.604653
0.604653
0.604653
0.604653
0.604653
0.604653
0.614444
0.614444
0.614444
0.614444
0.614444
0.614444
0.62559
0.62559
0.62559
0.62559
0.62559
0.62559
0.626215
0.626215
0.626215
0.626215
0.626215
0.626215
0.627361
0.627361
0.627361
0.627361
0.627361
0.627361
0.627222
0.627222
0.627222
0.627222
0.627222
0.627222
0.628889
0.628889
0.628889
0.628889
0.628889
0.628889
0.642222
0.642222
0.642222
0.642222
0.642222
0.642222
0.657361
0.657361
0.657361
0.657361
0.657361
0.657361
0.672222
0.672222
0.672222
0.672222
0.672222
0.672222
0.69625
0.69625
0.69625
0.69625
0.69625
0.69625
0.703889
0.703889
0.703889
0.703889
0.703889
0.703889
0.706979
0.706979
0.706979
0.706979
0.706979
0.706979
0.712986
0.712986
0.712986
0.712986
0.712986
0.712986
0.722361
0.722361
0.722361
0.722361
0.722361
0.722361
0.717847
0.717847
0.717847
0.717847
0.717847
0.717847
0.708611
0.708611
0.708611
0.708611
0.708611
0.708611
0.706632
0.706632
0.706632
0.706632
0.706632
0.706632
0.69934
0.69934
0.69934
0.69934
0.69934
0.69934
0.705486
0.705486
0.705486
0.705486
0.705486
0.705486
0.716007
0.716007
0.716007
0.716007
0.716007
0.716007
0.730417
0.730417
0.730417
0.730417
0.730417
0.730417
0.756771
0.756771
0.756771
0.756771
0.756771
0.756771
0.772222
0.772222
0.772222
0.772222
0.772222
0.772222
0.785556
0.785556
0.785556
0.785556
0.785556
0.785556
0.807292
0.807292
0.807292
0.807292
0.807292
0.807292
0.818125
0.818125
0.818125
0.818125
0.818125
0.818125
0.855
0.855
0.855
0.855
0.855
0.855
0.856319
0.856319
0.856319
0.856319
0.856319
0.856319
0.864479
0.864479
0.864479
0.864479
0.864479
0.864479
0.863229
0.863229
0.863229
0.863229
0.863229
0.863229
0.884792
0.884792
0.884792
0.884792
0.884792
0.884792
0.883333
0.883333
0.883333
0.883333
0.883333
0.883333
0.882292
0.882292
0.882292
0.882292
0.882292
0.882292
0.879792
0.879792
0.879792
0.879792
0.879792
0.879792
0.864375
0.864375
0.864375
0.864375
0.864375
0.864375
0.861979
0.861979
0.861979
0.861979
0.861979
0.861979
0.857917
0.857917
0.857917
0.857917
0.857917
0.857917
0.856458
0.856458
0.856458
0.856458
0.856458
0.856458
0.857187
0.857187
0.857187
0.857187
0.857187
0.857187
0.853021
0.853021
0.853021
0.853021
0.853021
0.853021
0.855521
0.855521
0.855521
0.855521
0.855521
0.855521
0.854375
0.854375
0.854375
0.854375
0.854375
0.854375
0.894861
0.894861
0.894861
0.894861
0.894861
0.894861
0.887465
0.887465
0.887465
0.887465
0.887465
0.887465
0.886944
0.886944
0.886944
0.886944
0.886944
0.886944
0.885694
0.885694
0.885694
0.885694
0.885694
0.885694
0.893507
0.893507
0.893507
0.893507
0.893507
0.893507
0.893715
0.893715
0.893715
0.893715
0.893715
0.893715
0.891736
0.891736
0.891736
0.891736
0.891736
0.891736
0.893194
0.893194
0.893194
0.893194
0.893194
0.893194
0.891424
0.891424
0.891424
0.891424
0.891424
0.891424
0.908021
0.908021
0.908021
0.908021
0.908021
0.908021
0.902882
0.902882
0.902882
0.902882
0.902882
0.902882
0.899132
0.899132
0.899132
0.899132
0.899132
0.899132
0.894444
0.894444
0.894444
0.894444
0.894444
0.894444
0.879861
0.879861
0.879861
0.879861
0.879861
0.879861
0.878715
0.878715
0.878715
0.878715
0.878715
0.878715
0.874965
0.874965
0.874965
0.874965
0.874965
0.874965
0.876528
0.876528
0.876528
0.876528
0.876528
0.876528
0.894514
0.894514
0.894514
0.894514
0.894514
0.894514
0.909375
0.909375
0.909375
0.909375
0.909375
0.909375
0.908854
0.908854
0.908854
0.908854
0.908854
0.908854
0.906111
0.906111
0.906111
0.906111
0.906111
0.906111
0.899687
0.899687
0.899687
0.899687
0.899687
0.899687
0.896458
0.896458
0.896458
0.896458
0.896458
0.896458
0.891736
0.891736
0.891736
0.891736
0.891736
0.891736
0.889201
0.889201
0.889201
0.889201
0.889201
0.889201
0.884375
0.884375
0.884375
0.884375
0.884375
0.884375
0.880313
0.880313
0.880313
0.880313
0.880313
0.880313
0.87691
0.87691
0.87691
0.87691
0.87691
0.87691
0.872917
0.872917
0.872917
0.872917
0.872917
0.872917
0.869792
0.869792
0.869792
0.869792
0.869792
0.869792
0.868125
0.868125
0.868125
0.868125
0.868125
0.868125
0.863229
0.863229
0.863229
0.863229
0.863229
0.863229
0.861875
0.861875
0.861875
0.861875
0.861875
0.861875
0.858021
0.858021
0.858021
0.858021
0.858021
0.858021
0.854479
0.854479
0.854479
0.854479
0.854479
0.854479
0.852674
0.852674
0.852674
0.852674
0.852674
0.852674
0.847569
0.847569
0.847569
0.847569
0.847569
0.847569
0.847257
0.847257
0.847257
0.847257
0.847257
0.847257
0.843299
0.843299
0.843299
0.843299
0.843299
0.843299
0.840903
0.840903
0.840903
0.840903
0.840903
0.840903
0.835382
0.835382
0.835382
0.835382
0.835382
0.835382
0.832882
0.832882
0.832882
0.832882
0.832882
0.832882
0.829028
0.829028
0.829028
0.829028
0.829028
0.829028
0.823299
0.823299
0.823299
0.823299
0.823299
0.823299
0.824028
0.824028
0.824028
0.824028
0.824028
0.824028
0.820278
0.820278
0.820278
0.820278
0.820278
0.820278
0.814132
0.814132
0.814132
0.814132
0.814132
0.814132
0.813194
0.813194
0.813194
0.813194
0.813194
0.813194
0.811944
0.811944
0.811944
0.811944
0.811944
0.811944
0.808299
0.808299
0.808299
0.808299
0.808299
0.808299
0.803438
0.803438
0.803438
0.803438
0.803438
0.803438
0.80375
0.80375
0.80375
0.80375
0.80375
0.80375
0.802813
0.802813
0.802813
0.802813
0.802813
0.802813
0.803958
0.803958
0.803958
0.803958
0.803958
0.803958
0.802083
0.802083
0.802083
0.802083
0.802083
0.802083
0.802604
0.802604
0.802604
0.802604
0.802604
0.802604
0.801944
0.801944
0.801944
0.801944
0.801944
0.801944
0.801042
0.801042
0.801042
0.801042
0.801042
0.801042
0.8025
0.8025
0.8025
0.8025
0.8025
0.8025
0.803021
0.803021
0.803021
0.803021
0.803021
0.803021
0.8025
0.8025
0.8025
0.8025
0.8025
0.8025
0.797292
0.797292
0.797292
0.797292
0.797292
0.797292
0.800208
0.800208
0.800208
0.800208
0.800208
0.800208
0.803194
0.803194
0.803194
0.803194
0.803194
0.803194
0.804167
0.804167
0.804167
0.804167
0.804167
0.804167
0.803438
0.803438
0.803438
0.803438
0.803438
0.803438
0.802292
0.802292
0.802292
0.802292
0.802292
0.802292
0.798576
0.798576
0.798576
0.798576
0.798576
0.798576
0.801562
0.801562
0.801562
0.801562
0.801562
0.801562
0.804375
0.804375
0.804375
0.804375
0.804375
0.804375
0.802604
0.802604
0.802604
0.802604
0.802604
0.802604
0.803368
0.803368
0.803368
0.803368
0.803368
0.803368
0.800347
0.800347
0.800347
0.800347
0.800347
0.800347
0.803993
0.803993
0.803993
0.803993
0.803993
0.803993
0.797535
0.797535
0.797535
0.797535
0.797535
0.797535
0.794687
0.794687
0.794687
0.794687
0.794687
0.794687
0.796562
0.796562
0.796562
0.796562
0.796562
0.796562
0.798021
0.798021
0.798021
0.798021
0.798021
0.798021
0.801458
0.801458
0.801458
0.801458
0.801458
0.801458
0.806146
0.806146
0.806146
0.806146
0.806146
0.806146
0.804653
0.804653
0.804653
0.804653
0.804653
0.804653
0.80625
0.80625
0.80625
0.80625
0.80625
0.80625
0.803472
0.803472
0.803472
0.803472
0.803472
0.803472
0.806979
0.806979
0.806979
0.806979
0.806979
0.806979
0.803264
0.803264
0.803264
0.803264
0.803264
0.803264
0.807882
0.807882
0.807882
0.807882
0.807882
0.807882
0.811667
0.811667
0.811667
0.811667
0.811667
0.811667
0.814583
0.814583
0.814583
0.814583
0.814583
0.814583
0.813438
0.813438
0.813438
0.813438
0.813438
0.813438
0.812396
0.812396
0.812396
0.812396
0.812396
0.812396
0.812604
0.812604
0.812604
0.812604
0.812604
0.812604
0.813854
0.813854
0.813854
0.813854
0.813854
0.813854
0.815764
0.815764
0.815764
0.815764
0.815764
0.815764
0.814514
0.814514
0.814514
0.814514
0.814514
0.814514
0.811146
0.811146
0.811146
0.811146
0.811146
0.811146
0.819688
0.819688
0.819688
0.819688
0.819688
0.819688
0.82
0.82
0.82
0.82
0.82
0.82
0.819688
0.819688
0.819688
0.819688
0.819688
0.819688
0.819792
0.819792
0.819792
0.819792
0.819792
0.819792
0.805521
0.805521
0.805521
0.805521
0.805521
0.805521
0.808646
0.808646
0.808646
0.808646
0.808646
0.808646
0.805556
0.805556
0.805556
0.805556
0.805556
0.805556
0.804861
0.804861
0.804861
0.804861
0.804861
0.804861
0.804444
0.804444
0.804444
0.804444
0.804444
0.804444
0.806771
0.806771
0.806771
0.806771
0.806771
0.806771
0.808993
0.808993
0.808993
0.808993
0.808993
0.808993
0.810625
0.810625
0.810625
0.810625
0.810625
0.810625
0.811458
0.811458
0.811458
0.811458
0.811458
0.811458
0.80625
0.80625
0.80625
0.80625
0.80625
0.80625
0.809167
0.809167
0.809167
0.809167
0.809167
0.809167
0.807396
0.807396
0.807396
0.807396
0.807396
0.807396
0.802361
0.802361
0.802361
0.802361
0.802361
0.802361
0.800243
0.800243
0.800243
0.800243
0.800243
0.800243
0.800312
0.800312
0.800312
0.800312
0.800312
0.800312
0.801632
0.801632
0.801632
0.801632
0.801632
0.801632
0.801042
0.801042
0.801042
0.801042
0.801042
0.801042
0.801875
0.801875
0.801875
0.801875
0.801875
0.801875
0.806528
0.806528
0.806528
0.806528
0.806528
0.806528
0.817187
0.817187
0.817187
0.817187
0.817187
0.817187
0.827917
0.827917
0.827917
0.827917
0.827917
0.827917
0.84066
0.84066
0.84066
0.84066
0.84066
0.84066
0.857396
0.857396
0.857396
0.857396
0.857396
0.857396
0.874062
0.874062
0.874062
0.874062
0.874062
0.874062
0.881667
0.881667
0.881667
0.881667
0.881667
0.881667
0.879583
0.879583
0.879583
0.879583
0.879583
0.879583
0.87
0.87
0.87
0.87
0.87
0.87
0.866389
0.866389
0.866389
0.866389
0.866389
0.866389
0.855417
0.855417
0.855417
0.855417
0.855417
0.855417
0.866771
0.866771
0.866771
0.866771
0.866771
0.866771
0.867465
0.867465
0.867465
0.867465
0.867465
0.867465
0.861528
0.861528
0.861528
0.861528
0.861528
0.861528
0.866354
0.866354
0.866354
0.866354
0.866354
0.866354
0.87559
0.87559
0.87559
0.87559
0.87559
0.87559
0.878507
0.878507
0.878507
0.878507
0.878507
0.878507
0.898924
0.898924
0.898924
0.898924
0.898924
0.898924
0.904132
0.904132
0.904132
0.904132
0.904132
0.904132
0.910278
0.910278
0.910278
0.910278
0.910278
0.910278
0.910278
0.910278
0.910278
0.910278
0.910278
0.910278
0.910174
0.910174
0.910174
0.910174
0.910174
0.910174
0.911319
0.911319
0.911319
0.911319
0.911319
0.911319
0.918299
0.918299
0.918299
0.918299
0.918299
0.918299
0.910382
0.910382
0.910382
0.910382
0.910382
0.910382
0.920382
0.920382
0.920382
0.920382
0.920382
0.920382
0.914549
0.914549
0.914549
0.914549
0.914549
0.914549
0.904549
0.904549
0.904549
0.904549
0.904549
0.904549
0.897153
0.897153
0.897153
0.897153
0.897153
0.897153
0.894132
0.894132
0.894132
0.894132
0.894132
0.894132
0.913194
0.913194
0.913194
0.913194
0.913194
0.913194
0.927569
0.927569
0.927569
0.927569
0.927569
0.927569
0.936424
0.936424
0.936424
0.936424
0.936424
0.936424
0.950694
0.950694
0.950694
0.950694
0.950694
0.950694
0.945486
0.945486
0.945486
0.945486
0.945486
0.945486
0.934861
0.934861
0.934861
0.934861
0.934861
0.934861
0.930382
0.930382
0.930382
0.930382
0.930382
0.930382
0.904167
0.904167
0.904167
0.904167
0.904167
0.904167
0.901736
0.901736
0.901736
0.901736
0.901736
0.901736
0.883299
0.883299
0.883299
0.883299
0.883299
0.883299
0.894306
0.894306
0.894306
0.894306
0.894306
0.894306
0.892882
0.892882
0.892882
0.892882
0.892882
0.892882
0.875799
0.875799
0.875799
0.875799
0.875799
0.875799
0.902569
0.902569
0.902569
0.902569
0.902569
0.902569
0.898681
0.898681
0.898681
0.898681
0.898681
0.898681
0.910417
0.910417
0.910417
0.910417
0.910417
0.910417
0.916215
0.916215
0.916215
0.916215
0.916215
0.916215
0.914965
0.914965
0.914965
0.914965
0.914965
0.914965
0.891042
0.891042
0.891042
0.891042
0.891042
0.891042
0.896424
0.896424
0.896424
0.896424
0.896424
0.896424
0.890278
0.890278
0.890278
0.890278
0.890278
0.890278
0.878299
0.878299
0.878299
0.878299
0.878299
0.878299
0.872986
0.872986
0.872986
0.872986
0.872986
0.872986
0.819236
0.819236
0.819236
0.819236
0.819236
0.819236
0.756528
0.756528
0.756528
0.756528
0.756528
0.756528
0.642674
0.642674
0.642674
0.642674
0.642674
0.642674
0.624965
0.624965
0.624965
0.624965
0.624965
0.624965
0.582049
0.582049
0.582049
0.582049
0.582049
0.582049
0.574861
0.574861
0.574861
0.574861
0.574861
0.574861
0.601111
0.601111
0.601111
0.601111
0.601111
0.601111
0.591111
0.591111
0.591111
0.591111
0.591111
0.591111
0.544549
0.544549
0.544549
0.544549
0.544549
0.544549
0.503194
0.503194
0.503194
0.503194
0.503194
0.503194
0.494965
0.494965
0.494965
0.494965
0.494965
0.494965
0.504965
0.504965
0.504965
0.504965
0.504965
0.504965
0.464549
0.464549
0.464549
0.464549
0.464549
0.464549
0.425278
0.425278
0.425278
0.425278
0.425278
0.425278
0.408438
0.408438
0.408438
0.408438
0.408438
0.408438
0.398715
0.398715
0.398715
0.398715
0.398715
0.398715
0.389757
0.389757
0.389757
0.389757
0.389757
0.389757
0.346319
0.346319
0.346319
0.346319
0.346319
0.346319
0.307882
0.307882
0.307882
0.307882
0.307882
0.307882
0.246111
0.246111
0.246111
0.246111
0.246111
0.246111
0.243229
0.243229
0.243229
0.243229
0.243229
0.243229
0.257118
0.257118
0.257118
0.257118
0.257118
0.257118
0.297257
0.297257
0.297257
0.297257
0.297257
0.297257
0.331944
0.331944
0.331944
0.331944
0.331944
0.331944
0.37934
0.37934
0.37934
0.37934
0.37934
0.37934
0.444236
0.444236
0.444236
0.444236
0.444236
0.444236
0.493403
0.493403
0.493403
0.493403
0.493403
0.493403
0.592674
0.592674
0.592674
0.592674
0.592674
0.592674
0.659792
0.659792
0.659792
0.659792
0.659792
0.659792
0.606354
0.606354
0.606354
0.606354
0.606354
0.606354
0.557778
0.557778
0.557778
0.557778
0.557778
0.557778
0.495174
0.495174
0.495174
0.495174
0.495174
0.495174
0.425486
0.425486
0.425486
0.425486
0.425486
0.425486
0.381007
0.381007
0.381007
0.381007
0.381007
0.381007
0.342674
0.342674
0.342674
0.342674
0.342674
0.342674
0.282361
0.282361
0.282361
0.282361
0.282361
0.282361
0.212361
0.212361
0.212361
0.212361
0.212361
0.212361
0.141354
0.141354
0.141354
0.141354
0.141354
0.141354
0.101562
0.101562
0.101562
0.101562
0.101562
0.101562
0.0757639
0.0757639
0.0757639
0.0757639
0.0757639
0.0757639
0.0757292
0.0757292
0.0757292
0.0757292
0.0757292
0.0757292
0.0745486
0.0745486
0.0745486
0.0745486
0.0745486
0.0745486
0.0731944
0.0731944
0.0731944
0.0731944
0.0731944
0.0731944
0.0756944
0.0756944
0.0756944
0.0756944
0.0756944
0.0756944
0.13934
0.13934
0.13934
0.13934
0.13934
0.13934
0.267882
0.267882
0.267882
0.267882
0.267882
0.267882
0.409757
0.409757
0.409757
0.409757
0.409757
0.409757
0.513507
0.513507
0.513507
0.513507
0.513507
0.513507
0.566771
0.566771
0.566771
0.566771
0.566771
0.566771
0.555382
0.555382
0.555382
0.555382
0.555382
0.555382
0.467569
0.467569
0.467569
0.467569
0.467569
0.467569
0.383715
0.383715
0.383715
0.383715
0.383715
0.383715
0.298611
0.298611
0.298611
0.298611
0.298611
0.298611
0.249653
0.249653
0.249653
0.249653
0.249653
0.249653
0.185278
0.185278
0.185278
0.185278
0.185278
0.185278
0.121806
0.121806
0.121806
0.121806
0.121806
0.121806
0.0779861
0.0779861
0.0779861
0.0779861
0.0779861
0.0779861
0.0678125
0.0678125
0.0678125
0.0678125
0.0678125
0.0678125
0.0660069
0.0660069
0.0660069
0.0660069
0.0660069
0.0660069
0.0622569
0.0622569
0.0622569
0.0622569
0.0622569
0.0622569
0.0792361
0.0792361
0.0792361
0.0792361
0.0792361
0.0792361
0.132153
0.132153
0.132153
0.132153
0.132153
0.132153
0.200486
0.200486
0.200486
0.200486
0.200486
0.200486
0.27309
0.27309
0.27309
0.27309
0.27309
0.27309
0.371319
0.371319
0.371319
0.371319
0.371319
0.371319
0.512396
0.512396
0.512396
0.512396
0.512396
0.512396
0.555625
0.555625
0.555625
0.555625
0.555625
0.555625
0.550417
0.550417
0.550417
0.550417
0.550417
0.550417
0.528611
0.528611
0.528611
0.528611
0.528611
0.528611
0.401736
0.401736
0.401736
0.401736
0.401736
0.401736
0.360486
0.360486
0.360486
0.360486
0.360486
0.360486
0.327257
0.327257
0.327257
0.327257
0.327257
0.327257
0.292083
0.292083
0.292083
0.292083
0.292083
0.292083
0.221146
0.221146
0.221146
0.221146
0.221146
0.221146
0.163958
0.163958
0.163958
0.163958
0.163958
0.163958
0.120139
0.120139
0.120139
0.120139
0.120139
0.120139
0.0798958
0.0798958
0.0798958
0.0798958
0.0798958
0.0798958
0.0634028
0.0634028
0.0634028
0.0634028
0.0634028
0.0634028
0.0518056
0.0518056
0.0518056
0.0518056
0.0518056
0.0518056
0.0516319
0.0516319
0.0516319
0.0516319
0.0516319
0.0516319
0.0504861
0.0504861
0.0504861
0.0504861
0.0504861
0.0504861
0.0501736
0.0501736
0.0501736
0.0501736
0.0501736
0.0501736
0.0498611
0.0498611
0.0498611
0.0498611
0.0498611
0.0498611
0.0496528
0.0496528
0.0496528
0.0496528
0.0496528
0.0496528
0.0488194
0.0488194
0.0488194
0.0488194
0.0488194
0.0488194
0.0495486
0.0495486
0.0495486
0.0495486
0.0495486
0.0495486
0.0488194
0.0488194
0.0488194
0.0488194
0.0488194
0.0488194
0.0495486
0.0495486
0.0495486
0.0495486
0.0495486
0.0495486
0.0682986
0.0682986
0.0682986
0.0682986
0.0682986
0.0682986
0.109896
0.109896
0.109896
0.109896
0.109896
0.109896
0.131042
0.131042
0.131042
0.131042
0.131042
0.131042
0.145729
0.145729
0.145729
0.145729
0.145729
0.145729
0.158438
0.158438
0.158438
0.158438
0.158438
0.158438
0.164375
0.164375
0.164375
0.164375
0.164375
0.164375
0.189167
0.189167
0.189167
0.189167
0.189167
0.189167
0.162188
0.162188
0.162188
0.162188
0.162188
0.162188
0.130382
0.130382
0.130382
0.130382
0.130382
0.130382
0.120313
0.120313
0.120313
0.120313
0.120313
0.120313
0.108854
0.108854
0.108854
0.108854
0.108854
0.108854
0.0930208
0.0930208
0.0930208
0.0930208
0.0930208
0.0930208
0.0753125
0.0753125
0.0753125
0.0753125
0.0753125
0.0753125
0.0579861
0.0579861
0.0579861
0.0579861
0.0579861
0.0579861
0.0528819
0.0528819
0.0528819
0.0528819
0.0528819
0.0528819
0.0517361
0.0517361
0.0517361
0.0517361
0.0517361
0.0517361
0.0563194
0.0563194
0.0563194
0.0563194
0.0563194
0.0563194
0.0599653
0.0599653
0.0599653
0.0599653
0.0599653
0.0599653
0.0579861
0.0579861
0.0579861
0.0579861
0.0579861
0.0579861
0.0503819
0.0503819
0.0503819
0.0503819
0.0503819
0.0503819
0.107604
0.107604
0.107604
0.107604
0.107604
0.107604
0.131667
0.131667
0.131667
0.131667
0.131667
0.131667
0.130312
0.130312
0.130312
0.130312
0.130312
0.130312
0.128958
0.128958
0.128958
0.128958
0.128958
0.128958
0.119132
0.119132
0.119132
0.119132
0.119132
0.119132
0.0809028
0.0809028
0.0809028
0.0809028
0.0809028
0.0809028
0.0467361
0.0467361
0.0467361
0.0467361
0.0467361
0.0467361
0.0419444
0.0419444
0.0419444
0.0419444
0.0419444
0.0419444
0.080625
0.080625
0.080625
0.080625
0.080625
0.080625
0.0851042
0.0851042
0.0851042
0.0851042
0.0851042
0.0851042
0.0909375
0.0909375
0.0909375
0.0909375
0.0909375
0.0909375
0.101667
0.101667
0.101667
0.101667
0.101667
0.101667
0.1
0.1
0.1
0.1
0.1
0.1
0.0678125
0.0678125
0.0678125
0.0678125
0.0678125
0.0678125
0.0485417
0.0485417
0.0485417
0.0485417
0.0485417
0.0485417
0.0403819
0.0403819
0.0403819
0.0403819
0.0403819
0.0403819
0.0486458
0.0486458
0.0486458
0.0486458
0.0486458
0.0486458
0.0566667
0.0566667
0.0566667
0.0566667
0.0566667
0.0566667
0.0630208
0.0630208
0.0630208
0.0630208
0.0630208
0.0630208
0.068125
0.068125
0.068125
0.068125
0.068125
0.068125
0.0660417
0.0660417
0.0660417
0.0660417
0.0660417
0.0660417
0.110417
0.110417
0.110417
0.110417
0.110417
0.110417
0.120208
0.120208
0.120208
0.120208
0.120208
0.120208
0.140035
0.140035
0.140035
0.140035
0.140035
0.140035
0.146563
0.146563
0.146563
0.146563
0.146563
0.146563
0.159583
0.159583
0.159583
0.159583
0.159583
0.159583
0.164271
0.164271
0.164271
0.164271
0.164271
0.164271
0.136042
0.136042
0.136042
0.136042
0.136042
0.136042
0.0860417
0.0860417
0.0860417
0.0860417
0.0860417
0.0860417
0.0486111
0.0486111
0.0486111
0.0486111
0.0486111
0.0486111
0.0248958
0.0248958
0.0248958
0.0248958
0.0248958
0.0248958
0.0260417
0.0260417
0.0260417
0.0260417
0.0260417
0.0260417
0.0254167
0.0254167
0.0254167
0.0254167
0.0254167
0.0254167
0.0286458
0.0286458
0.0286458
0.0286458
0.0286458
0.0286458
0.0283333
0.0283333
0.0283333
0.0283333
0.0283333
0.0283333
0.0286111
0.0286111
0.0286111
0.0286111
0.0286111
0.0286111
0.0261111
0.0261111
0.0261111
0.0261111
0.0261111
0.0261111
0.0288542
0.0288542
0.0288542
0.0288542
0.0288542
0.0288542
0.0261458
0.0261458
0.0261458
0.0261458
0.0261458
0.0261458
0.0261458
0.0261458
0.0261458
0.0261458
0.0261458
0.0261458
0.0611458
0.0611458
0.0611458
0.0611458
0.0611458
0.0611458
0.0782986
0.0782986
0.0782986
0.0782986
0.0782986
0.0782986
0.120833
0.120833
0.120833
0.120833
0.120833
0.120833
0.201667
0.201667
0.201667
0.201667
0.201667
0.201667
0.260313
0.260313
0.260313
0.260313
0.260313
0.260313
0.287917
0.287917
0.287917
0.287917
0.287917
0.287917
0.280313
0.280313
0.280313
0.280313
0.280313
0.280313
0.266597
0.266597
0.266597
0.266597
0.266597
0.266597
0.260868
0.260868
0.260868
0.260868
0.260868
0.260868
0.225521
0.225521
0.225521
0.225521
0.225521
0.225521
0.188542
0.188542
0.188542
0.188542
0.188542
0.188542
0.147708
0.147708
0.147708
0.147708
0.147708
0.147708
0.107813
0.107813
0.107813
0.107813
0.107813
0.107813
0.0786458
0.0786458
0.0786458
0.0786458
0.0786458
0.0786458
0.0853125
0.0853125
0.0853125
0.0853125
0.0853125
0.0853125
0.0884375
0.0884375
0.0884375
0.0884375
0.0884375
0.0884375
0.0882292
0.0882292
0.0882292
0.0882292
0.0882292
0.0882292
0.114062
0.114062
0.114062
0.114062
0.114062
0.114062
0.141563
0.141563
0.141563
0.141563
0.141563
0.141563
0.154896
0.154896
0.154896
0.154896
0.154896
0.154896
0.157708
0.157708
0.157708
0.157708
0.157708
0.157708
0.165937
0.165937
0.165937
0.165937
0.165937
0.165937
0.17309
0.17309
0.17309
0.17309
0.17309
0.17309
0.192083
0.192083
0.192083
0.192083
0.192083
0.192083
0.184896
0.184896
0.184896
0.184896
0.184896
0.184896
0.201042
0.201042
0.201042
0.201042
0.201042
0.201042
0.208542
0.208542
0.208542
0.208542
0.208542
0.208542
0.21684
0.21684
0.21684
0.21684
0.21684
0.21684
0.216632
0.216632
0.216632
0.216632
0.216632
0.216632
0.220312
0.220312
0.220312
0.220312
0.220312
0.220312
0.222396
0.222396
0.222396
0.222396
0.222396
0.222396
0.222396
0.222396
0.222396
0.222396
0.222396
0.222396
0.215833
0.215833
0.215833
0.215833
0.215833
0.215833
0.214306
0.214306
0.214306
0.214306
0.214306
0.214306
0.21316
0.21316
0.21316
0.21316
0.21316
0.21316
0.227187
0.227187
0.227187
0.227187
0.227187
0.227187
0.230625
0.230625
0.230625
0.230625
0.230625
0.230625
0.238229
0.238229
0.238229
0.238229
0.238229
0.238229
0.255417
0.255417
0.255417
0.255417
0.255417
0.255417
0.239167
0.239167
0.239167
0.239167
0.239167
0.239167
0.234792
0.234792
0.234792
0.234792
0.234792
0.234792
0.231458
0.231458
0.231458
0.231458
0.231458
0.231458
0.231806
0.231806
0.231806
0.231806
0.231806
0.231806
0.246042
0.246042
0.246042
0.246042
0.246042
0.246042
0.257812
0.257812
0.257812
0.257812
0.257812
0.257812
0.256875
0.256875
0.256875
0.256875
0.256875
0.256875
0.253021
0.253021
0.253021
0.253021
0.253021
0.253021
0.263576
0.263576
0.263576
0.263576
0.263576
0.263576
0.271215
0.271215
0.271215
0.271215
0.271215
0.271215
0.269479
0.269479
0.269479
0.269479
0.269479
0.269479
0.265903
0.265903
0.265903
0.265903
0.265903
0.265903
0.274861
0.274861
0.274861
0.274861
0.274861
0.274861
0.258854
0.258854
0.258854
0.258854
0.258854
0.258854
0.298229
0.298229
0.298229
0.298229
0.298229
0.298229
0.334444
0.334444
0.334444
0.334444
0.334444
0.334444
0.368125
0.368125
0.368125
0.368125
0.368125
0.368125
0.418542
0.418542
0.418542
0.418542
0.418542
0.418542
0.447917
0.447917
0.447917
0.447917
0.447917
0.447917
0.466979
0.466979
0.466979
0.466979
0.466979
0.466979
0.496458
0.496458
0.496458
0.496458
0.496458
0.496458
0.520729
0.520729
0.520729
0.520729
0.520729
0.520729
0.549479
0.549479
0.549479
0.549479
0.549479
0.549479
0.589653
0.589653
0.589653
0.589653
0.589653
0.589653
0.623681
0.623681
0.623681
0.623681
0.623681
0.623681
0.658438
0.658438
0.658438
0.658438
0.658438
0.658438
0.692257
0.692257
0.692257
0.692257
0.692257
0.692257
0.703611
0.703611
0.703611
0.703611
0.703611
0.703611
0.727569
0.727569
0.727569
0.727569
0.727569
0.727569
0.750486
0.750486
0.750486
0.750486
0.750486
0.750486
0.746319
0.746319
0.746319
0.746319
0.746319
0.746319
0.741528
0.741528
0.741528
0.741528
0.741528
0.741528
0.728715
0.728715
0.728715
0.728715
0.728715
0.728715
0.729861
0.729861
0.729861
0.729861
0.729861
0.729861
0.738403
0.738403
0.738403
0.738403
0.738403
0.738403
0.744965
0.744965
0.744965
0.744965
0.744965
0.744965
0.731424
0.731424
0.731424
0.731424
0.731424
0.731424
0.749132
0.749132
0.749132
0.749132
0.749132
0.749132
0.769514
0.769514
0.769514
0.769514
0.769514
0.769514
0.78434
0.78434
0.78434
0.78434
0.78434
0.78434
0.776528
0.776528
0.776528
0.776528
0.776528
0.776528
0.770799
0.770799
0.770799
0.770799
0.770799
0.770799
0.763264
0.763264
0.763264
0.763264
0.763264
0.763264
0.763611
0.763611
0.763611
0.763611
0.763611
0.763611
0.751424
0.751424
0.751424
0.751424
0.751424
0.751424
0.757465
0.757465
0.757465
0.757465
0.757465
0.757465
0.763819
0.763819
0.763819
0.763819
0.763819
0.763819
0.765972
0.765972
0.765972
0.765972
0.765972
0.765972
0.771597
0.771597
0.771597
0.771597
0.771597
0.771597
0.768819
0.768819
0.768819
0.768819
0.768819
0.768819
0.778611
0.778611
0.778611
0.778611
0.778611
0.778611
0.778611
0.778611
0.778611
0.778611
0.778611
0.778611
0.778542
0.778542
0.778542
0.778542
0.778542
0.778542
0.779687
0.779687
0.779687
0.779687
0.779687
0.779687
0.792014
0.792014
0.792014
0.792014
0.792014
0.792014
0.80059
0.80059
0.80059
0.80059
0.80059
0.80059
0.803681
0.803681
0.803681
0.803681
0.803681
0.803681
0.803576
0.803576
0.803576
0.803576
0.803576
0.803576
0.80434
0.80434
0.80434
0.80434
0.80434
0.80434
0.806111
0.806111
0.806111
0.806111
0.806111
0.806111
0.806944
0.806944
0.806944
0.806944
0.806944
0.806944
0.809132
0.809132
0.809132
0.809132
0.809132
0.809132
0.808299
0.808299
0.808299
0.808299
0.808299
0.808299
0.807882
0.807882
0.807882
0.807882
0.807882
0.807882
0.811146
0.811146
0.811146
0.811146
0.811146
0.811146
0.807465
0.807465
0.807465
0.807465
0.807465
0.807465
0.803403
0.803403
0.803403
0.803403
0.803403
0.803403
0.811736
0.811736
0.811736
0.811736
0.811736
0.811736
0.817361
0.817361
0.817361
0.817361
0.817361
0.817361
0.820694
0.820694
0.820694
0.820694
0.820694
0.820694
0.826736
0.826736
0.826736
0.826736
0.826736
0.826736
0.814722
0.814722
0.814722
0.814722
0.814722
0.814722
0.812361
0.812361
0.812361
0.812361
0.812361
0.812361
0.810694
0.810694
0.810694
0.810694
0.810694
0.810694
0.807257
0.807257
0.807257
0.807257
0.807257
0.807257
0.811944
0.811944
0.811944
0.811944
0.811944
0.811944
0.80941
0.80941
0.80941
0.80941
0.80941
0.80941
0.802986
0.802986
0.802986
0.802986
0.802986
0.802986
0.804132
0.804132
0.804132
0.804132
0.804132
0.804132
0.795799
0.795799
0.795799
0.795799
0.795799
0.795799
0.797257
0.797257
0.797257
0.797257
0.797257
0.797257
0.796146
0.796146
0.796146
0.796146
0.796146
0.796146
0.793229
0.793229
0.793229
0.793229
0.793229
0.793229
0.789549
0.789549
0.789549
0.789549
0.789549
0.789549
0.791111
0.791111
0.791111
0.791111
0.791111
0.791111
0.785799
0.785799
0.785799
0.785799
0.785799
0.785799
0.783924
0.783924
0.783924
0.783924
0.783924
0.783924
0.780799
0.780799
0.780799
0.780799
0.780799
0.780799
0.786944
0.786944
0.786944
0.786944
0.786944
0.786944
0.786007
0.786007
0.786007
0.786007
0.786007
0.786007
0.798924
0.798924
0.798924
0.798924
0.798924
0.798924
0.793819
0.793819
0.793819
0.793819
0.793819
0.793819
0.795069
0.795069
0.795069
0.795069
0.795069
0.795069
0.792153
0.792153
0.792153
0.792153
0.792153
0.792153
0.789653
0.789653
0.789653
0.789653
0.789653
0.789653
0.786528
0.786528
0.786528
0.786528
0.786528
0.786528
0.789062
0.789062
0.789062
0.789062
0.789062
0.789062
0.791007
0.791007
0.791007
0.791007
0.791007
0.791007
0.792569
0.792569
0.792569
0.792569
0.792569
0.792569
0.794687
0.794687
0.794687
0.794687
0.794687
0.794687
0.786215
0.786215
0.786215
0.786215
0.786215
0.786215
0.783958
0.783958
0.783958
0.783958
0.783958
0.783958
0.777188
0.777188
0.777188
0.777188
0.777188
0.777188
0.778299
0.778299
0.778299
0.778299
0.778299
0.778299
0.778507
0.778507
0.778507
0.778507
0.778507
0.778507
0.777986
0.777986
0.777986
0.777986
0.777986
0.777986
0.779653
0.779653
0.779653
0.779653
0.779653
0.779653
0.780278
0.780278
0.780278
0.780278
0.780278
0.780278
0.783611
0.783611
0.783611
0.783611
0.783611
0.783611
0.782292
0.782292
0.782292
0.782292
0.782292
0.782292
0.782778
0.782778
0.782778
0.782778
0.782778
0.782778
0.784896
0.784896
0.784896
0.784896
0.784896
0.784896
0.78309
0.78309
0.78309
0.78309
0.78309
0.78309
0.779687
0.779687
0.779687
0.779687
0.779687
0.779687
0.784896
0.784896
0.784896
0.784896
0.784896
0.784896
0.788021
0.788021
0.788021
0.788021
0.788021
0.788021
0.786458
0.786458
0.786458
0.786458
0.786458
0.786458
0.784167
0.784167
0.784167
0.784167
0.784167
0.784167
0.791458
0.791458
0.791458
0.791458
0.791458
0.791458
0.791562
0.791562
0.791562
0.791562
0.791562
0.791562
0.788611
0.788611
0.788611
0.788611
0.788611
0.788611
0.791562
0.791562
0.791562
0.791562
0.791562
0.791562
0.792396
0.792396
0.792396
0.792396
0.792396
0.792396
0.790417
0.790417
0.790417
0.790417
0.790417
0.790417
0.785347
0.785347
0.785347
0.785347
0.785347
0.785347
0.787813
0.787813
0.787813
0.787813
0.787813
0.787813
0.790208
0.790208
0.790208
0.790208
0.790208
0.790208
0.798611
0.798611
0.798611
0.798611
0.798611
0.798611
0.794167
0.794167
0.794167
0.794167
0.794167
0.794167
0.798229
0.798229
0.798229
0.798229
0.798229
0.798229
0.802604
0.802604
0.802604
0.802604
0.802604
0.802604
0.800312
0.800312
0.800312
0.800312
0.800312
0.800312
0.797361
0.797361
0.797361
0.797361
0.797361
0.797361
0.796875
0.796875
0.796875
0.796875
0.796875
0.796875
0.79375
0.79375
0.79375
0.79375
0.79375
0.79375
0.781563
0.781563
0.781563
0.781563
0.781563
0.781563
0.781771
0.781771
0.781771
0.781771
0.781771
0.781771
0.781979
0.781979
0.781979
0.781979
0.781979
0.781979
0.780278
0.780278
0.780278
0.780278
0.780278
0.780278
0.783299
0.783299
0.783299
0.783299
0.783299
0.783299
0.789965
0.789965
0.789965
0.789965
0.789965
0.789965
0.791528
0.791528
0.791528
0.791528
0.791528
0.791528
0.789583
0.789583
0.789583
0.789583
0.789583
0.789583
0.789375
0.789375
0.789375
0.789375
0.789375
0.789375
0.790382
0.790382
0.790382
0.790382
0.790382
0.790382
0.786319
0.786319
0.786319
0.786319
0.786319
0.786319
0.782569
0.782569
0.782569
0.782569
0.782569
0.782569
0.78434
0.78434
0.78434
0.78434
0.78434
0.78434
0.779097
0.779097
0.779097
0.779097
0.779097
0.779097
0.780174
0.780174
0.780174
0.780174
0.780174
0.780174
0.781007
0.781007
0.781007
0.781007
0.781007
0.781007
0.781424
0.781424
0.781424
0.781424
0.781424
0.781424
0.779965
0.779965
0.779965
0.779965
0.779965
0.779965
0.783125
0.783125
0.783125
0.783125
0.783125
0.783125
0.78559
0.78559
0.78559
0.78559
0.78559
0.78559
0.790278
0.790278
0.790278
0.790278
0.790278
0.790278
0.792257
0.792257
0.792257
0.792257
0.792257
0.792257
0.794653
0.794653
0.794653
0.794653
0.794653
0.794653
0.790729
0.790729
0.790729
0.790729
0.790729
0.790729
0.790937
0.790937
0.790937
0.790937
0.790937
0.790937
0.796632
0.796632
0.796632
0.796632
0.796632
0.796632
0.799687
0.799687
0.799687
0.799687
0.799687
0.799687
0.804444
0.804444
0.804444
0.804444
0.804444
0.804444
0.80934
0.80934
0.80934
0.80934
0.80934
0.80934
0.811319
0.811319
0.811319
0.811319
0.811319
0.811319
0.814549
0.814549
0.814549
0.814549
0.814549
0.814549
0.811111
0.811111
0.811111
0.811111
0.811111
0.811111
0.810694
0.810694
0.810694
0.810694
0.810694
0.810694
0.812986
0.812986
0.812986
0.812986
0.812986
0.812986
0.812292
0.812292
0.812292
0.812292
0.812292
0.812292
0.810556
0.810556
0.810556
0.810556
0.810556
0.810556
0.810104
0.810104
0.810104
0.810104
0.810104
0.810104
0.814965
0.814965
0.814965
0.814965
0.814965
0.814965
0.81566
0.81566
0.81566
0.81566
0.81566
0.81566
0.813924
0.813924
0.813924
0.813924
0.813924
0.813924
0.813819
0.813819
0.813819
0.813819
0.813819
0.813819
0.813819
0.813819
0.813819
0.813819
0.813819
0.813819
0.815104
0.815104
0.815104
0.815104
0.815104
0.815104
0.815312
0.815312
0.815312
0.815312
0.815312
0.815312
0.814236
0.814236
0.814236
0.814236
0.814236
0.814236
0.814757
0.814757
0.814757
0.814757
0.814757
0.814757
0.815104
0.815104
0.815104
0.815104
0.815104
0.815104
0.815312
0.815312
0.815312
0.815312
0.815312
0.815312
0.815625
0.815625
0.815625
0.815625
0.815625
0.815625
0.817187
0.817187
0.817187
0.817187
0.817187
0.817187
0.819965
0.819965
0.819965
0.819965
0.819965
0.819965
0.82059
0.82059
0.82059
0.82059
0.82059
0.82059
0.821944
0.821944
0.821944
0.821944
0.821944
0.821944
0.8225
0.8225
0.8225
0.8225
0.8225
0.8225
0.816146
0.816146
0.816146
0.816146
0.816146
0.816146
0.81625
0.81625
0.81625
0.81625
0.81625
0.81625
0.812708
0.812708
0.812708
0.812708
0.812708
0.812708
0.81375
0.81375
0.81375
0.81375
0.81375
0.81375
0.817708
0.817708
0.817708
0.817708
0.817708
0.817708
0.815521
0.815521
0.815521
0.815521
0.815521
0.815521
0.817986
0.817986
0.817986
0.817986
0.817986
0.817986
0.818854
0.818854
0.818854
0.818854
0.818854
0.818854
0.818125
0.818125
0.818125
0.818125
0.818125
0.818125
0.818958
0.818958
0.818958
0.818958
0.818958
0.818958
0.813646
0.813646
0.813646
0.813646
0.813646
0.813646
0.813438
0.813438
0.813438
0.813438
0.813438
0.813438
0.815694
0.815694
0.815694
0.815694
0.815694
0.815694
0.817917
0.817917
0.817917
0.817917
0.817917
0.817917
0.819583
0.819583
0.819583
0.819583
0.819583
0.819583
0.82191
0.82191
0.82191
0.82191
0.82191
0.82191
0.819167
0.819167
0.819167
0.819167
0.819167
0.819167
0.822604
0.822604
0.822604
0.822604
0.822604
0.822604
0.821771
0.821771
0.821771
0.821771
0.821771
0.821771
0.816667
0.816667
0.816667
0.816667
0.816667
0.816667
0.821458
0.821458
0.821458
0.821458
0.821458
0.821458
0.823229
0.823229
0.823229
0.823229
0.823229
0.823229
0.822431
0.822431
0.822431
0.822431
0.822431
0.822431
0.818507
0.818507
0.818507
0.818507
0.818507
0.818507
0.819375
0.819375
0.819375
0.819375
0.819375
0.819375
0.823438
0.823438
0.823438
0.823438
0.823438
0.823438
0.827187
0.827187
0.827187
0.827187
0.827187
0.827187
0.833333
0.833333
0.833333
0.833333
0.833333
0.833333
0.840104
0.840104
0.840104
0.840104
0.840104
0.840104
0.849375
0.849375
0.849375
0.849375
0.849375
0.849375
0.858646
0.858646
0.858646
0.858646
0.858646
0.858646
0.8625
0.8625
0.8625
0.8625
0.8625
0.8625
0.881424
0.881424
0.881424
0.881424
0.881424
0.881424
0.883437
0.883437
0.883437
0.883437
0.883437
0.883437
0.892396
0.892396
0.892396
0.892396
0.892396
0.892396
0.906458
0.906458
0.906458
0.906458
0.906458
0.906458
0.921458
0.921458
0.921458
0.921458
0.921458
0.921458
0.921632
0.921632
0.921632
0.921632
0.921632
0.921632
0.916944
0.916944
0.916944
0.916944
0.916944
0.916944
0.894896
0.894896
0.894896
0.894896
0.894896
0.894896
0.86559
0.86559
0.86559
0.86559
0.86559
0.86559
0.826875
0.826875
0.826875
0.826875
0.826875
0.826875
0.786146
0.786146
0.786146
0.786146
0.786146
0.786146
0.784757
0.784757
0.784757
0.784757
0.784757
0.784757
0.766458
0.766458
0.766458
0.766458
0.766458
0.766458
0.779444
0.779444
0.779444
0.779444
0.779444
0.779444
0.773924
0.773924
0.773924
0.773924
0.773924
0.773924
0.771146
0.771146
0.771146
0.771146
0.771146
0.771146
0.787188
0.787188
0.787188
0.787188
0.787188
0.787188
0.79684
0.79684
0.79684
0.79684
0.79684
0.79684
0.798229
0.798229
0.798229
0.798229
0.798229
0.798229
0.795069
0.795069
0.795069
0.795069
0.795069
0.795069
0.792917
0.792917
0.792917
0.792917
0.792917
0.792917
0.796042
0.796042
0.796042
0.796042
0.796042
0.796042
0.771146
0.771146
0.771146
0.771146
0.771146
0.771146
0.765417
0.765417
0.765417
0.765417
0.765417
0.765417
0.757465
0.757465
0.757465
0.757465
0.757465
0.757465
0.743229
0.743229
0.743229
0.743229
0.743229
0.743229
0.725243
0.725243
0.725243
0.725243
0.725243
0.725243
0.719583
0.719583
0.719583
0.719583
0.719583
0.719583
0.711528
0.711528
0.711528
0.711528
0.711528
0.711528
0.710486
0.710486
0.710486
0.710486
0.710486
0.710486
0.712361
0.712361
0.712361
0.712361
0.712361
0.712361
0.689167
0.689167
0.689167
0.689167
0.689167
0.689167
0.674132
0.674132
0.674132
0.674132
0.674132
0.674132
0.671979
0.671979
0.671979
0.671979
0.671979
0.671979
0.662604
0.662604
0.662604
0.662604
0.662604
0.662604
0.626667
0.626667
0.626667
0.626667
0.626667
0.626667
0.597812
0.597812
0.597812
0.597812
0.597812
0.597812
0.594167
0.594167
0.594167
0.594167
0.594167
0.594167
0.597049
0.597049
0.597049
0.597049
0.597049
0.597049
0.60809
0.60809
0.60809
0.60809
0.60809
0.60809
0.600833
0.600833
0.600833
0.600833
0.600833
0.600833
0.601319
0.601319
0.601319
0.601319
0.601319
0.601319
0.595938
0.595938
0.595938
0.595938
0.595938
0.595938
0.58125
0.58125
0.58125
0.58125
0.58125
0.58125
0.580833
0.580833
0.580833
0.580833
0.580833
0.580833
0.606215
0.606215
0.606215
0.606215
0.606215
0.606215
0.604028
0.604028
0.604028
0.604028
0.604028
0.604028
0.597465
0.597465
0.597465
0.597465
0.597465
0.597465
0.613924
0.613924
0.613924
0.613924
0.613924
0.613924
0.579861
0.579861
0.579861
0.579861
0.579861
0.579861
0.548611
0.548611
0.548611
0.548611
0.548611
0.548611
0.541111
0.541111
0.541111
0.541111
0.541111
0.541111
0.594618
0.594618
0.594618
0.594618
0.594618
0.594618
0.655937
0.655937
0.655937
0.655937
0.655937
0.655937
0.696736
0.696736
0.696736
0.696736
0.696736
0.696736
0.7175
0.7175
0.7175
0.7175
0.7175
0.7175
0.740347
0.740347
0.740347
0.740347
0.740347
0.740347
0.762396
0.762396
0.762396
0.762396
0.762396
0.762396
0.737569
0.737569
0.737569
0.737569
0.737569
0.737569
0.723125
0.723125
0.723125
0.723125
0.723125
0.723125
0.678958
0.678958
0.678958
0.678958
0.678958
0.678958
0.667465
0.667465
0.667465
0.667465
0.667465
0.667465
0.645799
0.645799
0.645799
0.645799
0.645799
0.645799
0.635486
0.635486
0.635486
0.635486
0.635486
0.635486
0.643403
0.643403
0.643403
0.643403
0.643403
0.643403
0.621181
0.621181
0.621181
0.621181
0.621181
0.621181
0.610035
0.610035
0.610035
0.610035
0.610035
0.610035
0.562604
0.562604
0.562604
0.562604
0.562604
0.562604
0.579063
0.579063
0.579063
0.579063
0.579063
0.579063
0.569722
0.569722
0.569722
0.569722
0.569722
0.569722
0.53816
0.53816
0.53816
0.53816
0.53816
0.53816
0.508056
0.508056
0.508056
0.508056
0.508056
0.508056
0.477083
0.477083
0.477083
0.477083
0.477083
0.477083
0.444167
0.444167
0.444167
0.444167
0.444167
0.444167
0.471528
0.471528
0.471528
0.471528
0.471528
0.471528
0.488333
0.488333
0.488333
0.488333
0.488333
0.488333
0.498958
0.498958
0.498958
0.498958
0.498958
0.498958
0.523472
0.523472
0.523472
0.523472
0.523472
0.523472
0.527708
0.527708
0.527708
0.527708
0.527708
0.527708
0.487396
0.487396
0.487396
0.487396
0.487396
0.487396
0.436806
0.436806
0.436806
0.436806
0.436806
0.436806
0.411806
0.411806
0.411806
0.411806
0.411806
0.411806
0.367708
0.367708
0.367708
0.367708
0.367708
0.367708
0.369549
0.369549
0.369549
0.369549
0.369549
0.369549
0.397083
0.397083
0.397083
0.397083
0.397083
0.397083
0.386944
0.386944
0.386944
0.386944
0.386944
0.386944
0.407187
0.407187
0.407187
0.407187
0.407187
0.407187
0.44375
0.44375
0.44375
0.44375
0.44375
0.44375
0.486563
0.486563
0.486563
0.486563
0.486563
0.486563
0.514965
0.514965
0.514965
0.514965
0.514965
0.514965
0.544236
0.544236
0.544236
0.544236
0.544236
0.544236
0.50625
0.50625
0.50625
0.50625
0.50625
0.50625
0.477292
0.477292
0.477292
0.477292
0.477292
0.477292
0.451146
0.451146
0.451146
0.451146
0.451146
0.451146
0.411562
0.411562
0.411562
0.411562
0.411562
0.411562
0.337674
0.337674
0.337674
0.337674
0.337674
0.337674
0.270104
0.270104
0.270104
0.270104
0.270104
0.270104
0.223438
0.223438
0.223438
0.223438
0.223438
0.223438
0.163125
0.163125
0.163125
0.163125
0.163125
0.163125
0.103958
0.103958
0.103958
0.103958
0.103958
0.103958
0.0473958
0.0473958
0.0473958
0.0473958
0.0473958
0.0473958
0.0278125
0.0278125
0.0278125
0.0278125
0.0278125
0.0278125
0.0246875
0.0246875
0.0246875
0.0246875
0.0246875
0.0246875
0.0215625
0.0215625
0.0215625
0.0215625
0.0215625
0.0215625
0.0235417
0.0235417
0.0235417
0.0235417
0.0235417
0.0235417
0.0245833
0.0245833
0.0245833
0.0245833
0.0245833
0.0245833
0.0239583
0.0239583
0.0239583
0.0239583
0.0239583
0.0239583
0.025
0.025
0.025
0.025
0.025
0.025
0.0301042
0.0301042
0.0301042
0.0301042
0.0301042
0.0301042
0.0294792
0.0294792
0.0294792
0.0294792
0.0294792
0.0294792
0.0305208
0.0305208
0.0305208
0.0305208
0.0305208
0.0305208
0.02875
0.02875
0.02875
0.02875
0.02875
0.02875
0.0380208
0.0380208
0.0380208
0.0380208
0.0380208
0.0380208
0.0358333
0.0358333
0.0358333
0.0358333
0.0358333
0.0358333
0.0336458
0.0336458
0.0336458
0.0336458
0.0336458
0.0336458
0.0328125
0.0328125
0.0328125
0.0328125
0.0328125
0.0328125
0.02875
0.02875
0.02875
0.02875
0.02875
0.02875
0.0294792
0.0294792
0.0294792
0.0294792
0.0294792
0.0294792
0.0277083
0.0277083
0.0277083
0.0277083
0.0277083
0.0277083
0.0364583
0.0364583
0.0364583
0.0364583
0.0364583
0.0364583
0.0432292
0.0432292
0.0432292
0.0432292
0.0432292
0.0432292
0.0355208
0.0355208
0.0355208
0.0355208
0.0355208
0.0355208
0.0697917
0.0697917
0.0697917
0.0697917
0.0697917
0.0697917
0.0916667
0.0916667
0.0916667
0.0916667
0.0916667
0.0916667
0.148333
0.148333
0.148333
0.148333
0.148333
0.148333
0.164236
0.164236
0.164236
0.164236
0.164236
0.164236
0.184896
0.184896
0.184896
0.184896
0.184896
0.184896
0.165069
0.165069
0.165069
0.165069
0.165069
0.165069
0.150069
0.150069
0.150069
0.150069
0.150069
0.150069
0.117569
0.117569
0.117569
0.117569
0.117569
0.117569
0.0960417
0.0960417
0.0960417
0.0960417
0.0960417
0.0960417
0.116875
0.116875
0.116875
0.116875
0.116875
0.116875
0.127604
0.127604
0.127604
0.127604
0.127604
0.127604
0.146146
0.146146
0.146146
0.146146
0.146146
0.146146
0.158542
0.158542
0.158542
0.158542
0.158542
0.158542
0.165937
0.165937
0.165937
0.165937
0.165937
0.165937
0.151667
0.151667
0.151667
0.151667
0.151667
0.151667
0.112187
0.112187
0.112187
0.112187
0.112187
0.112187
0.0653125
0.0653125
0.0653125
0.0653125
0.0653125
0.0653125
0.0485417
0.0485417
0.0485417
0.0485417
0.0485417
0.0485417
0.0405208
0.0405208
0.0405208
0.0405208
0.0405208
0.0405208
0.0498958
0.0498958
0.0498958
0.0498958
0.0498958
0.0498958
0.0542708
0.0542708
0.0542708
0.0542708
0.0542708
0.0542708
0.074375
0.074375
0.074375
0.074375
0.074375
0.074375
0.125312
0.125312
0.125312
0.125312
0.125312
0.125312
0.1875
0.1875
0.1875
0.1875
0.1875
0.1875
0.244097
0.244097
0.244097
0.244097
0.244097
0.244097
0.318542
0.318542
0.318542
0.318542
0.318542
0.318542
0.332049
0.332049
0.332049
0.332049
0.332049
0.332049
0.315729
0.315729
0.315729
0.315729
0.315729
0.315729
0.284549
0.284549
0.284549
0.284549
0.284549
0.284549
0.239965
0.239965
0.239965
0.239965
0.239965
0.239965
0.218299
0.218299
0.218299
0.218299
0.218299
0.218299
0.167361
0.167361
0.167361
0.167361
0.167361
0.167361
0.105972
0.105972
0.105972
0.105972
0.105972
0.105972
0.0590625
0.0590625
0.0590625
0.0590625
0.0590625
0.0590625
0.0141667
0.0141667
0.0141667
0.0141667
0.0141667
0.0141667
0.0171875
0.0171875
0.0171875
0.0171875
0.0171875
0.0171875
0.0233333
0.0233333
0.0233333
0.0233333
0.0233333
0.0233333
0.0214583
0.0214583
0.0214583
0.0214583
0.0214583
0.0214583
0.0217708
0.0217708
0.0217708
0.0217708
0.0217708
0.0217708
0.0186458
0.0186458
0.0186458
0.0186458
0.0186458
0.0186458
0.0198958
0.0198958
0.0198958
0.0198958
0.0198958
0.0198958
0.0195833
0.0195833
0.0195833
0.0195833
0.0195833
0.0195833
0.0194792
0.0194792
0.0194792
0.0194792
0.0194792
0.0194792
0.0194792
0.0194792
0.0194792
0.0194792
0.0194792
0.0194792
0.0215625
0.0215625
0.0215625
0.0215625
0.0215625
0.0215625
0.0246875
0.0246875
0.0246875
0.0246875
0.0246875
0.0246875
0.0217708
0.0217708
0.0217708
0.0217708
0.0217708
0.0217708
0.0217708
0.0217708
0.0217708
0.0217708
0.0217708
0.0217708
0.0219792
0.0219792
0.0219792
0.0219792
0.0219792
0.0219792
0.0191667
0.0191667
0.0191667
0.0191667
0.0191667
0.0191667
0.0248958
0.0248958
0.0248958
0.0248958
0.0248958
0.0248958
0.0252083
0.0252083
0.0252083
0.0252083
0.0252083
0.0252083
0.0219792
0.0219792
0.0219792
0.0219792
0.0219792
0.0219792
0.0195833
0.0195833
0.0195833
0.0195833
0.0195833
0.0195833
0.0219792
0.0219792
0.0219792
0.0219792
0.0219792
0.0219792
0.0194792
0.0194792
0.0194792
0.0194792
0.0194792
0.0194792
0.0194792
0.0194792
0.0194792
0.0194792
0.0194792
0.0194792
0.0665972
0.0665972
0.0665972
0.0665972
0.0665972
0.0665972
0.09125
0.09125
0.09125
0.09125
0.09125
0.09125
0.100833
0.100833
0.100833
0.100833
0.100833
0.100833
0.103333
0.103333
0.103333
0.103333
0.103333
0.103333
0.116667
0.116667
0.116667
0.116667
0.116667
0.116667
0.166458
0.166458
0.166458
0.166458
0.166458
0.166458
0.225938
0.225938
0.225938
0.225938
0.225938
0.225938
0.252708
0.252708
0.252708
0.252708
0.252708
0.252708
0.271701
0.271701
0.271701
0.271701
0.271701
0.271701
0.280417
0.280417
0.280417
0.280417
0.280417
0.280417
0.263715
0.263715
0.263715
0.263715
0.263715
0.263715
0.258229
0.258229
0.258229
0.258229
0.258229
0.258229
0.273125
0.273125
0.273125
0.273125
0.273125
0.273125
0.283785
0.283785
0.283785
0.283785
0.283785
0.283785
0.298229
0.298229
0.298229
0.298229
0.298229
0.298229
0.314792
0.314792
0.314792
0.314792
0.314792
0.314792
0.361458
0.361458
0.361458
0.361458
0.361458
0.361458
0.377396
0.377396
0.377396
0.377396
0.377396
0.377396
0.390313
0.390313
0.390313
0.390313
0.390313
0.390313
0.403542
0.403542
0.403542
0.403542
0.403542
0.403542
0.412465
0.412465
0.412465
0.412465
0.412465
0.412465
0.439896
0.439896
0.439896
0.439896
0.439896
0.439896
0.472951
0.472951
0.472951
0.472951
0.472951
0.472951
0.473264
0.473264
0.473264
0.473264
0.473264
0.473264
0.454688
0.454688
0.454688
0.454688
0.454688
0.454688
0.446458
0.446458
0.446458
0.446458
0.446458
0.446458
0.458854
0.458854
0.458854
0.458854
0.458854
0.458854
0.483125
0.483125
0.483125
0.483125
0.483125
0.483125
0.501111
0.501111
0.501111
0.501111
0.501111
0.501111
0.525417
0.525417
0.525417
0.525417
0.525417
0.525417
0.559063
0.559063
0.559063
0.559063
0.559063
0.559063
0.594375
0.594375
0.594375
0.594375
0.594375
0.594375
0.57684
0.57684
0.57684
0.57684
0.57684
0.57684
0.560521
0.560521
0.560521
0.560521
0.560521
0.560521
0.562396
0.562396
0.562396
0.562396
0.562396
0.562396
0.552951
0.552951
0.552951
0.552951
0.552951
0.552951
0.564063
0.564063
0.564063
0.564063
0.564063
0.564063
0.589063
0.589063
0.589063
0.589063
0.589063
0.589063
0.615417
0.615417
0.615417
0.615417
0.615417
0.615417
0.637083
0.637083
0.637083
0.637083
0.637083
0.637083
0.65
0.65
0.65
0.65
0.65
0.65
0.668021
0.668021
0.668021
0.668021
0.668021
0.668021
0.684271
0.684271
0.684271
0.684271
0.684271
0.684271
0.688194
0.688194
0.688194
0.688194
0.688194
0.688194
0.696458
0.696458
0.696458
0.696458
0.696458
0.696458
0.712083
0.712083
0.712083
0.712083
0.712083
0.712083
0.734479
0.734479
0.734479
0.734479
0.734479
0.734479
0.763854
0.763854
0.763854
0.763854
0.763854
0.763854
0.763437
0.763437
0.763437
0.763437
0.763437
0.763437
0.781875
0.781875
0.781875
0.781875
0.781875
0.781875
0.789896
0.789896
0.789896
0.789896
0.789896
0.789896
0.797917
0.797917
0.797917
0.797917
0.797917
0.797917
0.804792
0.804792
0.804792
0.804792
0.804792
0.804792
0.818785
0.818785
0.818785
0.818785
0.818785
0.818785
0.821562
0.821562
0.821562
0.821562
0.821562
0.821562
0.807604
0.807604
0.807604
0.807604
0.807604
0.807604
0.805312
0.805312
0.805312
0.805312
0.805312
0.805312
0.799375
0.799375
0.799375
0.799375
0.799375
0.799375
0.797083
0.797083
0.797083
0.797083
0.797083
0.797083
0.802847
0.802847
0.802847
0.802847
0.802847
0.802847
0.797083
0.797083
0.797083
0.797083
0.797083
0.797083
0.795312
0.795312
0.795312
0.795312
0.795312
0.795312
0.791667
0.791667
0.791667
0.791667
0.791667
0.791667
0.784167
0.784167
0.784167
0.784167
0.784167
0.784167
0.778438
0.778438
0.778438
0.778438
0.778438
0.778438
0.775208
0.775208
0.775208
0.775208
0.775208
0.775208
0.773958
0.773958
0.773958
0.773958
0.773958
0.773958
0.775729
0.775729
0.775729
0.775729
0.775729
0.775729
0.779201
0.779201
0.779201
0.779201
0.779201
0.779201
0.77125
0.77125
0.77125
0.77125
0.77125
0.77125
0.769687
0.769687
0.769687
0.769687
0.769687
0.769687
0.773229
0.773229
0.773229
0.773229
0.773229
0.773229
0.768333
0.768333
0.768333
0.768333
0.768333
0.768333
0.777188
0.777188
0.777188
0.777188
0.777188
0.777188
0.773229
0.773229
0.773229
0.773229
0.773229
0.773229
0.770104
0.770104
0.770104
0.770104
0.770104
0.770104
0.772813
0.772813
0.772813
0.772813
0.772813
0.772813
0.782917
0.782917
0.782917
0.782917
0.782917
0.782917
0.782743
0.782743
0.782743
0.782743
0.782743
0.782743
0.784826
