0.1125
0.1125
0.1125
0.1125
0.1125
0.1125
0.1125
0.1125
0.140729
0.140729
0.140729
0.140729
0.140729
0.140729
0.140729
0.140729
0.166875
0.166875
0.166875
0.166875
0.166875
0.166875
0.166875
0.166875
0.187257
0.187257
0.187257
0.187257
0.187257
0.187257
0.187257
0.187257
0.199271
0.199271
0.199271
0.199271
0.199271
0.199271
0.199271
0.199271
0.197813
0.197813
0.197813
0.197813
0.197813
0.197813
0.197813
0.197813
0.204479
0.204479
0.204479
0.204479
0.204479
0.204479
0.204479
0.204479
0.218333
0.218333
0.218333
0.218333
0.218333
0.218333
0.218333
0.218333
0.228437
0.228437
0.228437
0.228437
0.228437
0.228437
0.228437
0.228437
0.221354
0.221354
0.221354
0.221354
0.221354
0.221354
0.221354
0.221354
0.228437
0.228437
0.228437
0.228437
0.228437
0.228437
0.228437
0.228437
0.284375
0.284375
0.284375
0.284375
0.284375
0.284375
0.284375
0.284375
0.329271
0.329271
0.329271
0.329271
0.329271
0.329271
0.329271
0.329271
0.355104
0.355104
0.355104
0.355104
0.355104
0.355104
0.355104
0.355104
0.342604
0.342604
0.342604
0.342604
0.342604
0.342604
0.342604
0.342604
0.344271
0.344271
0.344271
0.344271
0.344271
0.344271
0.344271
0.344271
0.341667
0.341667
0.341667
0.341667
0.341667
0.341667
0.341667
0.341667
0.358264
0.358264
0.358264
0.358264
0.358264
0.358264
0.358264
0.358264
0.359514
0.359514
0.359514
0.359514
0.359514
0.359514
0.359514
0.359514
0.352569
0.352569
0.352569
0.352569
0.352569
0.352569
0.352569
0.352569
0.338958
0.338958
0.338958
0.338958
0.338958
0.338958
0.338958
0.338958
0.324167
0.324167
0.324167
0.324167
0.324167
0.324167
0.324167
0.324167
0.319167
0.319167
0.319167
0.319167
0.319167
0.319167
0.319167
0.319167
0.313021
0.313021
0.313021
0.313021
0.313021
0.313021
0.313021
0.313021
0.307812
0.307812
0.307812
0.307812
0.307812
0.307812
0.307812
0.307812
0.303021
0.303021
0.303021
0.303021
0.303021
0.303021
0.303021
0.303021
0.304618
0.304618
0.304618
0.304618
0.304618
0.304618
0.304618
0.304618
0.301771
0.301771
0.301771
0.301771
0.301771
0.301771
0.301771
0.301771
0.307188
0.307188
0.307188
0.307188
0.307188
0.307188
0.307188
0.307188
0.310417
0.310417
0.310417
0.310417
0.310417
0.310417
0.310417
0.310417
0.30625
0.30625
0.30625
0.30625
0.30625
0.30625
0.30625
0.30625
0.311424
0.311424
0.311424
0.311424
0.311424
0.311424
0.311424
0.311424
0.305833
0.305833
0.305833
0.305833
0.305833
0.305833
0.305833
0.305833
0.310417
0.310417
0.310417
0.310417
0.310417
0.310417
0.310417
0.310417
0.306458
0.306458
0.306458
0.306458
0.306458
0.306458
0.306458
0.306458
0.316806
0.316806
0.316806
0.316806
0.316806
0.316806
0.316806
0.316806
0.340833
0.340833
0.340833
0.340833
0.340833
0.340833
0.340833
0.340833
0.3325
0.3325
0.3325
0.3325
0.3325
0.3325
0.3325
0.3325
0.316146
0.316146
0.316146
0.316146
0.316146
0.316146
0.316146
0.316146
0.317812
0.317812
0.317812
0.317812
0.317812
0.317812
0.317812
0.317812
0.308125
0.308125
0.308125
0.308125
0.308125
0.308125
0.308125
0.308125
0.30625
0.30625
0.30625
0.30625
0.30625
0.30625
0.30625
0.30625
0.309167
0.309167
0.309167
0.309167
0.309167
0.309167
0.309167
0.309167
0.315556
0.315556
0.315556
0.315556
0.315556
0.315556
0.315556
0.315556
0.319167
0.319167
0.319167
0.319167
0.319167
0.319167
0.319167
0.319167
0.316979
0.316979
0.316979
0.316979
0.316979
0.316979
0.316979
0.316979
0.318958
0.318958
0.318958
0.318958
0.318958
0.318958
0.318958
0.318958
0.317188
0.317188
0.317188
0.317188
0.317188
0.317188
0.317188
0.317188
0.318229
0.318229
0.318229
0.318229
0.318229
0.318229
0.318229
0.318229
0.332778
0.332778
0.332778
0.332778
0.332778
0.332778
0.332778
0.332778
0.342917
0.342917
0.342917
0.342917
0.342917
0.342917
0.342917
0.342917
0.371458
0.371458
0.371458
0.371458
0.371458
0.371458
0.371458
0.371458
0.414062
0.414062
0.414062
0.414062
0.414062
0.414062
0.414062
0.414062
0.44875
0.44875
0.44875
0.44875
0.44875
0.44875
0.44875
0.44875
0.504792
0.504792
0.504792
0.504792
0.504792
0.504792
0.504792
0.504792
0.543229
0.543229
0.543229
0.543229
0.543229
0.543229
0.543229
0.543229
0.580451
0.580451
0.580451
0.580451
0.580451
0.580451
0.580451
0.580451
0.605417
0.605417
0.605417
0.605417
0.605417
0.605417
0.605417
0.605417
0.627396
0.627396
0.627396
0.627396
0.627396
0.627396
0.627396
0.627396
0.641667
0.641667
0.641667
0.641667
0.641667
0.641667
0.641667
0.641667
0.643437
0.643437
0.643437
0.643437
0.643437
0.643437
0.643437
0.643437
0.645625
0.645625
0.645625
0.645625
0.645625
0.645625
0.645625
0.645625
0.647708
0.647708
0.647708
0.647708
0.647708
0.647708
0.647708
0.647708
0.660243
0.660243
0.660243
0.660243
0.660243
0.660243
0.660243
0.660243
0.680417
0.680417
0.680417
0.680417
0.680417
0.680417
0.680417
0.680417
0.706979
0.706979
0.706979
0.706979
0.706979
0.706979
0.706979
0.706979
0.722083
0.722083
0.722083
0.722083
0.722083
0.722083
0.722083
0.722083
0.723958
0.723958
0.723958
0.723958
0.723958
0.723958
0.723958
0.723958
0.747292
0.747292
0.747292
0.747292
0.747292
0.747292
0.747292
0.747292
0.739896
0.739896
0.739896
0.739896
0.739896
0.739896
0.739896
0.739896
0.731875
0.731875
0.731875
0.731875
0.731875
0.731875
0.731875
0.731875
0.730486
0.730486
0.730486
0.730486
0.730486
0.730486
0.730486
0.730486
0.727292
0.727292
0.727292
0.727292
0.727292
0.727292
0.727292
0.727292
0.742396
0.742396
0.742396
0.742396
0.742396
0.742396
0.742396
0.742396
0.763333
0.763333
0.763333
0.763333
0.763333
0.763333
0.763333
0.763333
0.79875
0.79875
0.79875
0.79875
0.79875
0.79875
0.79875
0.79875
0.823542
0.823542
0.823542
0.823542
0.823542
0.823542
0.823542
0.823542
0.852187
0.852187
0.852187
0.852187
0.852187
0.852187
0.852187
0.852187
0.895278
0.895278
0.895278
0.895278
0.895278
0.895278
0.895278
0.895278
0.90059
0.90059
0.90059
0.90059
0.90059
0.90059
0.90059
0.90059
0.90309
0.90309
0.90309
0.90309
0.90309
0.90309
0.90309
0.90309
0.934583
0.934583
0.934583
0.934583
0.934583
0.934583
0.934583
0.934583
0.93
0.93
0.93
0.93
0.93
0.93
0.93
0.93
0.929375
0.929375
0.929375
0.929375
0.929375
0.929375
0.929375
0.929375
0.917569
0.917569
0.917569
0.917569
0.917569
0.917569
0.917569
0.917569
0.909965
0.909965
0.909965
0.909965
0.909965
0.909965
0.909965
0.909965
0.907569
0.907569
0.907569
0.907569
0.907569
0.907569
0.907569
0.907569
0.916007
0.916007
0.916007
0.916007
0.916007
0.916007
0.916007
0.916007
0.910868
0.910868
0.910868
0.910868
0.910868
0.910868
0.910868
0.910868
0.912917
0.912917
0.912917
0.912917
0.912917
0.912917
0.912917
0.912917
0.945799
0.945799
0.945799
0.945799
0.945799
0.945799
0.945799
0.945799
0.94125
0.94125
0.94125
0.94125
0.94125
0.94125
0.94125
0.94125
0.941771
0.941771
0.941771
0.941771
0.941771
0.941771
0.941771
0.941771
0.947257
0.947257
0.947257
0.947257
0.947257
0.947257
0.947257
0.947257
0.951944
0.951944
0.951944
0.951944
0.951944
0.951944
0.951944
0.951944
0.95309
0.95309
0.95309
0.95309
0.95309
0.95309
0.95309
0.95309
0.95375
0.95375
0.95375
0.95375
0.95375
0.95375
0.95375
0.95375
0.966354
0.966354
0.966354
0.966354
0.966354
0.966354
0.966354
0.966354
0.963646
0.963646
0.963646
0.963646
0.963646
0.963646
0.963646
0.963646
0.961146
0.961146
0.961146
0.961146
0.961146
0.961146
0.961146
0.961146
0.946875
0.946875
0.946875
0.946875
0.946875
0.946875
0.946875
0.946875
0.943924
0.943924
0.943924
0.943924
0.943924
0.943924
0.943924
0.943924
0.946771
0.946771
0.946771
0.946771
0.946771
0.946771
0.946771
0.946771
0.971562
0.971562
0.971562
0.971562
0.971562
0.971562
0.971562
0.971562
0.979167
0.979167
0.979167
0.979167
0.979167
0.979167
0.979167
0.979167
0.976979
0.976979
0.976979
0.976979
0.976979
0.976979
0.976979
0.976979
0.976979
0.976979
0.976979
0.976979
0.976979
0.976979
0.976979
0.976979
0.974896
0.974896
0.974896
0.974896
0.974896
0.974896
0.974896
0.974896
0.974167
0.974167
0.974167
0.974167
0.974167
0.974167
0.974167
0.974167
0.974375
0.974375
0.974375
0.974375
0.974375
0.974375
0.974375
0.974375
0.975417
0.975417
0.975417
0.975417
0.975417
0.975417
0.975417
0.975417
0.972708
0.972708
0.972708
0.972708
0.972708
0.972708
0.972708
0.972708
0.969792
0.969792
0.969792
0.969792
0.969792
0.969792
0.969792
0.969792
0.968021
0.968021
0.968021
0.968021
0.968021
0.968021
0.968021
0.968021
0.965938
0.965938
0.965938
0.965938
0.965938
0.965938
0.965938
0.965938
0.965417
0.965417
0.965417
0.965417
0.965417
0.965417
0.965417
0.965417
0.964688
0.964688
0.964688
0.964688
0.964688
0.964688
0.964688
0.964688
0.963854
0.963854
0.963854
0.963854
0.963854
0.963854
0.963854
0.963854
0.964583
0.964583
0.964583
0.964583
0.964583
0.964583
0.964583
0.964583
0.96125
0.96125
0.96125
0.96125
0.96125
0.96125
0.96125
0.96125
0.9575
0.9575
0.9575
0.9575
0.9575
0.9575
0.9575
0.9575
0.958438
0.958438
0.958438
0.958438
0.958438
0.958438
0.958438
0.958438
0.957396
0.957396
0.957396
0.957396
0.957396
0.957396
0.957396
0.957396
0.954792
0.954792
0.954792
0.954792
0.954792
0.954792
0.954792
0.954792
0.953333
0.953333
0.953333
0.953333
0.953333
0.953333
0.953333
0.953333
0.947187
0.947187
0.947187
0.947187
0.947187
0.947187
0.947187
0.947187
0.945
0.945
0.945
0.945
0.945
0.945
0.945
0.945
0.940382
0.940382
0.940382
0.940382
0.940382
0.940382
0.940382
0.940382
0.93684
0.93684
0.93684
0.93684
0.93684
0.93684
0.93684
0.93684
0.933819
0.933819
0.933819
0.933819
0.933819
0.933819
0.933819
0.933819
0.932049
0.932049
0.932049
0.932049
0.932049
0.932049
0.932049
0.932049
0.926424
0.926424
0.926424
0.926424
0.926424
0.926424
0.926424
0.926424
0.919965
0.919965
0.919965
0.919965
0.919965
0.919965
0.919965
0.919965
0.918958
0.918958
0.918958
0.918958
0.918958
0.918958
0.918958
0.918958
0.914687
0.914687
0.914687
0.914687
0.914687
0.914687
0.914687
0.914687
0.911979
0.911979
0.911979
0.911979
0.911979
0.911979
0.911979
0.911979
0.912396
0.912396
0.912396
0.912396
0.912396
0.912396
0.912396
0.912396
0.906667
0.906667
0.906667
0.906667
0.906667
0.906667
0.906667
0.906667
0.901563
0.901563
0.901563
0.901563
0.901563
0.901563
0.901563
0.901563
0.899167
0.899167
0.899167
0.899167
0.899167
0.899167
0.899167
0.899167
0.889583
0.889583
0.889583
0.889583
0.889583
0.889583
0.889583
0.889583
0.885729
0.885729
0.885729
0.885729
0.885729
0.885729
0.885729
0.885729
0.891042
0.891042
0.891042
0.891042
0.891042
0.891042
0.891042
0.891042
0.880208
0.880208
0.880208
0.880208
0.880208
0.880208
0.880208
0.880208
0.871042
0.871042
0.871042
0.871042
0.871042
0.871042
0.871042
0.871042
0.867917
0.867917
0.867917
0.867917
0.867917
0.867917
0.867917
0.867917
0.860972
0.860972
0.860972
0.860972
0.860972
0.860972
0.860972
0.860972
0.854931
0.854931
0.854931
0.854931
0.854931
0.854931
0.854931
0.854931
0.848368
0.848368
0.848368
0.848368
0.848368
0.848368
0.848368
0.848368
0.847743
0.847743
0.847743
0.847743
0.847743
0.847743
0.847743
0.847743
0.838264
0.838264
0.838264
0.838264
0.838264
0.838264
0.838264
0.838264
0.829826
0.829826
0.829826
0.829826
0.829826
0.829826
0.829826
0.829826
0.820139
0.820139
0.820139
0.820139
0.820139
0.820139
0.820139
0.820139
0.815035
0.815035
0.815035
0.815035
0.815035
0.815035
0.815035
0.815035
0.810556
0.810556
0.810556
0.810556
0.810556
0.810556
0.810556
0.810556
0.813958
0.813958
0.813958
0.813958
0.813958
0.813958
0.813958
0.813958
0.813507
0.813507
0.813507
0.813507
0.813507
0.813507
0.813507
0.813507
0.816458
0.816458
0.816458
0.816458
0.816458
0.816458
0.816458
0.816458
0.813333
0.813333
0.813333
0.813333
0.813333
0.813333
0.813333
0.813333
0.815833
0.815833
0.815833
0.815833
0.815833
0.815833
0.815833
0.815833
0.812187
0.812187
0.812187
0.812187
0.812187
0.812187
0.812187
0.812187
0.817292
0.817292
0.817292
0.817292
0.817292
0.817292
0.817292
0.817292
0.82
0.82
0.82
0.82
0.82
0.82
0.82
0.82
0.820208
0.820208
0.820208
0.820208
0.820208
0.820208
0.820208
0.820208
0.806771
0.806771
0.806771
0.806771
0.806771
0.806771
0.806771
0.806771
0.808681
0.808681
0.808681
0.808681
0.808681
0.808681
0.808681
0.808681
0.801979
0.801979
0.801979
0.801979
0.801979
0.801979
0.801979
0.801979
0.803229
0.803229
0.803229
0.803229
0.803229
0.803229
0.803229
0.803229
0.806771
0.806771
0.806771
0.806771
0.806771
0.806771
0.806771
0.806771
0.812813
0.812813
0.812813
0.812813
0.812813
0.812813
0.812813
0.812813
0.808021
0.808021
0.808021
0.808021
0.808021
0.808021
0.808021
0.808021
0.80625
0.80625
0.80625
0.80625
0.80625
0.80625
0.80625
0.80625
0.809063
0.809063
0.809063
0.809063
0.809063
0.809063
0.809063
0.809063
0.807187
0.807187
0.807187
0.807187
0.807187
0.807187
0.807187
0.807187
0.800208
0.800208
0.800208
0.800208
0.800208
0.800208
0.800208
0.800208
0.800694
0.800694
0.800694
0.800694
0.800694
0.800694
0.800694
0.800694
0.799931
0.799931
0.799931
0.799931
0.799931
0.799931
0.799931
0.799931
0.801875
0.801875
0.801875
0.801875
0.801875
0.801875
0.801875
0.801875
0.811493
0.811493
0.811493
0.811493
0.811493
0.811493
0.811493
0.811493
0.822431
0.822431
0.822431
0.822431
0.822431
0.822431
0.822431
0.822431
0.840694
0.840694
0.840694
0.840694
0.840694
0.840694
0.840694
0.840694
0.862326
0.862326
0.862326
0.862326
0.862326
0.862326
0.862326
0.862326
0.878021
0.878021
0.878021
0.878021
0.878021
0.878021
0.878021
0.878021
0.879549
0.879549
0.879549
0.879549
0.879549
0.879549
0.879549
0.879549
0.873021
0.873021
0.873021
0.873021
0.873021
0.873021
0.873021
0.873021
0.87
0.87
0.87
0.87
0.87
0.87
0.87
0.87
0.894271
0.894271
0.894271
0.894271
0.894271
0.894271
0.894271
0.894271
0.92125
0.92125
0.92125
0.92125
0.92125
0.92125
0.92125
0.92125
0.927326
0.927326
0.927326
0.927326
0.927326
0.927326
0.927326
0.927326
0.938646
0.938646
0.938646
0.938646
0.938646
0.938646
0.938646
0.938646
0.937917
0.937917
0.937917
0.937917
0.937917
0.937917
0.937917
0.937917
0.942639
0.942639
0.942639
0.942639
0.942639
0.942639
0.942639
0.942639
0.947292
0.947292
0.947292
0.947292
0.947292
0.947292
0.947292
0.947292
0.946667
0.946667
0.946667
0.946667
0.946667
0.946667
0.946667
0.946667
0.938542
0.938542
0.938542
0.938542
0.938542
0.938542
0.938542
0.938542
0.945104
0.945104
0.945104
0.945104
0.945104
0.945104
0.945104
0.945104
0.948438
0.948438
0.948438
0.948438
0.948438
0.948438
0.948438
0.948438
0.947083
0.947083
0.947083
0.947083
0.947083
0.947083
0.947083
0.947083
0.936875
0.936875
0.936875
0.936875
0.936875
0.936875
0.936875
0.936875
0.929618
0.929618
0.929618
0.929618
0.929618
0.929618
0.929618
0.929618
0.939896
0.939896
0.939896
0.939896
0.939896
0.939896
0.939896
0.939896
0.953993
0.953993
0.953993
0.953993
0.953993
0.953993
0.953993
0.953993
0.962187
0.962187
0.962187
0.962187
0.962187
0.962187
0.962187
0.962187
0.972708
0.972708
0.972708
0.972708
0.972708
0.972708
0.972708
0.972708
0.964688
0.964688
0.964688
0.964688
0.964688
0.964688
0.964688
0.964688
0.957917
0.957917
0.957917
0.957917
0.957917
0.957917
0.957917
0.957917
0.934236
0.934236
0.934236
0.934236
0.934236
0.934236
0.934236
0.934236
0.925
0.925
0.925
0.925
0.925
0.925
0.925
0.925
0.934896
0.934896
0.934896
0.934896
0.934896
0.934896
0.934896
0.934896
0.9275
0.9275
0.9275
0.9275
0.9275
0.9275
0.9275
0.9275
0.938646
0.938646
0.938646
0.938646
0.938646
0.938646
0.938646
0.938646
0.941042
0.941042
0.941042
0.941042
0.941042
0.941042
0.941042
0.941042
0.939792
0.939792
0.939792
0.939792
0.939792
0.939792
0.939792
0.939792
0.942118
0.942118
0.942118
0.942118
0.942118
0.942118
0.942118
0.942118
0.934167
0.934167
0.934167
0.934167
0.934167
0.934167
0.934167
0.934167
0.924896
0.924896
0.924896
0.924896
0.924896
0.924896
0.924896
0.924896
0.919479
0.919479
0.919479
0.919479
0.919479
0.919479
0.919479
0.919479
0.921285
0.921285
0.921285
0.921285
0.921285
0.921285
0.921285
0.921285
0.814375
0.814375
0.814375
0.814375
0.814375
0.814375
0.814375
0.814375
0.658542
0.658542
0.658542
0.658542
0.658542
0.658542
0.658542
0.658542
0.632917
0.632917
0.632917
0.632917
0.632917
0.632917
0.632917
0.632917
0.611875
0.611875
0.611875
0.611875
0.611875
0.611875
0.611875
0.611875
0.643542
0.643542
0.643542
0.643542
0.643542
0.643542
0.643542
0.643542
0.613542
0.613542
0.613542
0.613542
0.613542
0.613542
0.613542
0.613542
0.545937
0.545937
0.545937
0.545937
0.545937
0.545937
0.545937
0.545937
0.525208
0.525208
0.525208
0.525208
0.525208
0.525208
0.525208
0.525208
0.52684
0.52684
0.52684
0.52684
0.52684
0.52684
0.52684
0.52684
0.474271
0.474271
0.474271
0.474271
0.474271
0.474271
0.474271
0.474271
0.428438
0.428438
0.428438
0.428438
0.428438
0.428438
0.428438
0.428438
0.413229
0.413229
0.413229
0.413229
0.413229
0.413229
0.413229
0.413229
0.393056
0.393056
0.393056
0.393056
0.393056
0.393056
0.393056
0.393056
0.336215
0.336215
0.336215
0.336215
0.336215
0.336215
0.336215
0.336215
0.263472
0.263472
0.263472
0.263472
0.263472
0.263472
0.263472
0.263472
0.256528
0.256528
0.256528
0.256528
0.256528
0.256528
0.256528
0.256528
0.310729
0.310729
0.310729
0.310729
0.310729
0.310729
0.310729
0.310729
0.357917
0.357917
0.357917
0.357917
0.357917
0.357917
0.357917
0.357917
0.426146
0.426146
0.426146
0.426146
0.426146
0.426146
0.426146
0.426146
0.507188
0.507188
0.507188
0.507188
0.507188
0.507188
0.507188
0.507188
0.652396
0.652396
0.652396
0.652396
0.652396
0.652396
0.652396
0.652396
0.655104
0.655104
0.655104
0.655104
0.655104
0.655104
0.655104
0.655104
0.579514
0.579514
0.579514
0.579514
0.579514
0.579514
0.579514
0.579514
0.504583
0.504583
0.504583
0.504583
0.504583
0.504583
0.504583
0.504583
0.415417
0.415417
0.415417
0.415417
0.415417
0.415417
0.415417
0.415417
0.360556
0.360556
0.360556
0.360556
0.360556
0.360556
0.360556
0.360556
0.277292
0.277292
0.277292
0.277292
0.277292
0.277292
0.277292
0.277292
0.179688
0.179688
0.179688
0.179688
0.179688
0.179688
0.179688
0.179688
0.122604
0.122604
0.122604
0.122604
0.122604
0.122604
0.122604
0.122604
0.0824306
0.0824306
0.0824306
0.0824306
0.0824306
0.0824306
0.0824306
0.0824306
0.0832639
0.0832639
0.0832639
0.0832639
0.0832639
0.0832639
0.0832639
0.0832639
0.0812847
0.0812847
0.0812847
0.0812847
0.0812847
0.0812847
0.0812847
0.0812847
0.0884722
0.0884722
0.0884722
0.0884722
0.0884722
0.0884722
0.0884722
0.0884722
0.225347
0.225347
0.225347
0.225347
0.225347
0.225347
0.225347
0.225347
0.423333
0.423333
0.423333
0.423333
0.423333
0.423333
0.423333
0.423333
0.556146
0.556146
0.556146
0.556146
0.556146
0.556146
0.556146
0.556146
0.588854
0.588854
0.588854
0.588854
0.588854
0.588854
0.588854
0.588854
0.5075
0.5075
0.5075
0.5075
0.5075
0.5075
0.5075
0.5075
0.378958
0.378958
0.378958
0.378958
0.378958
0.378958
0.378958
0.378958
0.283854
0.283854
0.283854
0.283854
0.283854
0.283854
0.283854
0.283854
0.212812
0.212812
0.212812
0.212812
0.212812
0.212812
0.212812
0.212812
0.129826
0.129826
0.129826
0.129826
0.129826
0.129826
0.129826
0.129826
0.0790972
0.0790972
0.0790972
0.0790972
0.0790972
0.0790972
0.0790972
0.0790972
0.0727431
0.0727431
0.0727431
0.0727431
0.0727431
0.0727431
0.0727431
0.0727431
0.0707986
0.0707986
0.0707986
0.0707986
0.0707986
0.0707986
0.0707986
0.0707986
0.115521
0.115521
0.115521
0.115521
0.115521
0.115521
0.115521
0.115521
0.212951
0.212951
0.212951
0.212951
0.212951
0.212951
0.212951
0.212951
0.326979
0.326979
0.326979
0.326979
0.326979
0.326979
0.326979
0.326979
0.573542
0.573542
0.573542
0.573542
0.573542
0.573542
0.573542
0.573542
0.677674
0.677674
0.677674
0.677674
0.677674
0.677674
0.677674
0.677674
0.644687
0.644687
0.644687
0.644687
0.644687
0.644687
0.644687
0.644687
0.565521
0.565521
0.565521
0.565521
0.565521
0.565521
0.565521
0.565521
0.372396
0.372396
0.372396
0.372396
0.372396
0.372396
0.372396
0.372396
0.333646
0.333646
0.333646
0.333646
0.333646
0.333646
0.333646
0.333646
0.259167
0.259167
0.259167
0.259167
0.259167
0.259167
0.259167
0.259167
0.179479
0.179479
0.179479
0.179479
0.179479
0.179479
0.179479
0.179479
0.115729
0.115729
0.115729
0.115729
0.115729
0.115729
0.115729
0.115729
0.0791667
0.0791667
0.0791667
0.0791667
0.0791667
0.0791667
0.0791667
0.0791667
0.0595833
0.0595833
0.0595833
0.0595833
0.0595833
0.0595833
0.0595833
0.0595833
0.0573958
0.0573958
0.0573958
0.0573958
0.0573958
0.0573958
0.0573958
0.0573958
0.0580208
0.0580208
0.0580208
0.0580208
0.0580208
0.0580208
0.0580208
0.0580208
0.0570833
0.0570833
0.0570833
0.0570833
0.0570833
0.0570833
0.0570833
0.0570833
0.0559375
0.0559375
0.0559375
0.0559375
0.0559375
0.0559375
0.0559375
0.0559375
0.05625
0.05625
0.05625
0.05625
0.05625
0.05625
0.05625
0.05625
0.0571875
0.0571875
0.0571875
0.0571875
0.0571875
0.0571875
0.0571875
0.0571875
0.0598958
0.0598958
0.0598958
0.0598958
0.0598958
0.0598958
0.0598958
0.0598958
0.105729
0.105729
0.105729
0.105729
0.105729
0.105729
0.105729
0.105729
0.146875
0.146875
0.146875
0.146875
0.146875
0.146875
0.146875
0.146875
0.16625
0.16625
0.16625
0.16625
0.16625
0.16625
0.16625
0.16625
0.17125
0.17125
0.17125
0.17125
0.17125
0.17125
0.17125
0.17125
0.189167
0.189167
0.189167
0.189167
0.189167
0.189167
0.189167
0.189167
0.156979
0.156979
0.156979
0.156979
0.156979
0.156979
0.156979
0.156979
0.12375
0.12375
0.12375
0.12375
0.12375
0.12375
0.12375
0.12375
0.108854
0.108854
0.108854
0.108854
0.108854
0.108854
0.108854
0.108854
0.0764583
0.0764583
0.0764583
0.0764583
0.0764583
0.0764583
0.0764583
0.0764583
0.0694792
0.0694792
0.0694792
0.0694792
0.0694792
0.0694792
0.0694792
0.0694792
0.0625
0.0625
0.0625
0.0625
0.0625
0.0625
0.0625
0.0625
0.0630208
0.0630208
0.0630208
0.0630208
0.0630208
0.0630208
0.0630208
0.0630208
0.0733333
0.0733333
0.0733333
0.0733333
0.0733333
0.0733333
0.0733333
0.0733333
0.0692708
0.0692708
0.0692708
0.0692708
0.0692708
0.0692708
0.0692708
0.0692708
0.0682292
0.0682292
0.0682292
0.0682292
0.0682292
0.0682292
0.0682292
0.0682292
0.129271
0.129271
0.129271
0.129271
0.129271
0.129271
0.129271
0.129271
0.136042
0.136042
0.136042
0.136042
0.136042
0.136042
0.136042
0.136042
0.134896
0.134896
0.134896
0.134896
0.134896
0.134896
0.134896
0.134896
0.10809
0.10809
0.10809
0.10809
0.10809
0.10809
0.10809
0.10809
0.0560417
0.0560417
0.0560417
0.0560417
0.0560417
0.0560417
0.0560417
0.0560417
0.0559375
0.0559375
0.0559375
0.0559375
0.0559375
0.0559375
0.0559375
0.0559375
0.0908333
0.0908333
0.0908333
0.0908333
0.0908333
0.0908333
0.0908333
0.0908333
0.0917708
0.0917708
0.0917708
0.0917708
0.0917708
0.0917708
0.0917708
0.0917708
0.0989931
0.0989931
0.0989931
0.0989931
0.0989931
0.0989931
0.0989931
0.0989931
0.0896875
0.0896875
0.0896875
0.0896875
0.0896875
0.0896875
0.0896875
0.0896875
0.0583333
0.0583333
0.0583333
0.0583333
0.0583333
0.0583333
0.0583333
0.0583333
0.055625
0.055625
0.055625
0.055625
0.055625
0.055625
0.055625
0.055625
0.0610417
0.0610417
0.0610417
0.0610417
0.0610417
0.0610417
0.0610417
0.0610417
0.0655208
0.0655208
0.0655208
0.0655208
0.0655208
0.0655208
0.0655208
0.0655208
0.0703125
0.0703125
0.0703125
0.0703125
0.0703125
0.0703125
0.0703125
0.0703125
0.0901042
0.0901042
0.0901042
0.0901042
0.0901042
0.0901042
0.0901042
0.0901042
0.120208
0.120208
0.120208
0.120208
0.120208
0.120208
0.120208
0.120208
0.1425
0.1425
0.1425
0.1425
0.1425
0.1425
0.1425
0.1425
0.151007
0.151007
0.151007
0.151007
0.151007
0.151007
0.151007
0.151007
0.164306
0.164306
0.164306
0.164306
0.164306
0.164306
0.164306
0.164306
0.123403
0.123403
0.123403
0.123403
0.123403
0.123403
0.123403
0.123403
0.0658333
0.0658333
0.0658333
0.0658333
0.0658333
0.0658333
0.0658333
0.0658333
0.0401042
0.0401042
0.0401042
0.0401042
0.0401042
0.0401042
0.0401042
0.0401042
0.0403125
0.0403125
0.0403125
0.0403125
0.0403125
0.0403125
0.0403125
0.0403125
0.039375
0.039375
0.039375
0.039375
0.039375
0.039375
0.039375
0.039375
0.0396875
0.0396875
0.0396875
0.0396875
0.0396875
0.0396875
0.0396875
0.0396875
0.0395833
0.0395833
0.0395833
0.0395833
0.0395833
0.0395833
0.0395833
0.0395833
0.0389583
0.0389583
0.0389583
0.0389583
0.0389583
0.0389583
0.0389583
0.0389583
0.0379167
0.0379167
0.0379167
0.0379167
0.0379167
0.0379167
0.0379167
0.0379167
0.0384375
0.0384375
0.0384375
0.0384375
0.0384375
0.0384375
0.0384375
0.0384375
0.0758333
0.0758333
0.0758333
0.0758333
0.0758333
0.0758333
0.0758333
0.0758333
0.120833
0.120833
0.120833
0.120833
0.120833
0.120833
0.120833
0.120833
0.213958
0.213958
0.213958
0.213958
0.213958
0.213958
0.213958
0.213958
0.277917
0.277917
0.277917
0.277917
0.277917
0.277917
0.277917
0.277917
0.280313
0.280313
0.280313
0.280313
0.280313
0.280313
0.280313
0.280313
0.259688
0.259688
0.259688
0.259688
0.259688
0.259688
0.259688
0.259688
0.229167
0.229167
0.229167
0.229167
0.229167
0.229167
0.229167
0.229167
0.188542
0.188542
0.188542
0.188542
0.188542
0.188542
0.188542
0.188542
0.132361
0.132361
0.132361
0.132361
0.132361
0.132361
0.132361
0.132361
0.0944792
0.0944792
0.0944792
0.0944792
0.0944792
0.0944792
0.0944792
0.0944792
0.0959375
0.0959375
0.0959375
0.0959375
0.0959375
0.0959375
0.0959375
0.0959375
0.0995833
0.0995833
0.0995833
0.0995833
0.0995833
0.0995833
0.0995833
0.0995833
0.104479
0.104479
0.104479
0.104479
0.104479
0.104479
0.104479
0.104479
0.141563
0.141563
0.141563
0.141563
0.141563
0.141563
0.141563
0.141563
0.155417
0.155417
0.155417
0.155417
0.155417
0.155417
0.155417
0.155417
0.161146
0.161146
0.161146
0.161146
0.161146
0.161146
0.161146
0.161146
0.173021
0.173021
0.173021
0.173021
0.173021
0.173021
0.173021
0.173021
0.189688
0.189688
0.189688
0.189688
0.189688
0.189688
0.189688
0.189688
0.184792
0.184792
0.184792
0.184792
0.184792
0.184792
0.184792
0.184792
0.208542
0.208542
0.208542
0.208542
0.208542
0.208542
0.208542
0.208542
0.22
0.22
0.22
0.22
0.22
0.22
0.22
0.22
0.216667
0.216667
0.216667
0.216667
0.216667
0.216667
0.216667
0.216667
0.222396
0.222396
0.222396
0.222396
0.222396
0.222396
0.222396
0.222396
0.221042
0.221042
0.221042
0.221042
0.221042
0.221042
0.221042
0.221042
0.21691
0.21691
0.21691
0.21691
0.21691
0.21691
0.21691
0.21691
0.21316
0.21316
0.21316
0.21316
0.21316
0.21316
0.21316
0.21316
0.22875
0.22875
0.22875
0.22875
0.22875
0.22875
0.22875
0.22875
0.230625
0.230625
0.230625
0.230625
0.230625
0.230625
0.230625
0.230625
0.255417
0.255417
0.255417
0.255417
0.255417
0.255417
0.255417
0.255417
0.237708
0.237708
0.237708
0.237708
0.237708
0.237708
0.237708
0.237708
0.231146
0.231146
0.231146
0.231146
0.231146
0.231146
0.231146
0.231146
0.231806
0.231806
0.231806
0.231806
0.231806
0.231806
0.231806
0.231806
0.250312
0.250312
0.250312
0.250312
0.250312
0.250312
0.250312
0.250312
0.254549
0.254549
0.254549
0.254549
0.254549
0.254549
0.254549
0.254549
0.252986
0.252986
0.252986
0.252986
0.252986
0.252986
0.252986
0.252986
0.265451
0.265451
0.265451
0.265451
0.265451
0.265451
0.265451
0.265451
0.266736
0.266736
0.266736
0.266736
0.266736
0.266736
0.266736
0.266736
0.265903
0.265903
0.265903
0.265903
0.265903
0.265903
0.265903
0.265903
0.255937
0.255937
0.255937
0.255937
0.255937
0.255937
0.255937
0.255937
0.276562
0.276562
0.276562
0.276562
0.276562
0.276562
0.276562
0.276562
0.334444
0.334444
0.334444
0.334444
0.334444
0.334444
0.334444
0.334444
0.390729
0.390729
0.390729
0.390729
0.390729
0.390729
0.390729
0.390729
0.437118
0.437118
0.437118
0.437118
0.437118
0.437118
0.437118
0.437118
0.467326
0.467326
0.467326
0.467326
0.467326
0.467326
0.467326
0.467326
0.500625
0.500625
0.500625
0.500625
0.500625
0.500625
0.500625
0.500625
0.564688
0.564688
0.564688
0.564688
0.564688
0.564688
0.564688
0.564688
0.677917
0.677917
0.677917
0.677917
0.677917
0.677917
0.677917
0.677917
0.710208
0.710208
0.710208
0.710208
0.710208
0.710208
0.710208
0.710208
0.765764
0.765764
0.765764
0.765764
0.765764
0.765764
0.765764
0.765764
0.784201
0.784201
0.784201
0.784201
0.784201
0.784201
0.784201
0.784201
0.815347
0.815347
0.815347
0.815347
0.815347
0.815347
0.815347
0.815347
0.826042
0.826042
0.826042
0.826042
0.826042
0.826042
0.826042
0.826042
0.814826
0.814826
0.814826
0.814826
0.814826
0.814826
0.814826
0.814826
0.806389
0.806389
0.806389
0.806389
0.806389
0.806389
0.806389
0.806389
0.810278
0.810278
0.810278
0.810278
0.810278
0.810278
0.810278
0.810278
0.806076
0.806076
0.806076
0.806076
0.806076
0.806076
0.806076
0.806076
0.804826
0.804826
0.804826
0.804826
0.804826
0.804826
0.804826
0.804826
0.793333
0.793333
0.793333
0.793333
0.793333
0.793333
0.793333
0.793333
0.794618
0.794618
0.794618
0.794618
0.794618
0.794618
0.794618
0.794618
0.794201
0.794201
0.794201
0.794201
0.794201
0.794201
0.794201
0.794201
0.791319
0.791319
0.791319
0.791319
0.791319
0.791319
0.791319
0.791319
0.779965
0.779965
0.779965
0.779965
0.779965
0.779965
0.779965
0.779965
0.775069
0.775069
0.775069
0.775069
0.775069
0.775069
0.775069
0.775069
0.769271
0.769271
0.769271
0.769271
0.769271
0.769271
0.769271
0.769271
0.765799
0.765799
0.765799
0.765799
0.765799
0.765799
0.765799
0.765799
0.770243
0.770243
0.770243
0.770243
0.770243
0.770243
0.770243
0.770243
0.774236
0.774236
0.774236
0.774236
0.774236
0.774236
0.774236
0.774236
0.778611
0.778611
0.778611
0.778611
0.778611
0.778611
0.778611
0.778611
0.777917
0.777917
0.777917
0.777917
0.777917
0.777917
0.777917
0.777917
0.784062
0.784062
0.784062
0.784062
0.784062
0.784062
0.784062
0.784062
0.802153
0.802153
0.802153
0.802153
0.802153
0.802153
0.802153
0.802153
0.804722
0.804722
0.804722
0.804722
0.804722
0.804722
0.804722
0.804722
0.804965
0.804965
0.804965
0.804965
0.804965
0.804965
0.804965
0.804965
0.806111
0.806111
0.806111
0.806111
0.806111
0.806111
0.806111
0.806111
0.805486
0.805486
0.805486
0.805486
0.805486
0.805486
0.805486
0.805486
0.807986
0.807986
0.807986
0.807986
0.807986
0.807986
0.807986
0.807986
0.807882
0.807882
0.807882
0.807882
0.807882
0.807882
0.807882
0.807882
0.811042
0.811042
0.811042
0.811042
0.811042
0.811042
0.811042
0.811042
0.80309
0.80309
0.80309
0.80309
0.80309
0.80309
0.80309
0.80309
0.811736
0.811736
0.811736
0.811736
0.811736
0.811736
0.811736
0.811736
0.817986
0.817986
0.817986
0.817986
0.817986
0.817986
0.817986
0.817986
0.825069
0.825069
0.825069
0.825069
0.825069
0.825069
0.825069
0.825069
0.814722
0.814722
0.814722
0.814722
0.814722
0.814722
0.814722
0.814722
0.809757
0.809757
0.809757
0.809757
0.809757
0.809757
0.809757
0.809757
0.808819
0.808819
0.808819
0.808819
0.808819
0.808819
0.808819
0.808819
0.811944
0.811944
0.811944
0.811944
0.811944
0.811944
0.811944
0.811944
0.806215
0.806215
0.806215
0.806215
0.806215
0.806215
0.806215
0.806215
0.807465
0.807465
0.807465
0.807465
0.807465
0.807465
0.807465
0.807465
0.795799
0.795799
0.795799
0.795799
0.795799
0.795799
0.795799
0.795799
0.798125
0.798125
0.798125
0.798125
0.798125
0.798125
0.798125
0.798125
0.794167
0.794167
0.794167
0.794167
0.794167
0.794167
0.794167
0.794167
0.789583
0.789583
0.789583
0.789583
0.789583
0.789583
0.789583
0.789583
0.78934
0.78934
0.78934
0.78934
0.78934
0.78934
0.78934
0.78934
0.785278
0.785278
0.785278
0.785278
0.785278
0.785278
0.785278
0.785278
0.780799
0.780799
0.780799
0.780799
0.780799
0.780799
0.780799
0.780799
0.786424
0.786424
0.786424
0.786424
0.786424
0.786424
0.786424
0.786424
0.793194
0.793194
0.793194
0.793194
0.793194
0.793194
0.793194
0.793194
0.793819
0.793819
0.793819
0.793819
0.793819
0.793819
0.793819
0.793819
0.792465
0.792465
0.792465
0.792465
0.792465
0.792465
0.792465
0.792465
0.791944
0.791944
0.791944
0.791944
0.791944
0.791944
0.791944
0.791944
0.786528
0.786528
0.786528
0.786528
0.786528
0.786528
0.786528
0.786528
0.788646
0.788646
0.788646
0.788646
0.788646
0.788646
0.788646
0.788646
0.788924
0.788924
0.788924
0.788924
0.788924
0.788924
0.788924
0.788924
0.794687
0.794687
0.794687
0.794687
0.794687
0.794687
0.794687
0.794687
0.785382
0.785382
0.785382
0.785382
0.785382
0.785382
0.785382
0.785382
0.779722
0.779722
0.779722
0.779722
0.779722
0.779722
0.779722
0.779722
0.778333
0.778333
0.778333
0.778333
0.778333
0.778333
0.778333
0.778333
0.779479
0.779479
0.779479
0.779479
0.779479
0.779479
0.779479
0.779479
0.781806
0.781806
0.781806
0.781806
0.781806
0.781806
0.781806
0.781806
0.780278
0.780278
0.780278
0.780278
0.780278
0.780278
0.780278
0.780278
0.782674
0.782674
0.782674
0.782674
0.782674
0.782674
0.782674
0.782674
0.782674
0.782674
0.782674
0.782674
0.782674
0.782674
0.782674
0.782674
0.783438
0.783438
0.783438
0.783438
0.783438
0.783438
0.783438
0.783438
0.781215
0.781215
0.781215
0.781215
0.781215
0.781215
0.781215
0.781215
0.782292
0.782292
0.782292
0.782292
0.782292
0.782292
0.782292
0.782292
0.788021
0.788021
0.788021
0.788021
0.788021
0.788021
0.788021
0.788021
0.785833
0.785833
0.785833
0.785833
0.785833
0.785833
0.785833
0.785833
0.787396
0.787396
0.787396
0.787396
0.787396
0.787396
0.787396
0.787396
0.791562
0.791562
0.791562
0.791562
0.791562
0.791562
0.791562
0.791562
0.789722
0.789722
0.789722
0.789722
0.789722
0.789722
0.789722
0.789722
0.792292
0.792292
0.792292
0.792292
0.792292
0.792292
0.792292
0.792292
0.790417
0.790417
0.790417
0.790417
0.790417
0.790417
0.790417
0.790417
0.785833
0.785833
0.785833
0.785833
0.785833
0.785833
0.785833
0.785833
0.788403
0.788403
0.788403
0.788403
0.788403
0.788403
0.788403
0.788403
0.798542
0.798542
0.798542
0.798542
0.798542
0.798542
0.798542
0.798542
0.794792
0.794792
0.794792
0.794792
0.794792
0.794792
0.794792
0.794792
0.80375
0.80375
0.80375
0.80375
0.80375
0.80375
0.80375
0.80375
0.800312
0.800312
0.800312
0.800312
0.800312
0.800312
0.800312
0.800312
0.795382
0.795382
0.795382
0.795382
0.795382
0.795382
0.795382
0.795382
0.795625
0.795625
0.795625
0.795625
0.795625
0.795625
0.795625
0.795625
0.781563
0.781563
0.781563
0.781563
0.781563
0.781563
0.781563
0.781563
0.784583
0.784583
0.784583
0.784583
0.784583
0.784583
0.784583
0.784583
0.780799
0.780799
0.780799
0.780799
0.780799
0.780799
0.780799
0.780799
0.783299
0.783299
0.783299
0.783299
0.783299
0.783299
0.783299
0.783299
0.790035
0.790035
0.790035
0.790035
0.790035
0.790035
0.790035
0.790035
0.788819
0.788819
0.788819
0.788819
0.788819
0.788819
0.788819
0.788819
0.78934
0.78934
0.78934
0.78934
0.78934
0.78934
0.78934
0.78934
0.787986
0.787986
0.787986
0.787986
0.787986
0.787986
0.787986
0.787986
0.786632
0.786632
0.786632
0.786632
0.786632
0.786632
0.786632
0.786632
0.784306
0.784306
0.784306
0.784306
0.784306
0.784306
0.784306
0.784306
0.780556
0.780556
0.780556
0.780556
0.780556
0.780556
0.780556
0.780556
0.779757
0.779757
0.779757
0.779757
0.779757
0.779757
0.779757
0.779757
0.781424
0.781424
0.781424
0.781424
0.781424
0.781424
0.781424
0.781424
0.781944
0.781944
0.781944
0.781944
0.781944
0.781944
0.781944
0.781944
0.784236
0.784236
0.784236
0.784236
0.784236
0.784236
0.784236
0.784236
0.790278
0.790278
0.790278
0.790278
0.790278
0.790278
0.790278
0.790278
0.792674
0.792674
0.792674
0.792674
0.792674
0.792674
0.792674
0.792674
0.793854
0.793854
0.793854
0.793854
0.793854
0.793854
0.793854
0.793854
0.790937
0.790937
0.790937
0.790937
0.790937
0.790937
0.790937
0.790937
0.798507
0.798507
0.798507
0.798507
0.798507
0.798507
0.798507
0.798507
0.804132
0.804132
0.804132
0.804132
0.804132
0.804132
0.804132
0.804132
0.80934
0.80934
0.80934
0.80934
0.80934
0.80934
0.80934
0.80934
0.811528
0.811528
0.811528
0.811528
0.811528
0.811528
0.811528
0.811528
0.813715
0.813715
0.813715
0.813715
0.813715
0.813715
0.813715
0.813715
0.810694
0.810694
0.810694
0.810694
0.810694
0.810694
0.810694
0.810694
0.814132
0.814132
0.814132
0.814132
0.814132
0.814132
0.814132
0.814132
0.81125
0.81125
0.81125
0.81125
0.81125
0.81125
0.81125
0.81125
0.810104
0.810104
0.810104
0.810104
0.810104
0.810104
0.810104
0.810104
0.81559
0.81559
0.81559
0.81559
0.81559
0.81559
0.81559
0.81559
0.815799
0.815799
0.815799
0.815799
0.815799
0.815799
0.815799
0.815799
0.813715
0.813715
0.813715
0.813715
0.813715
0.813715
0.813715
0.813715
0.814271
0.814271
0.814271
0.814271
0.814271
0.814271
0.814271
0.814271
0.813958
0.813958
0.813958
0.813958
0.813958
0.813958
0.813958
0.813958
0.814236
0.814236
0.814236
0.814236
0.814236
0.814236
0.814236
0.814236
0.813229
0.813229
0.813229
0.813229
0.813229
0.813229
0.813229
0.813229
0.815521
0.815521
0.815521
0.815521
0.815521
0.815521
0.815521
0.815521
0.815625
0.815625
0.815625
0.815625
0.815625
0.815625
0.815625
0.815625
0.816146
0.816146
0.816146
0.816146
0.816146
0.816146
0.816146
0.816146
0.820382
0.820382
0.820382
0.820382
0.820382
0.820382
0.820382
0.820382
0.821944
0.821944
0.821944
0.821944
0.821944
0.821944
0.821944
0.821944
0.820729
0.820729
0.820729
0.820729
0.820729
0.820729
0.820729
0.820729
0.816146
0.816146
0.816146
0.816146
0.816146
0.816146
0.816146
0.816146
0.812743
0.812743
0.812743
0.812743
0.812743
0.812743
0.812743
0.812743
0.814097
0.814097
0.814097
0.814097
0.814097
0.814097
0.814097
0.814097
0.815417
0.815417
0.815417
0.815417
0.815417
0.815417
0.815417
0.815417
0.817986
0.817986
0.817986
0.817986
0.817986
0.817986
0.817986
0.817986
0.818646
0.818646
0.818646
0.818646
0.818646
0.818646
0.818646
0.818646
0.818819
0.818819
0.818819
0.818819
0.818819
0.818819
0.818819
0.818819
0.813646
0.813646
0.813646
0.813646
0.813646
0.813646
0.813646
0.813646
0.813646
0.813646
0.813646
0.813646
0.813646
0.813646
0.813646
0.813646
0.817708
0.817708
0.817708
0.817708
0.817708
0.817708
0.817708
0.817708
0.819583
0.819583
0.819583
0.819583
0.819583
0.819583
0.819583
0.819583
0.820521
0.820521
0.820521
0.820521
0.820521
0.820521
0.820521
0.820521
0.822396
0.822396
0.822396
0.822396
0.822396
0.822396
0.822396
0.822396
0.82191
0.82191
0.82191
0.82191
0.82191
0.82191
0.82191
0.82191
0.81875
0.81875
0.81875
0.81875
0.81875
0.81875
0.81875
0.81875
0.823438
0.823438
0.823438
0.823438
0.823438
0.823438
0.823438
0.823438
0.822396
0.822396
0.822396
0.822396
0.822396
0.822396
0.822396
0.822396
0.820312
0.820312
0.820312
0.820312
0.820312
0.820312
0.820312
0.820312
0.824063
0.824063
0.824063
0.824063
0.824063
0.824063
0.824063
0.824063
0.827187
0.827187
0.827187
0.827187
0.827187
0.827187
0.827187
0.827187
0.834688
0.834688
0.834688
0.834688
0.834688
0.834688
0.834688
0.834688
0.84375
0.84375
0.84375
0.84375
0.84375
0.84375
0.84375
0.84375
0.858646
0.858646
0.858646
0.858646
0.858646
0.858646
0.858646
0.858646
0.868958
0.868958
0.868958
0.868958
0.868958
0.868958
0.868958
0.868958
0.888958
0.888958
0.888958
0.888958
0.888958
0.888958
0.888958
0.888958
0.892396
0.892396
0.892396
0.892396
0.892396
0.892396
0.892396
0.892396
0.915799
0.915799
0.915799
0.915799
0.915799
0.915799
0.915799
0.915799
0.922257
0.922257
0.922257
0.922257
0.922257
0.922257
0.922257
0.922257
0.916944
0.916944
0.916944
0.916944
0.916944
0.916944
0.916944
0.916944
0.889375
0.889375
0.889375
0.889375
0.889375
0.889375
0.889375
0.889375
0.840417
0.840417
0.840417
0.840417
0.840417
0.840417
0.840417
0.840417
0.786146
0.786146
0.786146
0.786146
0.786146
0.786146
0.786146
0.786146
0.766667
0.766667
0.766667
0.766667
0.766667
0.766667
0.766667
0.766667
0.788958
0.788958
0.788958
0.788958
0.788958
0.788958
0.788958
0.788958
0.800764
0.800764
0.800764
0.800764
0.800764
0.800764
0.800764
0.800764
0.810208
0.810208
0.810208
0.810208
0.810208
0.810208
0.810208
0.810208
0.796875
0.796875
0.796875
0.796875
0.796875
0.796875
0.796875
0.796875
0.798229
0.798229
0.798229
0.798229
0.798229
0.798229
0.798229
0.798229
0.794167
0.794167
0.794167
0.794167
0.794167
0.794167
0.794167
0.794167
0.784444
0.784444
0.784444
0.784444
0.784444
0.784444
0.784444
0.784444
0.771146
0.771146
0.771146
0.771146
0.771146
0.771146
0.771146
0.771146
0.760799
0.760799
0.760799
0.760799
0.760799
0.760799
0.760799
0.760799
0.744896
0.744896
0.744896
0.744896
0.744896
0.744896
0.744896
0.744896
0.725313
0.725313
0.725313
0.725313
0.725313
0.725313
0.725313
0.725313
0.723125
0.723125
0.723125
0.723125
0.723125
0.723125
0.723125
0.723125
0.720729
0.720729
0.720729
0.720729
0.720729
0.720729
0.720729
0.720729
0.712674
0.712674
0.712674
0.712674
0.712674
0.712674
0.712674
0.712674
0.697083
0.697083
0.697083
0.697083
0.697083
0.697083
0.697083
0.697083
0.667326
0.667326
0.667326
0.667326
0.667326
0.667326
0.667326
0.667326
0.662604
0.662604
0.662604
0.662604
0.662604
0.662604
0.662604
0.662604
0.6325
0.6325
0.6325
0.6325
0.6325
0.6325
0.6325
0.6325
0.589757
0.589757
0.589757
0.589757
0.589757
0.589757
0.589757
0.589757
0.597049
0.597049
0.597049
0.597049
0.597049
0.597049
0.597049
0.597049
0.605347
0.605347
0.605347
0.605347
0.605347
0.605347
0.605347
0.605347
0.604688
0.604688
0.604688
0.604688
0.604688
0.604688
0.604688
0.604688
0.595938
0.595938
0.595938
0.595938
0.595938
0.595938
0.595938
0.595938
0.584618
0.584618
0.584618
0.584618
0.584618
0.584618
0.584618
0.584618
0.632222
0.632222
0.632222
0.632222
0.632222
0.632222
0.632222
0.632222
0.641146
0.641146
0.641146
0.641146
0.641146
0.641146
0.641146
0.641146
0.643333
0.643333
0.643333
0.643333
0.643333
0.643333
0.643333
0.643333
0.631042
0.631042
0.631042
0.631042
0.631042
0.631042
0.631042
0.631042
0.589896
0.589896
0.589896
0.589896
0.589896
0.589896
0.589896
0.589896
0.567396
0.567396
0.567396
0.567396
0.567396
0.567396
0.567396
0.567396
0.624792
0.624792
0.624792
0.624792
0.624792
0.624792
0.624792
0.624792
0.696736
0.696736
0.696736
0.696736
0.696736
0.696736
0.696736
0.696736
0.721042
0.721042
0.721042
0.721042
0.721042
0.721042
0.721042
0.721042
0.765312
0.765312
0.765312
0.765312
0.765312
0.765312
0.765312
0.765312
0.736771
0.736771
0.736771
0.736771
0.736771
0.736771
0.736771
0.736771
0.699583
0.699583
0.699583
0.699583
0.699583
0.699583
0.699583
0.699583
0.674028
0.674028
0.674028
0.674028
0.674028
0.674028
0.674028
0.674028
0.645799
0.645799
0.645799
0.645799
0.645799
0.645799
0.645799
0.645799
0.638542
0.638542
0.638542
0.638542
0.638542
0.638542
0.638542
0.638542
0.633819
0.633819
0.633819
0.633819
0.633819
0.633819
0.633819
0.633819
0.608854
0.608854
0.608854
0.608854
0.608854
0.608854
0.608854
0.608854
0.571667
0.571667
0.571667
0.571667
0.571667
0.571667
0.571667
0.571667
0.573333
0.573333
0.573333
0.573333
0.573333
0.573333
0.573333
0.573333
0.536979
0.536979
0.536979
0.536979
0.536979
0.536979
0.536979
0.536979
0.494479
0.494479
0.494479
0.494479
0.494479
0.494479
0.494479
0.494479
0.446458
0.446458
0.446458
0.446458
0.446458
0.446458
0.446458
0.446458
0.471528
0.471528
0.471528
0.471528
0.471528
0.471528
0.471528
0.471528
0.487326
0.487326
0.487326
0.487326
0.487326
0.487326
0.487326
0.487326
0.505868
0.505868
0.505868
0.505868
0.505868
0.505868
0.505868
0.505868
0.527708
0.527708
0.527708
0.527708
0.527708
0.527708
0.527708
0.527708
0.471146
0.471146
0.471146
0.471146
0.471146
0.471146
0.471146
0.471146
0.425521
0.425521
0.425521
0.425521
0.425521
0.425521
0.425521
0.425521
0.367708
0.367708
0.367708
0.367708
0.367708
0.367708
0.367708
0.367708
0.384757
0.384757
0.384757
0.384757
0.384757
0.384757
0.384757
0.384757
0.382812
0.382812
0.382812
0.382812
0.382812
0.382812
0.382812
0.382812
0.407187
0.407187
0.407187
0.407187
0.407187
0.407187
0.407187
0.407187
0.446771
0.446771
0.446771
0.446771
0.446771
0.446771
0.446771
0.446771
0.50559
0.50559
0.50559
0.50559
0.50559
0.50559
0.50559
0.50559
0.544236
0.544236
0.544236
0.544236
0.544236
0.544236
0.544236
0.544236
0.493542
0.493542
0.493542
0.493542
0.493542
0.493542
0.493542
0.493542
0.45684
0.45684
0.45684
0.45684
0.45684
0.45684
0.45684
0.45684
0.410417
0.410417
0.410417
0.410417
0.410417
0.410417
0.410417
0.410417
0.303542
0.303542
0.303542
0.303542
0.303542
0.303542
0.303542
0.303542
0.241667
0.241667
0.241667
0.241667
0.241667
0.241667
0.241667
0.241667
0.162812
0.162812
0.162812
0.162812
0.162812
0.162812
0.162812
0.162812
0.0853125
0.0853125
0.0853125
0.0853125
0.0853125
0.0853125
0.0853125
0.0853125
0.0298958
0.0298958
0.0298958
0.0298958
0.0298958
0.0298958
0.0298958
0.0298958
0.0246875
0.0246875
0.0246875
0.0246875
0.0246875
0.0246875
0.0246875
0.0246875
0.0227083
0.0227083
0.0227083
0.0227083
0.0227083
0.0227083
0.0227083
0.0227083
0.0245833
0.0245833
0.0245833
0.0245833
0.0245833
0.0245833
0.0245833
0.0245833
0.0239583
0.0239583
0.0239583
0.0239583
0.0239583
0.0239583
0.0239583
0.0239583
0.0255208
0.0255208
0.0255208
0.0255208
0.0255208
0.0255208
0.0255208
0.0255208
0.0301042
0.0301042
0.0301042
0.0301042
0.0301042
0.0301042
0.0301042
0.0301042
0.0305208
0.0305208
0.0305208
0.0305208
0.0305208
0.0305208
0.0305208
0.0305208
0.0315625
0.0315625
0.0315625
0.0315625
0.0315625
0.0315625
0.0315625
0.0315625
0.0377083
0.0377083
0.0377083
0.0377083
0.0377083
0.0377083
0.0377083
0.0377083
0.0336458
0.0336458
0.0336458
0.0336458
0.0336458
0.0336458
0.0336458
0.0336458
0.0319792
0.0319792
0.0319792
0.0319792
0.0319792
0.0319792
0.0319792
0.0319792
0.0313542
0.0313542
0.0313542
0.0313542
0.0313542
0.0313542
0.0313542
0.0313542
0.0277083
0.0277083
0.0277083
0.0277083
0.0277083
0.0277083
0.0277083
0.0277083
0.0390625
0.0390625
0.0390625
0.0390625
0.0390625
0.0390625
0.0390625
0.0390625
0.0398958
0.0398958
0.0398958
0.0398958
0.0398958
0.0398958
0.0398958
0.0398958
0.0697917
0.0697917
0.0697917
0.0697917
0.0697917
0.0697917
0.0697917
0.0697917
0.113333
0.113333
0.113333
0.113333
0.113333
0.113333
0.113333
0.113333
0.158438
0.158438
0.158438
0.158438
0.158438
0.158438
0.158438
0.158438
0.184722
0.184722
0.184722
0.184722
0.184722
0.184722
0.184722
0.184722
0.157917
0.157917
0.157917
0.157917
0.157917
0.157917
0.157917
0.157917
0.135104
0.135104
0.135104
0.135104
0.135104
0.135104
0.135104
0.135104
0.0960417
0.0960417
0.0960417
0.0960417
0.0960417
0.0960417
0.0960417
0.0960417
0.121563
0.121563
0.121563
0.121563
0.121563
0.121563
0.121563
0.121563
0.134271
0.134271
0.134271
0.134271
0.134271
0.134271
0.134271
0.134271
0.158542
0.158542
0.158542
0.158542
0.158542
0.158542
0.158542
0.158542
0.162188
0.162188
0.162188
0.162188
0.162188
0.162188
0.162188
0.162188
0.137361
0.137361
0.137361
0.137361
0.137361
0.137361
0.137361
0.137361
0.0653125
0.0653125
0.0653125
0.0653125
0.0653125
0.0653125
0.0653125
0.0653125
0.0445833
0.0445833
0.0445833
0.0445833
0.0445833
0.0445833
0.0445833
0.0445833
0.0447917
0.0447917
0.0447917
0.0447917
0.0447917
0.0447917
0.0447917
0.0447917
0.0542708
0.0542708
0.0542708
0.0542708
0.0542708
0.0542708
0.0542708
0.0542708
0.0885417
0.0885417
0.0885417
0.0885417
0.0885417
0.0885417
0.0885417
0.0885417
0.16125
0.16125
0.16125
0.16125
0.16125
0.16125
0.16125
0.16125
0.244062
0.244062
0.244062
0.244062
0.244062
0.244062
0.244062
0.244062
0.343958
0.343958
0.343958
0.343958
0.343958
0.343958
0.343958
0.343958
0.346042
0.346042
0.346042
0.346042
0.346042
0.346042
0.346042
0.346042
0.303646
0.303646
0.303646
0.303646
0.303646
0.303646
0.303646
0.303646
0.248646
0.248646
0.248646
0.248646
0.248646
0.248646
0.248646
0.248646
0.209479
0.209479
0.209479
0.209479
0.209479
0.209479
0.209479
0.209479
0.109201
0.109201
0.109201
0.109201
0.109201
0.109201
0.109201
0.109201
0.0454167
0.0454167
0.0454167
0.0454167
0.0454167
0.0454167
0.0454167
0.0454167
0.0169792
0.0169792
0.0169792
0.0169792
0.0169792
0.0169792
0.0169792
0.0169792
0.0233333
0.0233333
0.0233333
0.0233333
0.0233333
0.0233333
0.0233333
0.0233333
0.0214583
0.0214583
0.0214583
0.0214583
0.0214583
0.0214583
0.0214583
0.0214583
0.0186458
0.0186458
0.0186458
0.0186458
0.0186458
0.0186458
0.0186458
0.0186458
0.0198958
0.0198958
0.0198958
0.0198958
0.0198958
0.0198958
0.0198958
0.0198958
0.0195833
0.0195833
0.0195833
0.0195833
0.0195833
0.0195833
0.0195833
0.0195833
0.0194792
0.0194792
0.0194792
0.0194792
0.0194792
0.0194792
0.0194792
0.0194792
0.0215625
0.0215625
0.0215625
0.0215625
0.0215625
0.0215625
0.0215625
0.0215625
0.021875
0.021875
0.021875
0.021875
0.021875
0.021875
0.021875
0.021875
0.0217708
0.0217708
0.0217708
0.0217708
0.0217708
0.0217708
0.0217708
0.0217708
0.0219792
0.0219792
0.0219792
0.0219792
0.0219792
0.0219792
0.0219792
0.0219792
0.0191667
0.0191667
0.0191667
0.0191667
0.0191667
0.0191667
0.0191667
0.0191667
0.0252083
0.0252083
0.0252083
0.0252083
0.0252083
0.0252083
0.0252083
0.0252083
0.0219792
0.0219792
0.0219792
0.0219792
0.0219792
0.0219792
0.0219792
0.0219792
0.0220833
0.0220833
0.0220833
0.0220833
0.0220833
0.0220833
0.0220833
0.0220833
0.0192708
0.0192708
0.0192708
0.0192708
0.0192708
0.0192708
0.0192708
0.0192708
0.0194792
0.0194792
0.0194792
0.0194792
0.0194792
0.0194792
0.0194792
0.0194792
0.0786458
0.0786458
0.0786458
0.0786458
0.0786458
0.0786458
0.0786458
0.0786458
0.0955208
0.0955208
0.0955208
0.0955208
0.0955208
0.0955208
0.0955208
0.0955208
0.103333
0.103333
0.103333
0.103333
0.103333
0.103333
0.103333
0.103333
0.119688
0.119688
0.119688
0.119688
0.119688
0.119688
0.119688
0.119688
0.209063
0.209063
0.209063
0.209063
0.209063
0.209063
0.209063
0.209063
0.252778
0.252778
0.252778
0.252778
0.252778
0.252778
0.252778
0.252778
0.278438
0.278438
0.278438
0.278438
0.278438
0.278438
0.278438
0.278438
0.265729
0.265729
0.265729
0.265729
0.265729
0.265729
0.265729
0.265729
0.258229
0.258229
0.258229
0.258229
0.258229
0.258229
0.258229
0.258229
0.280729
0.280729
0.280729
0.280729
0.280729
0.280729
0.280729
0.280729
0.295
0.295
0.295
0.295
0.295
0.295
0.295
0.295
0.314792
0.314792
0.314792
0.314792
0.314792
0.314792
0.314792
0.314792
0.372604
0.372604
0.372604
0.372604
0.372604
0.372604
0.372604
0.372604
0.39066
0.39066
0.39066
0.39066
0.39066
0.39066
0.39066
0.39066
0.403576
0.403576
0.403576
0.403576
0.403576
0.403576
0.403576
0.403576
0.416632
0.416632
0.416632
0.416632
0.416632
0.416632
0.416632
0.416632
0.468333
0.468333
0.468333
0.468333
0.468333
0.468333
0.468333
0.468333
0.473299
0.473299
0.473299
0.473299
0.473299
0.473299
0.473299
0.473299
0.450208
0.450208
0.450208
0.450208
0.450208
0.450208
0.450208
0.450208
0.451667
0.451667
0.451667
0.451667
0.451667
0.451667
0.451667
0.451667
0.483125
0.483125
0.483125
0.483125
0.483125
0.483125
0.483125
0.483125
0.513125
0.513125
0.513125
0.513125
0.513125
0.513125
0.513125
0.513125
0.554896
0.554896
0.554896
0.554896
0.554896
0.554896
0.554896
0.554896
0.594375
0.594375
0.594375
0.594375
0.594375
0.594375
0.594375
0.594375
0.567917
0.567917
0.567917
0.567917
0.567917
0.567917
0.567917
0.567917
0.570799
0.570799
0.570799
0.570799
0.570799
0.570799
0.570799
0.570799
0.552951
0.552951
0.552951
0.552951
0.552951
0.552951
0.552951
0.552951
0.570208
0.570208
0.570208
0.570208
0.570208
0.570208
0.570208
0.570208
0.606146
0.606146
0.606146
0.606146
0.606146
0.606146
0.606146
0.606146
0.637083
0.637083
0.637083
0.637083
0.637083
0.637083
0.637083
0.637083
0.659271
0.659271
0.659271
0.659271
0.659271
0.659271
0.659271
0.659271
0.685625
0.685625
0.685625
0.685625
0.685625
0.685625
0.685625
0.685625
0.688125
0.688125
0.688125
0.688125
0.688125
0.688125
0.688125
0.688125
0.705937
0.705937
0.705937
0.705937
0.705937
0.705937
0.705937
0.705937
0.723229
0.723229
0.723229
0.723229
0.723229
0.723229
0.723229
0.723229
0.765938
0.765938
0.765938
0.765938
0.765938
0.765938
0.765938
0.765938
0.772083
0.772083
0.772083
0.772083
0.772083
0.772083
0.772083
0.772083
0.790382
0.790382
0.790382
0.790382
0.790382
0.790382
0.790382
0.790382
0.797951
0.797951
0.797951
0.797951
0.797951
0.797951
0.797951
0.797951
0.809271
0.809271
0.809271
0.809271
0.809271
0.809271
0.809271
0.809271
0.824896
0.824896
0.824896
0.824896
0.824896
0.824896
0.824896
0.824896
0.807604
0.807604
0.807604
0.807604
0.807604
0.807604
0.807604
0.807604
0.802708
0.802708
0.802708
0.802708
0.802708
0.802708
0.802708
0.802708
0.797708
0.797708
0.797708
0.797708
0.797708
0.797708
0.797708
0.797708
0.802847
0.802847
0.802847
0.802847
0.802847
0.802847
0.802847
0.802847
0.799479
0.799479
0.799479
0.799479
0.799479
0.799479
0.799479
0.799479
0.794063
0.794063
0.794063
0.794063
0.794063
0.794063
0.794063
0.794063
0.784167
0.784167
0.784167
0.784167
0.784167
0.784167
0.784167
0.784167
0.783472
0.783472
0.783472
0.783472
0.783472
0.783472
0.783472
0.783472
0.774479
0.774479
0.774479
0.774479
0.774479
0.774479
0.774479
0.774479
0.775729
0.775729
0.775729
0.775729
0.775729
0.775729
0.775729
0.775729
0.774549
0.774549
0.774549
0.774549
0.774549
0.774549
0.774549
0.774549
0.769271
0.769271
0.769271
0.769271
0.769271
0.769271
0.769271
0.769271
0.773229
0.773229
0.773229
0.773229
0.773229
0.773229
0.773229
0.773229
0.774062
0.774062
0.774062
0.774062
0.774062
0.774062
0.774062
0.774062
0.777708
0.777708
0.777708
0.777708
0.777708
0.777708
0.777708
0.777708
0.770104
0.770104
0.770104
0.770104
0.770104
0.770104
0.770104
0.770104
0.782708
0.782708
0.782708
0.782708
0.782708
0.782708
0.782708
0.782708
0.782396
0.782396
0.782396
0.782396
0.782396
0.782396
0.782396
0.782396
0.783785
