3.91874e-06
0.0529148
0.0582129
0.0716267
0.0856049
0.0911538
0.102491
0.114376
0.117746
0.126728
0.134934
0.137356
0.140514
0.143473
0.145084
0.148113
0.150162
0.150926
0.152039
0.168165
0.166174
0.166766
0.166801
0.166072
0.165269
0.167906
0.16938
0.171088
0.174415
0.175991
0.177135
0.178941
0.17824
0.178377
0.177492
0.177868
0.176974
0.177852
0.178789
0.179549
0.180007
0.180145
0.179192
0.179118
0.178483
0.175297
0.174121
0.17351
0.173075
0.17208
0.172405
0.171233
0.174125
0.174772
0.17815
0.181179
0.182331
0.185756
0.188143
0.189463
0.190772
0.192669
0.193092
0.194511
0.192073
0.191282
0.189408
0.188143
0.186536
0.187837
0.184588
0.182539
0.181485
0.179494
0.178565
0.176782
0.175685
0.17516
0.175183
0.176845
0.177727
0.18007
0.181908
0.183025
0.188574
0.194601
0.198218
0.208587
0.219853
0.224215
0.236065
0.246132
0.248801
0.257575
0.275852
0.274139
0.278266
0.282185
0.283439
0.287393
0.290637
0.29128
0.294152
0.295955
0.294685
0.290359
0.287052
0.283623
0.276769
0.2749
0.273175
0.266741
0.264781
0.264249
0.263747
0.263543
0.261737
0.257904
0.254244
0.254949
0.254585
0.252735
0.252116
0.252774
0.250921
0.250278
0.249514
0.250266
0.249475
0.250748
0.253844
0.251854
0.251332
0.251709
0.25185
0.25183
0.251995
0.251187
0.250737
0.250972
0.250627
0.248715
0.247645
0.244674
0.245207
0.243001
0.240669
0.238812
0.236645
0.234599
0.231488
0.229885
0.22731
0.226582
0.22472
0.222729
0.219685
0.218442
0.215691
0.213328
0.211749
0.208669
0.206843
0.204739
0.20305
0.200867
0.199636
0.198147
0.196646
0.202305
0.198457
0.19627
0.193276
0.191799
0.190992
0.189542
0.188774
0.188272
0.187935
0.186865
0.187331
0.184914
0.184921
0.183264
0.182096
0.18065
0.178945
0.177923
0.176473
0.175783
0.174345
0.173255
0.172483
0.171954
0.179149
0.177448
0.176606
0.175477
0.174701
0.173988
0.172468
0.172072
0.171547
0.170559
0.170806
0.168604
0.167479
0.166088
0.166225
0.1657
0.164959
0.16501
0.164164
0.163282
0.161217
0.160143
0.158964
0.158149
0.157059
0.165191
0.16202
0.16032
0.15847
0.157298
0.156401
0.156624
0.154606
0.154473
0.154108
0.152478
0.150981
0.149371
0.148744
0.147458
0.147713
0.146028
0.145064
0.142129
0.13879
0.136784
0.136521
0.136176
0.135522
0.1352
0.139542
0.137587
0.137023
0.134389
0.132167
0.130639
0.127394
0.126109
0.124346
0.12337
0.121967
0.120842
0.120051
0.119459
0.118652
0.118013
0.117331
0.115936
0.116167
0.114882
0.113988
0.112915
0.110732
0.109654
0.107205
0.116183
0.113205
0.111453
0.109168
0.106939
0.105861
0.103443
0.102589
0.102785
0.102087
0.103847
0.105963
0.107291
0.11025
0.115854
0.11514
0.118522
0.120811
0.120133
0.120917
0.11871
0.117503
0.117221
0.114749
0.111923
0.120999
0.114839
0.112715
0.108428
0.10563
0.102185
0.100414
0.0991167
0.0966675
0.0944377
0.0938499
0.0916829
0.0900213
0.0907384
0.0898842
0.0902564
0.0903583
0.0897784
0.090617
0.089312
0.0884303
0.0877955
0.0849583
0.0836651
0.0816587
0.0998456
0.0950216
0.0925215
0.0891435
0.0868393
0.0854952
0.0841001
0.0832145
0.0809338
0.0795818
0.0778536
0.0755298
0.074217
0.0730101
0.0723008
0.0709253
0.0694048
0.0680293
0.0678217
0.067806
0.0676218
0.0656977
0.0649218
0.0634248
0.0640714
0.0755298
0.0743816
0.07388
0.0721362
0.0724027
0.0710742
0.0697771
0.0673279
0.0663169
0.0651452
0.0643261
0.062692
0.0615046
0.0599685
0.0600038
0.0592357
0.0592357
0.058789
0.0590358
0.0578994
0.0583814
0.0570255
0.0571627
0.0567473
0.056136
0.0644045
0.0602898
0.0585029
0.058162
0.0573586
0.0560811
0.0557676
0.0553326
0.0548624
0.0543373
0.0534399
0.0523309
0.0512062
0.0506928
0.0522055
0.0534908
0.0539689
0.0535653
0.053914
0.0561281
0.0576368
0.0604152
0.0624295
0.062453
0.0649688
0.0751967
0.0729513
0.0737977
0.0731433
0.0723282
0.0710076
0.0720108
0.0710037
0.0710429
0.0730806
0.0756866
0.0797699
0.085887
0.0890377
0.0964872
0.104372
0.108796
0.11777
0.126042
0.129875
0.139123
0.147646
0.151271
0.159246
0.167205
0.200416
0.199887
0.205706
0.207928
0.214982
0.223435
0.228247
0.236782
0.245082
0.247535
0.254495
0.263449
0.265365
0.275774
0.283748
0.285715
0.294239
0.300144
0.30248
0.307966
0.314675
0.314863
0.322516
0.326529
0.328927
0.353122
0.354532
0.352518
0.35695
0.359889
0.359345
0.363836
0.363581
0.365395
0.366728
0.368346
0.368393
0.369306
0.37344
0.374639
0.378543
0.382743
0.38192
0.385671
0.386349
0.387846
0.389974
0.390279
0.390902
0.392999
0.408807
0.404312
0.403658
0.403172
0.402901
0.403203
0.402118
0.40104
0.401749
0.401209
0.400707
0.401483
0.399927
0.399265
0.400303
0.399653
0.398732
0.398399
0.398305
0.39785
0.398117
0.398556
0.396075
0.395076
0.395781
0.402333
0.397243
0.397117
0.39769
0.396843
0.395428
0.394441
0.398164
0.400201
0.40209
0.405766
0.410476
0.410104
0.414991
0.41869
0.419799
0.425019
0.427566
0.428005
0.431363
0.432923
0.432841
0.434553
0.437296
0.437488
0.45611
0.452912
0.45368
0.453394
0.454374
0.454813
0.455573
0.455883
0.45544
0.455722
0.456714
0.455699
0.454982
0.454958
0.453238
0.456024
0.45506
0.455573
0.454539
0.452521
0.451647
0.449985
0.450569
0.451118
0.452219
0.46664
0.461878
0.459249
0.46075
0.458857
0.45783
0.45774
0.455887
0.453739
0.451231
0.447634
0.446474
0.444946
0.442528
0.442877
0.44145
0.437735
0.434863
0.434095
0.431281
0.433859
0.432178
0.431657
0.431457
0.431743
0.43935
0.434741
0.432676
0.42967
0.429063
0.429568
0.426234
0.428992
0.426108
0.425701
0.425093
0.424811
0.423428
0.422871
0.424419
0.423342
0.423686
0.422507
0.420955
0.419235
0.419783
0.418784
0.418353
0.418059
0.416468
0.437422
0.438879
0.436313
0.434208
0.434369
0.432747
0.433127
0.434302
0.43221
0.431187
0.432445
0.429713
0.432488
0.434584
0.432574
0.435063
0.434381
0.432798
0.432214
0.431485
0.431062
0.431904
0.431167
0.429945
0.42913
0.471648
0.462752
0.461549
0.456055
0.454112
0.452039
0.45138
0.448422
0.450044
0.449295
0.447473
0.445776
0.442849
0.440698
0.439526
0.437817
0.436544
0.434635
0.433048
0.432343
0.430438
0.426214
0.422225
0.419909
0.417569
0.439471
0.430297
0.426147
0.423581
0.421022
0.419486
0.413909
0.412647
0.410786
0.408983
0.406652
0.404022
0.402482
0.402298
0.400362
0.396424
0.394809
0.394147
0.394233
0.394241
0.39245
0.3881
0.386933
0.385792
0.381282
0.399253
0.389448
0.386987
0.383535
0.377633
0.373331
0.368918
0.366661
0.363189
0.360324
0.35762
0.35293
0.347228
0.345139
0.342396
0.338904
0.335758
0.332152
0.330095
0.325918
0.321952
0.319989
0.317559
0.313719
0.312755
0.340535
0.331024
0.327391
0.320882
0.316603
0.311865
0.309099
0.30315
0.301277
0.298201
0.294329
0.290798
0.288169
0.285954
0.284175
0.280856
0.279242
0.278956
0.275966
0.274884
0.27111
0.269057
0.264789
0.265761
0.260816
0.315067
0.295015
0.288545
0.282812
0.277196
0.272713
0.266396
0.261878
0.257015
0.252857
0.250506
0.246779
0.242982
0.238451
0.234893
0.231288
0.227863
0.224309
0.219449
0.217518
0.214081
0.210546
0.208348
0.205448
0.203387
0.238173
0.226166
0.221287
0.215633
0.212172
0.208493
0.197814
0.195087
0.19357
0.191035
0.188343
0.186246
0.184949
0.181434
0.179792
0.176637
0.173526
0.170254
0.167534
0.165833
0.163153
0.161817
0.158764
0.155946
0.154038
0.205522
0.190948
0.18565
0.179627
0.174396
0.170297
0.167021
0.161871
0.157482
0.154202
0.15133
0.148293
0.147635
0.14321
0.139225
0.134938
0.131004
0.127406
0.124087
0.121199
0.118609
0.118244
0.116633
0.114396
0.111324
0.129816
0.121583
0.119239
0.115959
0.112519
0.111335
0.107801
0.106515
0.105861
0.104646
0.104364
0.10224
0.100837
0.0979333
0.0952568
0.0933836
0.0917965
0.0906444
0.0892885
0.0869804
0.0869569
0.0868119
0.0867374
0.0853423
0.0831008
0.123856
0.11007
0.105281
0.103122
0.100919
0.0993048
0.0966753
0.0941634
0.0940851
0.0927762
0.0922158
0.0895315
0.0897979
0.0853345
0.0819565
0.0798953
0.0773834
0.0745384
0.071231
0.0700044
0.067998
0.0676022
0.0671829
0.0657878
0.0636835
0.0894218
0.0808044
0.0780652
0.0755259
0.0714622
0.0687661
0.0667597
0.0649257
0.062112
0.0607875
0.0595218
0.0587106
0.0556461
0.0537103
0.0520801
0.0506968
0.0498895
0.0481261
0.0477303
0.0465625
0.0472718
0.0463078
0.0439565
0.0424243
0.0413819
0.0581071
0.0514021
0.0495446
0.0473619
0.04543
0.0446697
0.0431728
0.0429808
0.0420324
0.0406726
0.0472091
0.0421343
0.0396733
0.0373025
0.0356958
0.0345711
0.032698
0.0306289
0.0301194
0.0290379
0.0287792
0.0266945
0.0262869
0.0283795
0.0274312
0.0274312
0.0275213
0.0258519
0.026138
0.0253738
0.0239631
0.0235438
0.022133
0.0213611
0.0213023
0.0323218
0.0295356
0.0263927
0.0237123
0.0204323
0.0200718
0.0190686
0.0191587
0.0173326
0.0164783
0.0168036
0.0163333
0.0123793
0.011862
0.0101025
0.00934228
0.0100947
0.00922864
0.00918553
0.00929525
0.00840962
0.00790018
0.00698712
0.00685388
0.00792369
0.0147384
0.0122774
0.0116112
0.0107883
0.0102201
0.00954605
0.0088446
0.0101378
0.0109999
0.0121794
0.0140213
0.0139194
0.014613
0.0144092
0.0137078
0.013457
0.0137509
0.0135628
0.0135706
0.0133002
0.0136882
0.0130808
0.0136176
0.0133355
0.0130377
0.0160629
0.0156162
0.0150911
0.0143661
0.0144406
0.0143896
0.0135314
0.0138802
0.013453
0.0131356
0.0127673
0.0128064
0.0125909
0.0122226
0.0119326
0.0121677
0.0138175
0.0142289
0.0144053
0.0150323
0.0150793
0.0142838
0.0144366
0.0145934
0.015142
0.0195702
0.0180732
0.0183867
0.0184455
0.0177793
0.0179008
0.0171719
0.0168427
0.0160747
0.016106
0.0161922
0.0164587
0.0162589
0.0160041
0.0155692
0.0153928
0.0158435
0.0151028
0.0144327
0.0148991
0.0150009
0.0153889
0.0150754
0.0151655
0.0158121
0.0181673
0.0172229
0.0170622
0.0168545
0.0167017
0.0169995
0.021314
0.0195898
0.0196015
0.0193155
0.0180732
0.0177127
0.0169525
0.0166899
0.0156005
0.0154398
0.0152321
0.0153771
0.0149186
0.0145816
0.0140683
0.014421
0.0138175
0.0132885
0.0134021
0.0135353
0.0127477
0.0126301
0.0128143
0.0127751
0.0128887
0.0135197
0.0125243
0.0124616
0.0118111
0.0123088
0.0123519
0.0122931
0.0116622
0.0118777
0.0109725
0.0110822
0.0114858
0.0118542
0.0123048
0.0111527
0.0114114
0.00990266
0.0100516
0.010126
0.00988698
0.00969888
0.00922864
0.00883676
0.00851151
0.00819801
0.00945984
0.00898175
0.00898567
0.00839394
0.00825679
0.00764938
0.00755141
0.00733196
0.00674415
0.00657565
0.00640322
0.00676767
0.00670105
0.0071713
0.00672848
0.00688915
0.0062112
0.00587027
0.0057919
0.00611324
0.00621904
0.00618769
0.00583892
0.00642674
0.00656389
0.00773951
0.0078414
0.00784924
0.00780221
0.00841746
0.00872312
0.00937755
0.0092012
0.00935795
0.00961267
0.0101613
0.0106041
0.0113957
0.0113134
0.0110313
0.0113056
0.0113565
0.0112899
0.0114584
0.0115681
0.0114075
0.011043
0.0108941
0.0112938
0.0117445
0.0126928
0.0118072
0.0110861
0.011525
0.0110156
0.0109842
0.010612
0.0102789
0.011043
0.0110704
0.0111175
0.0111645
0.0113526
0.0113056
0.012297
0.0131787
0.0136882
0.0154085
0.0165136
0.0162197
0.01678
0.0174266
0.0169211
0.017411
0.0174227
0.0193899
0.0183593
0.0187629
0.0184377
0.0171171
0.016784
0.0164234
0.0164156
0.0165057
0.0162471
0.0171484
0.0169133
0.0166468
0.0165802
0.0171994
0.0167409
0.015816
0.015334
0.0146678
0.0136764
0.0141075
0.0144876
0.0139546
0.014515
0.0154712
0.016298
0.0171131
0.0166664
0.0174893
0.0171798
0.016447
0.0161452
0.0154477
0.0148089
0.0138802
0.0134609
0.0133198
0.0127594
0.0130024
0.0123989
0.0114741
0.0107217
0.0103533
0.00991833
0.00925215
0.00883284
0.00903662
0.00962051
0.00956957
0.0100281
0.0087623
0.00899743
0.00839786
0.00875055
0.00786099
0.0072771
0.00715562
0.00780613
0.00813923
0.00763763
0.00751223
0.00817057
0.00757493
0.0069832
0.00681077
0.00615634
0.00583109
0.0057292
0.00581933
0.00550583
0.00526679
0.00515314
0.00520801
0.00530206
0.00525895
0.00538827
0.00571352
0.00588595
0.00599959
0.00601135
0.00610932
0.00594473
0.00597216
0.00657173
0.00640322
0.00670888
0.00677942
0.00690482
0.00680293
0.00690874
0.00619553
0.00657957
0.00686172
0.0074848
0.0087192
0.00965186
0.011043
0.0118189
0.0135393
0.0134452
0.0129318
0.0131435
0.0132101
0.0136999
0.0148285
0.0156867
0.0157337
0.0161099
0.0166899
0.0171092
0.016494
0.0166821
0.0161099
0.0155613
0.0148442
0.015432
0.014997
0.0146639
0.0141035
0.0137822
0.0136372
0.0137038
0.0131043
0.0132767
0.0143739
0.0151969
0.0150009
0.0146443
0.0144876
0.0143348
0.0140487
0.0143387
0.0141035
0.0143308
0.0150754
0.0149382
0.0147776
0.0147188
0.0146365
0.0145229
0.014758
0.0144366
0.0147737
0.0146992
0.0145816
0.0143779
0.01408
0.0139821
0.0139272
0.0138998
0.0142603
0.0149382
0.015432
0.015048
0.0155574
0.0159493
0.0160904
0.0172503
0.0171798
0.0174149
0.017795
0.0175951
0.017458
0.0164078
0.0150793
0.0145542
0.0135628
0.0132218
0.0128927
0.0133747
0.0132924
0.0138802
0.0132767
0.0133159
0.0128574
0.0128378
0.0108549
0.0107883
0.00965578
0.00774735
0.00768857
0.0074221
0.00694793
0.00703414
0.00782181
0.00700671
0.00722616
0.00679902
0.00634052
0.00605837
0.00599175
0.00489843
0.00479262
0.00453398
0.00429886
0.00377375
0.00364443
0.00359349
0.00350335
0.00326039
0.00378159
0.00377767
0.00371497
0.00446736
0.00520409
0.00616026
0.00731629
0.00765722
0.00873487
0.0115916
0.0119365
0.0137548
0.0166742
0.0171288
0.020111
0.0211769
0.0218313
0.0237632
0.0254797
0.0267532
0.0302605
0.0316556
0.0319338
0.0336698
0.0334308
0.0362092
0.0366794
0.0374671
0.0374867
0.03829
0.0392893
0.0385878
0.0392188
0.0398536
0.0405159
0.0410566
0.0412879
0.0410762
0.0414407
0.0401162
0.0409861
0.0408137
0.041182
0.0404767
0.0406609
0.0401122
0.039932
0.0389288
0.0383684
0.0379804
0.0395362
0.0386035
0.0375298
0.0371222
0.0382038
0.0379648
0.0374514
0.0370635
0.0365814
0.0365423
0.0370282
0.0356723
0.035253
0.0356605
0.0354254
0.0354999
0.0349003
0.033999
0.0338031
0.0341675
0.0341126
0.0338266
0.0346417
0.0353706
0.0355077
0.0379922
0.0368558
0.0371928
0.0383958
0.0386309
0.0401593
0.0418169
0.0430748
0.0452497
0.047985
0.0493605
0.0531538
0.0557715
0.0559557
0.0601096
0.0636913
0.0646906
0.0743895
0.0811963
0.0856754
0.0927331
0.0984897
0.100821
0.112511
0.122077
0.12743
0.135573
0.142293
0.145283
0.157173
0.170477
0.170979
0.18315
0.192896
0.197418
0.21053
0.224947
0.229885
0.246865
0.259421
0.261944
0.272396
0.286013
0.289654
0.29965
0.30679
0.3096
0.319648
0.326827
0.326752
0.34222
0.348211
0.350022
0.358247
0.364639
0.36518
0.37049
0.38031
0.389613
0.409606
0.42719
0.431297
0.451604
0.471405
0.472244
0.485375
0.492037
0.493812
0.499255
0.501689
0.501842
0.510808
0.521592
0.525213
0.531174
0.54994
0.548436
0.552448
0.557531
0.559212
0.566474
0.574875
0.576968
0.58845
0.597463
0.597643
0.603404
0.606598
0.605018
0.607033
0.617433
0.618953
0.622182
0.629028
0.629659
0.6379
0.643167
0.640824
0.643395
0.643645
0.6499
0.657529
0.662796
0.666002
0.671751
0.681818
0.681884
0.689734
0.699452
0.699229
0.701423
0.716989
0.716597
0.722455
0.723603
0.718638
0.721025
0.729717
0.729999
0.736727
0.739952
0.742127
0.753535
0.757242
0.754013
0.757787
0.753394
0.748621
0.740885
0.7361
0.728949
0.743424
0.75145
0.752759
0.758711
0.757802
0.754448
0.754342
0.761255
0.76763
0.769253
0.772533
0.768183
0.779637
0.785947
0.784532
0.787263
0.781836
0.780398
0.787577
0.79735
0.794744
0.796194
0.801665
0.799078
0.79795
0.800015
0.796562
0.801089
0.805556
0.810168
0.81569
0.819722
0.814906
0.816724
0.812394
0.809389
0.807841
0.808832
0.807735
0.806892
0.803871
0.803416
0.801853
0.796508
0.794164
0.794129
0.789634
0.785026
0.792863
0.791707
0.785739
0.787835
0.788263
0.784461
0.783952
0.779316
0.776087
0.779093
0.782882
0.785574
0.793808
0.802006
0.805391
0.816074
0.81848
0.821823
0.82756
0.823273
0.822367
0.816395
0.813856
0.81433
0.814671
0.814475
0.812226
0.811469
0.807257
0.801684
0.800411
0.796504
0.796754
0.798902
0.79496
0.790445
0.786354
0.783086
0.783552
0.791786
0.788796
0.782094
0.78606
0.78028
0.776585
0.77535
0.778838
0.770358
0.766435
0.763038
0.759621
0.755655
0.746085
0.739972
0.728835
0.720813
0.716138
0.707623
0.696686
0.690898
0.685298
0.687394
0.680407
0.677213
0.670105
0.663909
0.664677
0.663607
0.65758
0.660429
0.66387
0.65729
0.666617
0.666002
0.665579
0.665555
0.672828
0.672985
0.675458
0.679208
0.679608
0.678005
0.671978
0.668169
0.659881
0.652416
0.650864
0.658595
0.662248
0.660006
0.671562
0.68694
0.682876
0.681324
0.676798
0.677699
0.677499
0.685427
0.682112
0.6846
0.684925
0.682241
0.680164
0.681508
0.680097
0.688844
0.700628
0.698872
0.71441
0.720931
0.720108
0.729105
0.732765
0.729113
0.729916
0.733149
0.726785
0.722694
0.719751
0.719493
0.722651
0.719732
0.718576
0.717725
0.717063
0.710711
0.703571
0.712482
0.713258
0.72173
0.72269
0.718756
0.712137
0.696752
0.6902
0.68221
0.675446
0.671222
0.671069
0.671116
0.668478
0.668153
0.662949
0.667499
0.670128
0.673526
0.681857
0.680148
0.691082
0.685987
0.689393
0.720766
0.712772
0.71258
0.74043
0.733647
0.737883
0.734302
0.773379
0.781757
0.783709
0.780962
0.785696
0.80168
0.795261
0.796143
0.800579
0.797664
0.799674
0.798549
0.797193
0.794909
0.792158
0.785845
0.78124
0.781209
0.775092
0.768406
0.76642
0.764601
0.761654
0.764382
0.757802
0.75384
0.753064
0.746908
0.735344
0.725708
0.719787
0.722906
0.728177
0.721656
0.719183
0.720041
0.713799
0.710315
0.707787
0.698108
0.698386
0.70167
0.695906
0.693437
0.686469
0.677637
0.671845
0.663897
0.659019
0.655711
0.654614
0.646914
0.648936
0.643065
0.636317
0.62828
0.629734
0.621179
0.614451
0.622641
0.619341
0.630177
0.626564
0.622919
0.620337
0.615967
0.609929
0.610266
0.605763
0.602659
0.594481
0.58834
0.581498
0.579037
0.574389
0.568166
0.564683
0.5594
0.556097
0.553409
0.549505
0.542495
0.543412
0.540285
0.529794
0.5295
0.524053
0.516322
0.524919
0.517885
0.509276
0.508304
0.494396
0.486057
0.475402
0.471303
0.462086
0.465378
0.461686
0.45363
0.443625
0.435262
0.424839
0.419474
0.409363
0.400919
0.396283
0.390601
0.38549
0.387548
0.393963
0.390961
0.392442
0.388955
0.380016
0.376685
0.374902
0.365995
0.36746
0.366351
0.363965
0.365611
0.368659
0.365858
0.368773
0.3702
0.365579
0.36014
0.360328
0.363377
0.376622
0.377292
0.379851
0.393692
0.408646
0.416884
0.430517
0.443692
0.462784
0.468082
0.479791
0.479709
0.491175
0.498734
0.499134
0.509295
0.517862
0.514574
0.518931
0.514378
0.515577
0.518939
0.520761
0.514778
0.51948
0.534626
0.542221
0.547969
0.55266
0.55172
0.545246
0.529073
0.523932
0.513049
0.505333
0.497629
0.494463
0.489607
0.483032
0.473631
0.464179
0.4587
0.451306
0.443668
0.438354
0.432778
0.424807
0.406326
0.396592
0.390021
0.384766
0.376176
0.369557
0.36458
0.35717
0.346303
0.336992
0.327775
0.319052
0.312598
0.308777
0.304949
0.300332
0.299345
0.298655
0.292981
0.295113
0.285672
0.283446
0.277404
0.271816
0.265604
0.256266
0.246246
0.237899
0.23311
0.22483
0.217455
0.207548
0.202097
0.195674
0.188527
0.182049
0.180838
0.171899
0.16186
0.154547
0.147482
0.141051
0.134017
0.125235
0.12107
0.11766
0.112131
0.104952
0.101828
0.100986
0.0998652
0.0982703
0.0984936
0.0964637
0.0947512
0.092353
0.08912
0.0867296
0.0860046
0.0852561
0.0840061
0.102056
0.0961541
0.0935521
0.0930544
0.0896882
0.087482
0.0855814
0.0842843
0.0809534
0.0781554
0.0777165
0.076388
0.0742288
0.0739858
0.071568
0.0728651
0.0835867
0.0906522
0.104309
0.119196
0.128084
0.145569
0.165042
0.176061
0.195345
0.226405
0.234478
0.256121
0.275256
0.288267
0.310474
0.335809
0.34595
0.368777
0.384648
0.392822
0.401263
0.416782
0.424862
0.444906
0.452199
0.452493
0.454041
0.449448
0.449499
0.438194
0.430105
0.422197
0.41523
0.402408
0.394386
0.381646
0.362636
0.357805
0.348889
0.338693
0.32573
0.319652
0.30556
0.298565
0.296864
0.286072
0.279755
0.267756
0.258543
0.254126
0.242061
0.228071
0.221863
0.207658
0.201153
0.199621
0.191971
0.185768
0.178941
0.173886
0.164505
0.1572
0.146902
0.137418
0.132038
0.125611
0.11746
0.109929
0.100888
0.0908364
0.0859654
0.0759413
0.0649727
0.0584206
0.0489803
0.0400299
0.0351354
0.0336777
0.0331251
0.0322121
0.0317105
0.0305387
0.0297276
0.028403
0.0335679
0.0309424
0.0296923
0.0269805
0.0266945
0.0246097
0.0237868
0.0233988
0.0227836
0.0220625
0.022474
0.0222663
0.0234262
0.0242805
0.0294493
0.0356253
0.0382939
0.0458493
0.0532792
0.0568061
0.0688405
0.07774
0.0826267
0.0920395
0.102275
0.11304
0.120803
0.131282
0.132602
0.142819
0.150977
0.154355
0.164313
0.172813
0.176363
0.184345
0.190094
0.196968
0.204425
0.217373
0.222197
0.236245
0.249506
0.253351
0.263649
0.266306
0.262426
0.263398
0.2639
0.268853
0.272168
0.275225
0.272725
0.274527
0.276581
0.27245
0.273818
0.274069
0.273219
0.275511
0.272882
0.269578
0.27412
0.276369
0.276475
0.275899
0.274449
0.273697
0.266807
0.270906
0.273242
0.271667
0.275342
0.271545
0.27316
0.271843
0.271608
0.27178
0.269272
0.268359
0.262234
0.261631
0.260436
0.249906
0.240093
0.235121
0.223643
0.214704
0.209394
0.197179
0.185051
0.180748
0.172139
0.163658
0.154108
0.146373
0.135773
0.131199
0.119972
0.112076
0.109976
0.100061
0.0888379
0.0833164
0.0741073
0.0677707
0.0640636
0.0546194
0.0488236
0.0454339
0.0372907
0.0335483
0.0307033
0.0272784
0.0239827
0.0217216
0.0183475
0.0151224
0.0137273
0.0110744
0.00902878
0.00801774
0.00593297
0.0034916
0.00269218
0.00510612
0.00315067
0.00306054
0.00329174
0.00345633
0.00347984
0.00375807
0.00387563
0.00296257
0.00291946
0.00233557
0.00233949
0.00250408
0.00246097
0.00200248
0.00208869
0.00188883
0.00170465
0.00218666
0.00276271
0.0033662
0.00265691
0.002363
0.00227679
0.00216706
0.00195153
0.00175168
0.00250799
0.00197113
0.00202991
0.00219449
0.00147345
0.00160668
0.0021122
0.00222976
0.00180654
0.00143426
0.0017987
0.0018183
0.0017556
0.00273136
0.00313499
0.00291946
0.00401671
0.00393833
0.00333877
0.00340539
0.00345241
0.00368362
0.00413427
0.00423616
0.00443993
0.00426751
0.0044321
0.00443601
0.00628174
0.00695577
0.0132885
0.022137
0.0246959
0.0321611
0.038341
0.0415622
0.047597
0.0507869
0.0540786
0.060039
0.0619945
0.0616418
0.0630996
0.0657917
0.066552
0.0686446
0.0689424
0.0719481
0.0720892
0.0705491
0.0699926
0.0721166
0.0738957
0.0743581
0.0766623
0.0763371
0.0774343
0.077305
0.0756748
0.0772462
0.0805536
0.0813452
0.084347
0.086565
0.0884577
0.0897705
0.0947434
0.0991559
0.100782
0.0989717
0.0922903
0.0892689
0.085409
0.0805654
0.0755847
0.0733196
0.0709449
0.0707999
0.0705138
0.0676806
0.0659955
0.0607287
0.0604975
0.0583892
0.0556226
0.0534751
0.0509005
0.0465272
0.0443641
0.0437606
0.0425262
0.0397517
0.0386505
0.0390307
0.0355273
0.0347475
0.0344732
0.0322356
0.0311736
0.0294258
0.0273959
0.0280582
0.0262673
0.0262595
0.0249663
0.0230696
0.0209026
0.0202795
0.0175912
0.0147972
0.0135549
0.0114466
0.0104826
0.0112781
0.0112899
0.010851
0.0100986
0.0103651
0.00960875
0.0094089
0.00989874
0.0103455
0.0106747
0.0109294
0.0116426
0.0122892
0.0142094
0.0166586
0.0174266
0.018759
0.0196682
0.0208281
0.0203187
0.0190803
0.0182692
0.0174188
0.0161335
0.0156985
0.0171249
0.0179674
0.0181712
0.0183789
0.0174188
0.0163803
0.0145934
0.0111723
0.0130651
0.0213336
0.0292769
0.0365971
0.0459551
0.0569903
0.0607836
0.0664344
0.070941
0.0730101
0.0750321
0.0768191
0.0779634
0.0786021
0.07716
0.0753025
0.0750204
0.073449
0.0730061
0.0714034
0.0714857
0.0718305
0.0735822
0.076486
0.0781828
0.0786883
0.0809102
0.0758355
0.0726104
0.0688209
0.0658153
0.0638089
0.0572215
0.0559087
0.0500306
0.0420912
0.0388622
0.0320161
0.0250878
0.0219175
0.015671
0.0111919
0.00867217
0.00442034
0.00043498
0.0010659
0.00291162
0.00480438
0.00565866
0.00960483
0.0186806
0.0234223
0.0315302
0.0375768
0.0385134
0.0390307
0.0406373
0.0409744
0.0421069
0.0426202
0.0433374
0.0448813
0.0467467
0.0477655
0.0493644
0.0500815
0.0508574
0.0521545
0.0545097
0.0548036
0.0556226
0.0574252
0.0581228
0.0600429
0.0609756
0.0618534
0.0616496
0.0595609
0.0576917
0.0547801
0.0481966
0.0454221
0.04099
0.0360171
0.0332152
0.0291319
0.0252014
0.0227209
0.019143
0.014805
0.0129358
0.00929917
0.00622296
0.00626999
0.00820584
0.0115133
0.0119012
0.0126615
0.0135824
0.0142094
0.0148285
0.0153889
0.0156397
0.0166233
0.0173835
0.0175129
0.0178224
0.018665
0.0187864
0.0190608
0.019919
0.0199503
0.0207145
0.0210358
0.0214355
0.0221135
0.0227287
0.0226778
0.0237632
0.0238612
0.024355
0.0249232
0.0242727
0.0235869
0.022423
0.0250172
0.027004
0.0315811
0.037424
0.0418992
0.0493487
0.0564416
0.0578602
0.0576251
0.0580993
0.0591299
0.0616536
0.0632015
0.0632015
0.0670693
0.0694714
0.0692402
0.0709723
0.0721401
0.0731276
0.0760197
0.0780417
0.0777361
0.0788451
0.0793623
0.0809181
0.0826933
0.0820859
0.0819174
0.0848172
0.086036
0.0855226
0.0854834
0.0865532
0.086518
0.0878347
0.0915418
0.0906875
0.0898959
0.0853776
0.083191
0.0796837
0.0760863
0.0752947
0.0688954
0.0616144
0.0578053
0.050928
0.043839
0.0410566
0.0339716
0.0278466
0.0256207
0.0188727
0.0139703
0.0108902
0.0062935
0.00416954
0.00358565
0.00160277
0.00110508
0.00110117
0.00120697
0.00125792
0.00125008
0.00123832
0.00135197
0.00157142
0.00151655
0.0013167
0.00123832
0.0012344
0.00116387
0.00116387
0.000850367
0.000822936
0.00120697
0.000920904
0.000819017
0.000850367
0.000811179
0.000866042
0.000442818
0.00096401
0.000967929
0.000450655
0.00138723
0.00137156
0.00143034
0.0014225
0.00123048
0.00125792
0.00128535
0.00130494
0.00128927
0.00125792
0.00124224
0.00128927
0.00154398
0.00136764
0.0015479
0.00151655
0.00116778
0.00115603
0.00108549
0.000975767
0.000956173
0.000768073
0.000944417
0.000795504
0.00046633
0.000897392
0.000881717
0.000811179
0.000736723
0.00062308
0.00143818
0.00668929
0.0100281
0.0166821
0.0235908
0.0268159
0.0325883
0.0354803
0.0372868
0.0392658
0.0406217
0.0421265
0.0438154
0.0487256
0.0522407
0.0630055
0.0741974
0.0790018
0.08854
0.100187
0.106331
0.120309
0.130772
0.136737
0.149218
0.160731
0.164203
0.173424
0.178213
0.180905
0.184796
0.187253
0.188652
0.194879
0.19723
0.200173
0.201529
0.199346
0.194354
0.191556
0.191321
0.18759
0.180885
0.178252
0.177774
0.177578
0.182747
0.179858
0.18172
0.18547
0.187531
0.183307
0.184106
0.183675
0.178526
0.170367
0.161276
0.160606
0.159046
0.158078
0.157177
0.148332
0.146302
0.143951
0.138061
0.137093
0.130008
0.121657
0.11775
0.111739
0.106507
0.102796
0.096934
0.0908364
0.0870627
0.0807731
0.0751967
0.0714622
0.0672299
0.0630996
0.0614302
0.0602389
0.0607875
0.0609913
0.0613126
0.0612303
0.0612225
0.0618103
0.0609207
0.061873
0.0630917
0.0636208
0.0642086
0.0632642
0.063221
0.060858
0.0627077
0.0645534
0.0639225
0.0634013
0.0654939
0.0661209
0.0684722
0.0686838
0.0700984
0.0760941
0.080393
0.082223
0.0865963
0.0909148
0.0920003
0.0962364
0.101738
0.101762
0.10369
0.105183
0.104799
0.105822
0.107475
0.107785
0.109995
0.111202
0.110849
0.113079
0.115928
0.11719
0.119682
0.120482
0.120799
0.121285
0.122896
0.122798
0.124726
0.125533
0.125698
0.127818
0.128088
0.128088
0.1298
0.129338
0.128578
0.129605
0.130855
0.131427
0.132116
0.131979
0.131509
0.133053
0.134738
0.135298
0.136533
0.138022
0.138457
0.140843
0.141996
0.141827
0.144453
0.145707
0.145303
0.145554
0.144727
0.145824
0.145491
0.144884
0.145362
0.145867
0.14604
0.146259
0.146906
0.147329
0.145797
0.146099
0.145546
0.14537
0.145863
0.146165
0.145852
0.1464
0.145875
0.145178
0.144449
0.144919
0.143704
0.144261
0.144848
0.144582
0.144147
0.142822
0.143124
0.143312
0.142407
0.142442
0.141204
0.141035
0.139256
0.139668
0.139429
0.139343
0.138296
0.137179
0.13723
0.136842
0.135757
0.13464
0.133935
0.132732
0.132207
0.13174
0.131442
0.130859
0.129949
0.134448
0.133229
0.131858
0.130569
0.129295
0.128178
0.126403
0.125882
0.123429
0.122523
0.121606
0.120584
0.119855
0.118969
0.119279
0.121814
0.12335
0.126105
0.128092
0.130032
0.13203
0.129444
0.127923
0.124902
0.121559
0.123385
0.118432
0.114564
0.112503
0.109987
0.107581
0.106735
0.106202
0.105861
0.10514
0.10465
0.105159
0.10512
0.105007
0.104713
0.101636
0.0986425
0.0968164
0.0951431
0.0946102
0.0969222
0.0965656
0.0982468
0.0995987
0.0988071
0.107338
0.104517
0.102514
0.102898
0.103784
0.102412
0.10099
0.0993793
0.0992108
0.0960601
0.094861
0.0948492
0.0938225
0.0938617
0.0936501
0.0921688
0.0915535
0.0902682
0.0896804
0.088638
0.0877367
0.0877132
0.08854
0.0886537
0.0883559
0.0942849
0.0915849
0.0914203
0.0904798
0.0894962
0.0891514
0.0876035
0.085264
0.0838728
0.0829245
0.082078
0.0817763
0.0819565
0.0824111
0.0816274
0.0807104
0.0802049
0.080828
0.0813139
0.0811454
0.0825757
0.0832066
0.0834339
0.0839434
0.0830773
0.08941
0.0858557
0.0856245
0.0847271
0.0842686
0.0854991
0.0859419
0.0897744
0.0944064
0.0948884
0.100085
0.106997
0.110007
0.11505
0.122457
0.125094
0.131928
0.137567
0.139785
0.145037
0.150562
0.154477
0.16206
0.168698
0.172158
0.195678
0.197983
0.19944
0.207023
0.21258
0.214183
0.220206
0.227879
0.23041
0.236876
0.242018
0.244404
0.252759
0.259754
0.26098
0.264829
0.268779
0.271236
0.275182
0.280323
0.280938
0.28713
0.292213
0.293286
0.29782
0.381149
0.37049
0.368432
0.368393
0.369827
0.373691
0.379667
0.381768
0.385882
0.389805
0.389852
0.397517
0.40916
0.411793
0.418733
0.42177
0.423659
0.430129
0.43806
0.439988
0.446603
0.455981
0.461396
0.471397
0.476174
0.516004
0.517662
0.522482
0.523763
0.54217
0.550967
0.554282
0.563629
0.569409
0.570741
0.576137
0.584312
0.585378
0.593301
0.600684
0.597937
0.604239
0.610105
0.611284
0.617127
0.623084
0.623017
0.626383
0.630906
0.630894
0.642999
0.644143
0.640071
0.641275
0.621265
0.616179
0.613875
0.612241
0.610689
0.609889
0.607746
0.60521
0.605755
0.604599
0.60146
0.601672
0.599156
0.595727
0.596088
0.596546
0.593023
0.59289
0.592678
0.592596
0.59715
0.604199
0.60262
0.601723
0.604873
0.603619
0.604576
0.606339
0.605626
0.605677
0.606582
0.602005
0.603032
0.604572
0.601448
0.599391
0.599599
0.596425
0.59519
0.590923
0.587431
0.582407
0.582525
0.579343
0.577646
0.575906
0.58191
0.577771
0.574562
0.570224
0.569585
0.566771
0.562363
0.563711
0.563021
0.559788
0.557997
0.553185
0.549482
0.544591
0.539783
0.535998
0.532345
0.526875
0.524547
0.520091
0.514339
0.509088
0.502065
0.499812
0.496787
0.499687
0.490348
0.486888
0.482244
0.479321
0.470182
0.464923
0.463387
0.459692
0.454848
0.451886
0.448762
0.444256
0.43971
0.435682
0.429733
0.426637
0.42264
0.419552
0.418808
0.414912
0.410649
0.407941
0.402584
0.401075
0.409501
0.401937
0.396353
0.391604
0.387129
0.381435
0.378903
0.372296
0.368522
0.363914
0.36128
0.35744
0.353451
0.350998
0.347898
0.3451
0.341569
0.33825
0.335554
0.331529
0.329343
0.32725
0.32448
0.322512
0.319319
0.340574
0.330217
0.326455
0.321505
0.317935
0.313123
0.310121
0.304713
0.301332
0.294713
0.29284
0.288235
0.284493
0.27963
0.278552
0.275413
0.273865
0.270981
0.266447
0.26343
0.259711
0.254981
0.24991
0.249032
0.245928
0.272012
0.258613
0.252939
0.248683
0.244533
0.243307
0.239365
0.237229
0.232691
0.228964
0.224591
0.219955
0.215339
0.212858
0.20957
0.206788
0.205718
0.200969
0.196709
0.191615
0.187496
0.186238
0.182155
0.17958
0.17565
0.198355
0.187194
0.181054
0.176194
0.173028
0.168643
0.164685
0.161503
0.157702
0.155645
0.152047
0.148023
0.145738
0.143547
0.141086
0.140322
0.137038
0.136012
0.13573
0.130396
0.128382
0.125807
0.12174
0.120196
0.119522
0.141878
0.129961
0.125995
0.120823
0.117245
0.112609
0.11016
0.107256
0.103792
0.100504
0.099054
0.0993283
0.0963775
0.0948022
0.0945827
0.0910049
0.0909736
0.0881991
0.08671
0.084441
0.0840374
0.0836651
0.0820624
0.0823719
0.0824699
0.10157
0.0919454
0.0864709
0.0857577
0.0825404
0.0807261
0.0776694
0.0763214
0.0734568
0.0746559
0.0739153
0.0721048
0.0710781
0.0707215
0.0699417
0.0704002
0.0691736
0.0678648
0.0663325
0.0655762
0.0638402
0.0626136
0.0592984
0.0579621
0.0576682
0.0700788
0.0630996
0.0616967
0.060282
0.0582129
0.055172
0.0536828
0.0530441
0.0536593
0.0520957
0.0511161
0.0495329
0.0494075
0.047597
0.0466409
0.0466409
0.0448892
0.0447834
0.043741
0.0434667
0.0430278
0.0423655
0.0418404
0.0421852
0.0425419
0.0495721
0.0464763
0.0457866
0.0444385
0.0431414
0.0421147
0.0392893
0.0381058
0.038725
0.0386701
0.0401828
0.0397243
0.0381529
0.0369028
0.0368518
0.0357115
0.0354881
0.0357428
0.0349121
0.0338814
0.0337482
0.0333955
0.0349238
0.0338148
0.0329958
0.0402533
0.0366363
0.0364365
0.0346495
0.0344301
0.0324472
0.0318633
0.0315184
0.0309424
0.0318241
0.0314009
0.0292338
0.0281953
0.0275919
0.0276428
0.0282032
0.0267885
0.0272862
0.0287988
0.028548
0.0280817
0.0277995
0.0273215
0.0267807
0.0270158
0.0328978
0.0285245
0.0293357
0.0286617
0.0273567
0.0269257
0.0232577
0.0215021
0.0196486
0.0167761
0.0163333
0.01495
0.0146404
0.0142446
0.0133943
0.0122735
0.0121167
0.0105845
0.0105649
0.0105101
0.00996536
0.0092012
0.00864082
0.00719873
0.00616026
0.0092835
0.00800991
0.00710076
0.00680293
0.00600351
0.00576055
0.00648944
0.00808828
0.00941673
0.00947943
0.0109333
0.0121246
0.0113056
0.0108588
0.0126889
0.0125125
0.0134217
0.0141623
0.0137783
0.0153184
0.0156201
0.0158866
0.0164038
0.016396
0.0154869
0.0186258
0.0167605
0.0162549
0.0151342
0.0144719
0.0145033
0.014033
0.0141271
0.0140526
0.0141584
0.0143073
0.0137822
0.0136999
0.0138802
0.0138567
0.0134766
0.013551
0.0134726
0.013312
0.0132571
0.0127869
0.0133825
0.0132885
0.0134726
0.0138527
0.0174462
0.015769
0.0158474
0.0157337
0.0152126
0.0153732
0.0150989
0.0142368
0.0142995
0.0142681
0.0146404
0.0152909
0.0158082
0.0161452
0.0161099
0.0164548
0.0164705
0.0160786
0.0164901
0.0160041
0.0153419
0.0150715
0.0147972
0.0148246
0.0141153
0.0161844
0.0138684
0.0146208
0.013935
0.0138018
0.0140408
0.0138684
0.0132453
0.0114623
0.010561
0.00924823
0.00786099
0.00711643
0.00543138
0.00427927
0.00427927
0.00388347
0.00429494
0.00433021
0.0042244
0.00390698
0.00384037
0.00326039
0.00381685
0.00375807
0.00475735
0.00318594
0.00326039
0.00335052
0.00367578
0.00323688
0.00255894
0.00229246
0.00226503
0.00347592
0.00336228
0.00304094
0.00209653
0.00207301
0.00218274
0.00188883
0.00206518
0.00184573
0.00153615
0.00179478
0.00195153
0.0013794
0.00099536
0.000960092
0.000854286
0.00227287
0.00166938
0.00164979
0.0015048
0.00141858
0.00121873
0.00115603
0.000775911
0.00108941
0.00108549
0.000771992
0.000775911
0.000768073
0.000920904
0.000877798
0.000893473
0.00128927
0.00134805
0.00134413
0.00127751
0.00126967
0.00119522
0.00118346
0.00118346
0.0011286
0.00149304
0.00103455
0.000967929
0.000967929
0.000936579
0.000905229
0.000838611
0.00137156
0.00143818
0.00228463
0.00374632
0.00523544
0.00534124
0.00633269
0.00747304
0.00762979
0.00801774
0.00808436
0.00842137
0.00876622
0.0093266
0.00953038
0.00967929
0.00934228
0.00906013
0.00897
0.00782964
0.00767681
0.00718697
0.00657957
0.0062112
0.00565866
0.00590554
0.00577231
0.00524719
0.00495329
0.00503558
0.00495329
0.0048514
0.00502383
0.00523936
0.00533733
0.00570961
0.00625039
0.00635228
0.00695577
0.00761019
0.00770816
0.00793937
0.00844097
0.00851934
0.00912675
0.00870744
0.00864866
0.00904445
0.00861731
0.00839394
0.00817841
0.00826462
0.00801383
0.00753574
0.00675983
0.00594865
0.00509044
0.0034093
0.00260988
0.00071713
0.00115211
0.00182613
0.00189667
0.00201423
0.00220625
0.00241786
0.00353079
0.00376983
0.00438899
0.00514923
0.00559596
0.00622688
0.00696752
0.00737115
0.00831557
0.00953822
0.0102671
0.0139076
0.0153693
0.015671
0.0166782
0.0159728
0.015193
0.013261
0.0117484
0.0112977
0.0108745
0.0106982
0.0100281
0.0108706
0.0112703
0.011768
0.0133276
0.0151381
0.0158239
0.017893
0.0201658
0.0193311
0.0198053
0.0189354
0.0183554
0.0178812
0.0179126
0.0173875
0.0170975
0.0170935
0.0161883
0.0159845
0.0156985
0.0154124
0.0154829
0.0150049
0.0150832
0.0139507
0.0146678
0.0145777
0.014417
0.0142015
0.0143465
0.0144366
0.0139546
0.0140017
0.012971
0.0123244
0.0127202
0.0126615
0.0121951
0.01283
0.0129906
0.0117601
0.0114506
0.0108588
0.0138096
0.013649
0.0135079
0.0136646
0.0134922
0.0136451
0.0136842
0.0141231
0.014225
0.013743
0.0125556
0.0116073
0.0105688
0.00949119
0.00873095
0.00857029
0.00855853
0.00833516
0.00795896
0.00841354
0.00842921
0.00826854
0.00827638
0.0103807
0.0122931
0.0130377
0.0157651
0.0167173
0.017552
0.0202011
0.0212317
0.02276
0.0245548
0.0262712
0.0270197
0.0271921
0.0276036
0.0276546
0.0279681
0.030143
0.0303585
0.0319691
0.0353588
0.036123
0.0384076
0.0406844
0.0404336
0.0422323
0.0425379
0.0425027
0.0439683
0.0447795
0.0445757
0.0455358
0.0441407
0.0442073
0.045042
0.0469034
0.0456847
0.0454104
0.0454065
0.0446501
0.0456494
0.0465664
0.04572
0.0469739
0.046829
0.046539
0.0473306
0.0473972
0.0467271
0.046829
0.0460413
0.0469935
0.0459668
0.0458493
0.0452458
0.0455946
0.0459864
0.0462647
0.0464332
0.0465468
0.0457317
0.044803
0.0446266
0.0440114
0.0436352
0.0436077
0.0436469
0.0439056
0.0434392
0.0428945
0.0445522
0.0447442
0.0442269
0.0474128
0.0486551
0.0482515
0.0468054
0.0465546
0.0460648
0.0471229
0.0467506
0.0462921
0.0461549
0.0464998
0.0454065
0.0448892
0.0466604
0.0466409
0.0467114
0.0442935
0.0438468
0.0428867
0.0434275
0.0431884
0.0452732
0.0441172
0.0441289
0.0439408
0.0461314
0.0459551
0.0465272
0.0488079
0.04996
0.0511984
0.0539258
0.0542079
0.0561046
0.0563319
0.0561007
0.0571588
0.0586087
0.0598784
0.0630329
0.0641929
0.0620689
0.0642007
0.0643614
0.0643732
0.0645417
0.0660739
0.0638716
0.0653293
0.0647807
0.0697026
0.0680176
0.0658936
0.0653137
0.0647611
0.0632289
0.0635581
0.0624882
0.0622453
0.0620689
0.061489
0.0618808
0.0615595
0.0616144
0.0620415
0.0616418
0.0619945
0.0630212
0.0626607
0.0630525
0.0637775
0.063997
0.0642674
0.0644398
0.0641106
0.0664893
0.0658348
0.06549
0.0656859
0.0650903
0.0646553
0.0637462
0.063562
0.0637344
0.0634875
0.0628723
0.063754
0.064765
0.0652039
0.0647964
0.0653372
0.0649884
0.0638324
0.0636404
0.0645848
0.0640675
0.065251
0.0627038
0.0625431
0.0610187
0.0627077
0.061199
0.0588164
0.0581149
0.0576604
0.0571352
0.056132
0.0559087
0.0562457
0.0564534
0.055603
0.0558029
0.0557519
0.0552738
0.0540159
0.0528638
0.0525934
0.052515
0.0514296
0.0506928
0.0497994
0.0491998
0.0481261
0.050493
0.0539571
0.0557794
0.0566493
0.0550818
0.0548193
0.0567081
0.0583187
0.0581894
0.0569824
0.0552464
0.0543373
0.0528756
0.0497249
0.0485219
0.0471934
0.0463391
0.0447324
0.0439957
0.043016
0.042487
0.0416014
0.040218
0.0391717
0.0364913
0.036025
0.0352412
0.0365658
0.0358526
0.0344967
0.0342968
0.0333563
0.0323453
0.0320671
0.0308483
0.0306328
0.0302409
0.0316556
0.0296061
0.030719
0.0275056
0.0279602
0.028066
0.0262595
0.0257344
0.0261145
0.0258519
0.0266945
0.0259656
0.0280974
0.0264554
0.0248918
0.0252445
0.0233008
0.0230344
0.0224975
0.0231558
0.0219959
0.0218235
0.021604
0.0216628
0.0207654
0.0206949
0.0199229
0.0204833
0.0211181
0.0198876
0.0215883
0.021604
0.0216706
0.0212827
0.0202403
0.0202129
0.0186297
0.0177127
0.0179792
0.0170308
0.0188844
0.0178969
0.0175873
0.0180184
0.0161648
0.0154594
0.0164509
0.0148442
0.0143269
0.0144131
0.0151851
0.0165253
0.0179008
0.0175285
0.0202325
0.0189589
0.0194448
0.0159845
0.0160943
0.0132297
0.0121363
0.0112037
0.0100947
0.00976158
0.0092208
0.01138
0.00951078
0.0101025
0.00940106
0.00905229
0.00911107
0.00927174
0.00913459
0.00883676
0.00889554
0.00897784
0.00857421
0.00847624
0.00851542
0.00858988
0.00797856
0.00788451
0.0075279
0.00753966
0.00732413
0.00778262
0.00875447
0.00753574
0.00791194
0.0105101
0.0139742
0.0125909
0.0155809
0.0178773
0.0192097
0.0234145
0.0210123
0.0213963
0.0214042
0.0210045
0.0211651
0.018665
0.0156358
0.0155927
0.0148442
0.0149422
0.0136686
0.013841
0.0132532
0.0150872
0.0167761
0.0129514
0.0139037
0.0141584
0.0114192
0.0123636
0.00844881
0.0075475
0.00711643
0.00502383
0.00389523
0.00356997
0.00345241
0.00315851
0.00309972
0.00269218
0.00262556
0.00258637
0.0037855
0.00387563
0.00400103
0.00425183
0.00429102
0.00447912
0.00557245
0.00404414
0.00382077
0.00371497
0.00600351
0.00450263
0.0189745
0.0185435
0.0182221
0.0199386
0.0206165
0.0209731
0.0191509
0.0183554
0.018038
0.0178381
0.017313
0.0146874
0.0123519
0.0124459
0.0105022
0.0115446
0.0107217
0.0090758
0.00728494
0.00544705
0.00746912
0.00859772
0.00901702
0.0064816
0.00628958
0.00892297
0.00769249
0.00859772
0.00841746
0.00854286
0.00998887
0.0109568
0.0115956
0.012634
0.0129044
0.0131905
0.0146091
0.0147149
0.0162275
0.0166586
0.0171367
0.0185161
0.0182966
0.0181046
0.0190294
0.0204284
0.0203108
0.0222389
0.0239788
0.0242805
0.0301586
0.0293906
0.0264476
0.0266474
0.0253347
0.0258441
0.0241238
0.024982
0.0250839
0.0266396
0.027921
0.028646
0.0322591
0.0353745
0.0359584
0.0400417
0.0455358
0.0472326
0.051747
0.0586165
0.0599646
0.0666186
0.0760902
0.0768896
0.0861849
0.0972044
0.0976158
0.104344
0.110834
0.111915
0.117754
0.124091
0.125748
0.133531
0.140851
0.142274
0.150738
0.153959
0.155021
0.161668
0.164991
0.168416
0.175172
0.181273
0.182029
0.186168
0.19201
0.192469
0.20042
0.212337
0.216855
0.225755
0.233604
0.237738
0.247806
0.259025
0.259323
0.268387
0.280441
0.286358
0.298204
0.308691
0.311657
0.32243
0.329605
0.330561
0.336134
0.344536
0.347251
0.358737
0.36842
0.369467
0.375596
0.382602
0.382955
0.391482
0.391976
0.393951
0.40075
0.404547
0.407142
0.416997
0.423385
0.426915
0.434514
0.447485
0.450295
0.458798
0.471221
0.473936
0.487824
0.502645
0.50504
0.520632
0.530919
0.532486
0.551359
0.557864
0.5598
0.574777
0.589645
0.594979
0.601934
0.607319
0.605951
0.609372
0.612942
0.608561
0.610603
0.605355
0.60032
0.604717
0.604113
0.601092
0.593023
0.600864
0.601856
0.614607
0.623864
0.624279
0.632328
0.633551
0.627888
0.644778
0.651847
0.661041
0.667996
0.675309
0.671449
0.689256
0.699436
0.699327
0.714069
0.726746
0.731029
0.748562
0.756748
0.75259
0.765256
0.7749
0.777486
0.787902
0.787761
0.790222
0.799133
0.801915
0.799502
0.795736
0.797432
0.790963
0.787522
0.795356
0.791715
0.792938
0.79706
0.792483
0.790853
0.793188
0.794211
0.799114
0.803377
0.801641
0.80072
0.7984
0.789756
0.784516
0.784019
0.777235
0.765444
0.754628
0.748574
0.745936
0.745493
0.758053
0.772392
0.777937
0.770667
0.773438
0.78115
0.778321
0.782126
0.783936
0.774508
0.769602
0.765589
0.759397
0.757986
0.75105
0.747378
0.751297
0.751328
0.753605
0.747527
0.754863
0.748562
0.75422
0.75627
0.752206
0.757113
0.751191
0.746626
0.736876
0.741038
0.742601
0.739404
0.736637
0.726813
0.719332
0.728118
0.724897
0.725994
0.729736
0.730645
0.737981
0.746814
0.748221
0.751473
0.757645
0.754389
0.75808
0.75377
0.747911
0.74672
0.740477
0.737487
0.757422
0.759848
0.749953
0.7494
0.746775
0.743918
0.74402
0.745584
0.743221
0.747739
0.747994
0.746273
0.748785
0.744157
0.740023
0.741884
0.739463
0.73967
0.736923
0.734364
0.728169
0.730873
0.735348
0.728745
0.729384
0.723815
0.718705
0.718337
0.713125
0.710746
0.706204
0.704962
0.699895
0.700173
0.710397
0.705483
0.698829
0.695416
0.691952
0.69433
0.696979
0.69143
0.689977
0.686599
0.681257
0.684204
0.682696
0.680391
0.684412
0.690408
0.690263
0.686497
0.684149
0.680317
0.68607
0.686779
0.679459
0.677143
0.680807
0.678499
0.673185
0.666758
0.66414
0.661009
0.669482
0.668235
0.673514
0.675234
0.675101
0.681316
0.676633
0.680909
0.674674
0.669227
0.664376
0.667013
0.662737
0.655962
0.652513
0.646972
0.649798
0.64814
0.650135
0.650652
0.646349
0.644076
0.640181
0.640992
0.641898
0.639507
0.641725
0.642156
0.639809
0.641745
0.653564
0.653054
0.654735
0.658493
0.663709
0.666664
0.676586
0.672111
0.678209
0.680086
0.677127
0.682825
0.689926
0.695604
0.697595
0.696639
0.694083
0.697269
0.693856
0.692226
0.700154
0.701917
0.699609
0.701772
0.694867
0.689075
0.68971
0.684142
0.678781
0.677456
0.674055
0.674227
0.673447
0.673271
0.670575
0.672182
0.678585
0.675497
0.681618
0.679902
0.681414
0.684463
0.685309
0.683711
0.692453
0.693888
0.692265
0.688374
0.692908
0.684173
0.683107
0.681638
0.67951
0.669125
0.665206
0.664893
0.662138
0.652408
0.645848
0.634993
0.627955
0.625255
0.624538
0.623303
0.617139
0.617315
0.608541
0.601852
0.604791
0.61266
0.605994
0.601139
0.595672
0.589026
0.585362
0.579182
0.57089
0.572689
0.571188
0.57004
0.576764
0.58316
0.582968
0.58399
0.584586
0.587094
0.603568
0.613565
0.616054
0.626156
0.627022
0.61929
0.622429
0.625086
0.625345
0.634017
0.631928
0.629507
0.632963
0.629624
0.624067
0.62221
0.617876
0.612182
0.618272
0.619596
0.61295
0.612362
0.607989
0.607793
0.595586
0.587862
0.580291
0.575714
0.567959
0.561254
0.551371
0.543384
0.536096
0.530797
0.52336
0.520581
0.520648
0.523081
0.521859
0.522231
0.529434
0.528066
0.533791
0.531808
0.532365
0.540214
0.546747
0.536918
0.537996
0.53539
0.527408
0.524735
0.513069
0.504875
0.503821
0.502696
0.49596
0.496152
0.493044
0.488475
0.487989
0.489086
0.485481
0.48503
0.487201
0.478788
0.476586
0.477992
0.470758
0.468709
0.461424
0.455855
0.455123
0.451216
0.443484
0.437512
0.433103
0.427499
0.431449
0.433593
0.430474
0.423933
0.419098
0.41561
0.422824
0.417687
0.410786
0.401463
0.399245
0.395021
0.389801
0.386039
0.37382
0.367535
0.358095
0.364619
0.358271
0.349446
0.344826
0.343678
0.341224
0.339861
0.340386
0.336385
0.332776
0.341855
0.342345
0.342106
0.346432
0.3484
0.345519
0.346095
0.34084
0.33325
0.335107
0.331298
0.332341
0.339974
0.348349
0.342451
0.34981
0.356174
0.356359
0.363369
0.363546
0.365156
0.362805
0.361312
0.355453
0.351934
0.345065
0.341659
0.343391
0.338469
0.331745
0.328148
0.325596
0.321204
0.318829
0.318437
0.312038
0.30505
0.294529
0.287318
0.28378
0.281742
0.27867
0.271596
0.260929
0.258022
0.251246
0.244212
0.238322
0.236766
0.229168
0.224336
0.220296
0.215887
0.215927
0.217192
0.226629
0.231394
0.242766
0.249412
0.249318
0.259115
0.261913
0.260765
0.258884
0.255357
0.271553
0.266858
0.266349
0.261521
0.256199
0.254683
0.253037
0.255051
0.257979
0.25803
0.263861
0.266177
0.266615
0.279336
0.280692
0.281495
0.288623
0.293134
0.296974
0.301104
0.30712
0.31241
0.3235
0.328532
0.331894
0.33187
0.332368
0.330467
0.337212
0.336545
0.332776
0.331271
0.332392
0.327948
0.330895
0.335276
0.330366
0.326423
0.324515
0.322093
0.314522
0.31511
0.311289
0.308268
0.302421
0.296308
0.294611
0.287189
0.282432
0.280503
0.277478
0.274559
0.267078
0.256529
0.253742
0.2471
0.23532
0.227973
0.220292
0.226421
0.21874
0.213148
0.208375
0.197171
0.196666
0.222784
0.214512
0.211949
0.210401
0.207611
0.206361
0.206408
0.204762
0.201294
0.201525
0.209237
0.199382
0.190212
0.185196
0.178099
0.174815
0.167318
0.167064
0.157087
0.150589
0.143614
0.138669
0.135169
0.130341
0.123907
0.115677
0.107593
0.102177
0.0995635
0.0977295
0.0972827
0.0959386
0.0942222
0.0937167
0.0884852
0.100876
0.0963697
0.0935991
0.0925411
0.0902917
0.086228
0.0814275
0.0764272
0.0724301
0.0678177
0.0649845
0.0636756
0.061054
0.058883
0.0563985
0.0534869
0.0516294
0.0493879
0.0461863
0.0449715
0.0430239
0.0414681
0.0393402
0.0377375
0.0358095
0.0394382
0.0365775
0.0333994
0.0303271
0.0288145
0.027486
0.0257069
0.0238965
0.0236026
0.0214316
0.0200404
0.0176422
0.0161335
0.0155261
0.0162824
0.015189
0.0134334
0.0126497
0.0123088
0.0118072
0.0112899
0.0108863
0.00896608
0.00879757
0.00864866
0.0081549
0.00855069
0.00813923
0.00748871
0.00645809
0.0059173
0.00446345
0.00381293
0.00306446
0.00386388
0.00395793
0.00347984
0.00295865
0.00333485
0.00332309
0.00322512
0.0018614
0.0015048
0.00222584
0.00176735
0.00176735
0.00143034
0.00140291
0.000944417
0.0014852
0.00138332
0.00141467
0.00202599
0.0020495
0.00219449
0.00188883
0.00168506
0.00136372
0.00141858
0.00123048
0.00129318
0.00065443
0.000646592
0.00059173
0.00181046
0.00127359
0.00134805
0.00186532
0.0017556
0.00175168
0.00110508
0.00119913
0.0013598
0.00115995
0.00134805
0.00115211
0.00059173
0.000540786
0.000525111
0.00173208
0.00320161
0.00402455
0.00507477
0.00743777
0.00818233
0.0090954
0.0106942
0.011286
0.0120031
0.00985563
0.00969888
0.00853894
0.00705765
0.00664618
0.00497288
0.00424008
0.00398536
0.00700279
0.0132649
0.0169956
0.0234341
0.0283795
0.0291045
0.0317379
0.0337364
0.0347279
0.0365383
0.0425027
0.0488706
0.0569393
0.0657839
0.0709684
0.0802441
0.0831674
0.0867492
0.089218
0.091871
0.0902956
0.0948335
0.0992656
0.0998965
0.101648
0.100802
0.101366
0.103357
0.104117
0.102193
0.099779
0.0991285
0.0981488
0.0958093
0.0919062
0.0896255
0.0865297
0.0874154
0.0885283
0.08584
0.085264
0.0839629
0.0831792
0.081694
0.0778889
0.0702944
0.0651295
0.0616771
0.0537455
0.0473031
0.0458767
0.0482515
0.0501795
0.0508065
0.0509554
0.0523074
0.0512846
0.052374
0.0570373
0.05652
0.0578837
0.0573037
0.0577544
0.0601997
0.0626803
0.0622649
0.0617868
0.0664658
0.0634091
0.0662581
0.0667675
0.0640518
0.0647925
0.0657094
0.0635541
0.0622492
0.0634562
0.0638872
0.0646004
0.0662777
0.0627978
0.0657721
0.0672848
0.0670418
0.069589
0.0702709
0.0682801
0.0672652
0.0665833
0.067465
0.0693578
0.0649335
0.0618417
0.0581855
0.0514296
0.0477538
0.0429063
0.0336659
0.0322238
0.0249624
0.0206008
0.0176461
0.0144406
0.0121285
0.0121089
0.013116
0.0136803
0.0113408
0.00931877
0.0063366
0.00588595
0.00632485
0.0065443
0.00641106
0.00700279
0.00650903
0.00683428
0.00696752
0.00844097
0.00862123
0.00887987
0.00977726
0.00916202
0.0107256
0.0104552
0.0111292
0.0115407
0.0126144
0.012975
0.0178146
0.0244725
0.0277368
0.0365854
0.0481809
0.0535966
0.0647925
0.0763802
0.0844645
0.0981292
0.111931
0.117492
0.132759
0.149069
0.158772
0.172652
0.188429
0.196631
0.215241
0.229191
0.239318
0.252324
0.270515
0.278058
0.294454
0.307343
0.31161
0.322191
0.330342
0.330851
0.335166
0.333575
0.33053
0.326
0.318131
0.315647
0.308095
0.301904
0.300544
0.294999
0.285884
0.278348
0.270926
0.259146
0.253131
0.247817
0.243722
0.237899
0.233917
0.229646
0.226264
0.223964
0.216855
0.215143
0.210142
0.205072
0.20292
0.192547
0.183769
0.177899
0.161064
0.144974
0.138477
0.121403
0.108537
0.101872
0.0884381
0.0746599
0.0688248
0.056422
0.0447363
0.0390581
0.0283482
0.0201462
0.0176265
0.0117993
0.00751615
0.00528246
0.00138332
3.91874e-06
3.91874e-06
3.91874e-06
3.91874e-06
3.91874e-06
0.000889554
0.00213571
0.00239043
0.00302527
0.00348376
0.00313107
0.0021318
0.000352687
3.91874e-06
3.91874e-06
3.91874e-06
3.91874e-06
3.91874e-06
3.91874e-06
3.91874e-06
3.91874e-06
3.91874e-06
3.91874e-06
3.91874e-06
3.91874e-06
3.91874e-06
3.91874e-06
3.91874e-06
3.91874e-06
3.91874e-06
3.91874e-06
3.91874e-06
3.91874e-06
3.91874e-06
3.91874e-06
3.91874e-06
3.91874e-06
3.91874e-06
3.91874e-06
3.91874e-06
3.91874e-06
3.91874e-06
3.91874e-06
3.91874e-06
3.91874e-06
3.91874e-06
3.91874e-06
3.91874e-06
3.91874e-06
3.91874e-06
3.91874e-06
3.91874e-06
3.91874e-06
3.91874e-06
3.91874e-06
3.91874e-06
3.91874e-06
3.91874e-06
3.91874e-06
3.91874e-06
3.91874e-06
3.91874e-06
3.91874e-06
3.91874e-06
3.91874e-06
3.91874e-06
3.91874e-06
3.91874e-06
3.91874e-06
3.91874e-06
3.91874e-06
3.91874e-06
3.91874e-06
3.91874e-06
3.91874e-06
3.91874e-06
3.91874e-06
3.91874e-06
3.91874e-06
3.91874e-06
3.91874e-06
3.91874e-06
3.91874e-06
3.91874e-06
3.91874e-06
3.91874e-06
3.91874e-06
3.91874e-06
3.91874e-06
3.91874e-06
3.91874e-06
3.91874e-06
3.91874e-06
3.91874e-06
3.91874e-06
3.91874e-06
3.91874e-06
3.91874e-06
3.91874e-06
3.91874e-06
3.91874e-06
3.91874e-06
3.91874e-06
3.91874e-06
3.91874e-06
3.91874e-06
3.91874e-06
3.91874e-06
3.91874e-06
3.91874e-06
3.91874e-06
3.91874e-06
3.91874e-06
3.91874e-06
3.91874e-06
3.91874e-06
3.91874e-06
3.91874e-06
3.91874e-06
3.91874e-06
3.91874e-06
3.91874e-06
3.91874e-06
3.91874e-06
3.91874e-06
3.91874e-06
3.91874e-06
3.91874e-06
3.91874e-06
3.91874e-06
3.91874e-06
3.91874e-06
3.91874e-06
0.00281757
0.00627782
0.0138802
0.022039
0.0260361
0.032553
0.0389523
0.0409822
0.0441995
0.0459433
0.0463509
0.0502383
0.0499835
0.0506536
0.0523661
0.0519351
0.0532322
0.0545998
0.0550034
0.0552111
0.0566689
0.0579778
0.0586753
0.0597059
0.0591965
0.0582913
0.0605759
0.0606621
0.0623472
0.0632837
0.067614
0.0682919
0.0748127
0.0847389
0.0895785
0.100222
0.112523
0.116242
0.125145
0.137787
0.139629
0.148183
0.152803
0.155018
0.160292
0.170195
0.170779
0.176528
0.180775
0.180991
0.184557
0.185995
0.187222
0.188715
0.190588
0.190921
0.194726
0.196243
0.193746
0.192453
0.193821
0.190227
0.191783
0.188464
0.188734
0.187053
0.184181
0.183166
0.181783
0.1815
0.179306
0.178181
0.180121
0.181265
0.184518
0.187908
0.190067
0.192626
0.194985
0.196066
0.196396
0.197183
0.196827
0.198582
0.201239
0.201012
0.202532
0.206377
0.205996
0.206702
0.207207
0.205801
0.207376
0.207685
0.209233
0.21363
0.218693
0.222694
0.229748
0.23681
0.239694
0.248617
0.254949
0.2581
0.266141
0.262791
0.261435
0.26428
0.265428
0.266133
0.262438
0.26205
0.265593
0.26437
0.264104
0.263045
0.262493
0.263249
0.264429
0.264104
0.265561
0.264801
0.265236
0.266212
0.265224
0.266094
0.265843
0.263379
0.266149
0.270589
0.273509
0.279971
0.287953
0.288278
0.294623
0.297824
0.298334
0.307668
0.303863
0.305141
0.30297
0.304282
0.304306
0.299831
0.296112
0.29275
0.290269
0.285692
0.282933
0.280484
0.276726
0.275562
0.273853
0.271479
0.270048
0.266431
0.266612
0.265224
0.265009
0.266059
0.266757
0.272015
0.288819
0.289293
0.291049
0.294395
0.292844
0.296465
0.296758
0.297029
0.296112
0.294509
0.292166
0.297836
0.30335
0.305674
0.31154
0.319272
0.322657
0.328978
0.336714
0.339441
0.346965
0.353851
0.356551
0.361394
0.36779
0.390287
0.390777
0.395044
0.394092
0.396388
0.397592
0.396067
0.396788
0.397435
0.396729
0.396722
0.397082
0.395914
0.394946
0.393191
0.392505
0.392505
0.392807
0.390095
0.386482
0.382571
0.379475
0.375259
0.373099
0.370662
0.386631
0.3781
0.377324
0.373856
0.372182
0.369302
0.367872
0.365434
0.361692
0.36478
0.367515
0.367014
0.37181
0.37705
0.378276
0.385906
0.391173
0.391866
0.399073
0.404206
0.406303
0.410073
0.414748
0.418157
0.423961
0.448755
0.445941
0.44743
0.447211
0.448375
0.448472
0.447885
0.449832
0.452407
0.4508
0.448633
0.449585
0.447657
0.448073
0.449813
0.450816
0.451988
0.449115
0.44734
0.44328
0.442108
0.437645
0.436152
0.433256
0.429561
0.478059
0.472581
0.466397
0.463564
0.46142
0.460092
0.454053
0.454421
0.464622
0.460166
0.463795
0.465213
0.464183
0.465731
0.468803
0.467318
0.468623
0.47079
0.468936
0.469865
0.469026
0.469383
0.472028
0.474199
0.471413
0.506544
0.498973
0.494161
0.492194
0.490309
0.486175
0.485665
0.482644
0.478404
0.478126
0.476104
0.471797
0.470057
0.464786
0.46209
0.460037
0.457388
0.454441
0.450577
0.447626
0.444456
0.445835
0.446356
0.443151
0.443825
0.466867
0.457262
0.454997
0.45292
0.44935
0.449237
0.448633
0.44446
0.440564
0.439855
0.43469
0.434228
0.434157
0.429717
0.428597
0.428522
0.426676
0.431207
0.432108
0.428044
0.428193
0.427445
0.425375
0.419623
0.418537
0.465421
0.456373
0.449111
0.441474
0.437731
0.431767
0.426575
0.423083
0.421218
0.415857
0.411746
0.406769
0.401922
0.400915
0.396247
0.395867
0.393367
0.389958
0.388308
0.382504
0.379416
0.377724
0.374851
0.372229
0.370301
0.403607
0.391286
0.38754
0.384707
0.379836
0.376356
0.374726
0.373244
0.369283
0.363604
0.360117
0.353674
0.35097
0.347318
0.34425
0.339191
0.338035
0.335409
0.33276
0.326811
0.322603
0.319581
0.314953
0.313123
0.31136
0.380329
0.36315
0.356402
0.350939
0.342729
0.339912
0.335581
0.333042
0.330213
0.327199
0.325483
0.321838
0.318163
0.314526
0.308252
0.305568
0.304043
0.300979
0.298463
0.294815
0.293921
0.290504
0.286758
0.283301
0.279445
0.323915
0.310043
0.304627
0.298103
0.293482
0.286538
0.279888
0.274567
0.269398
0.265267
0.262195
0.260494
0.25589
0.253535
0.252865
0.248766
0.246352
0.243232
0.240948
0.238777
0.236128
0.23168
0.227628
0.222275
0.220237
0.238451
0.22764
0.222436
0.217698
0.213544
0.20979
0.210589
0.209457
0.204547
0.203073
0.198994
0.194558
0.193331
0.189506
0.186752
0.183742
0.184083
0.181837
0.178526
0.177186
0.177296
0.173608
0.170861
0.169732
0.167197
0.247269
0.227479
0.221205
0.21622
0.208277
0.204362
0.198876
0.194679
0.188734
0.184855
0.182343
0.178824
0.174807
0.169803
0.165292
0.162228
0.157863
0.154136
