0
0.0529108
0.0581345
0.0716463
0.0855696
0.0912636
0.102303
0.114231
0.117707
0.12656
0.134789
0.13772
0.141059
0.143496
0.144703
0.147811
0.149692
0.150295
0.15142
0.168855
0.166072
0.16666
0.166601
0.166119
0.166151
0.168404
0.169395
0.171386
0.174709
0.176179
0.177037
0.178424
0.17873
0.178299
0.177664
0.178828
0.177738
0.178209
0.178393
0.178879
0.1792
0.179467
0.178628
0.17826
0.17947
0.176708
0.175332
0.174533
0.174697
0.173545
0.173573
0.172479
0.174752
0.175611
0.17873
0.181826
0.183142
0.187437
0.189738
0.190713
0.192101
0.193743
0.193735
0.19504
0.192782
0.191846
0.190133
0.188656
0.186215
0.188354
0.185098
0.183178
0.182206
0.180489
0.179251
0.177907
0.177064
0.176394
0.175336
0.176402
0.177131
0.179427
0.181391
0.18212
0.18844
0.194644
0.197563
0.207634
0.219042
0.223987
0.235661
0.245333
0.248664
0.257583
0.276181
0.274555
0.278893
0.282428
0.284512
0.289078
0.291519
0.291652
0.295211
0.296504
0.296688
0.290708
0.286397
0.283717
0.277753
0.275037
0.273595
0.267779
0.265879
0.264954
0.263547
0.262865
0.261023
0.257242
0.253166
0.252778
0.25268
0.250748
0.25009
0.249749
0.247954
0.246755
0.246634
0.247034
0.246344
0.247845
0.250948
0.250094
0.25029
0.250474
0.250039
0.250408
0.250596
0.250102
0.249863
0.250874
0.250901
0.248969
0.24808
0.244843
0.247241
0.243812
0.242453
0.239098
0.23748
0.234854
0.23262
0.231421
0.229948
0.229286
0.227706
0.225551
0.222867
0.220911
0.21896
0.216307
0.215484
0.213763
0.211561
0.209602
0.207956
0.205993
0.204786
0.203108
0.201196
0.206012
0.202822
0.200636
0.197379
0.195819
0.194052
0.193476
0.191854
0.19011
0.188887
0.188695
0.188358
0.187069
0.184659
0.182703
0.181661
0.181062
0.18005
0.178722
0.177597
0.177076
0.175438
0.174278
0.173095
0.171515
0.179733
0.177527
0.176516
0.176343
0.174893
0.173643
0.171715
0.171402
0.170649
0.169748
0.169086
0.168678
0.167013
0.1657
0.165183
0.165465
0.164066
0.163611
0.162459
0.161558
0.161433
0.160245
0.158987
0.157792
0.156985
0.165081
0.160825
0.159136
0.156025
0.155104
0.154496
0.153709
0.153168
0.152839
0.151628
0.149343
0.148317
0.147153
0.146714
0.145899
0.146196
0.144292
0.142427
0.140816
0.138559
0.136364
0.136176
0.136611
0.136043
0.13549
0.139009
0.136454
0.133445
0.132034
0.129667
0.128284
0.127751
0.125666
0.123938
0.122606
0.12116
0.120603
0.119337
0.118377
0.117453
0.117507
0.116265
0.114478
0.114713
0.113604
0.112409
0.111794
0.110916
0.110273
0.109658
0.115575
0.113412
0.112644
0.109995
0.107695
0.106531
0.104999
0.102307
0.10231
0.102115
0.104658
0.107691
0.107597
0.110422
0.114588
0.114682
0.116974
0.118605
0.118918
0.119913
0.118569
0.117002
0.115846
0.11315
0.110748
0.118507
0.114768
0.111617
0.108396
0.104634
0.10157
0.100774
0.0984858
0.0971142
0.094473
0.0926194
0.0908756
0.0897666
0.0901389
0.0891318
0.090229
0.0899351
0.0903035
0.0902564
0.0895746
0.0888104
0.088109
0.0861339
0.0847075
0.0827168
0.098235
0.0921727
0.0897823
0.0864631
0.0848055
0.0830616
0.0820506
0.0810983
0.0787471
0.077787
0.0759256
0.0746442
0.0726652
0.0721048
0.0715719
0.0704942
0.0695577
0.06877
0.0678295
0.0679745
0.0687778
0.0675591
0.0662933
0.0657173
0.0662071
0.0755768
0.0741034
0.0751928
0.0747931
0.0735273
0.0723752
0.0709214
0.0676414
0.0670771
0.065733
0.0649218
0.0641576
0.0631936
0.0612852
0.0604466
0.0601801
0.0599136
0.059028
0.0584245
0.0582129
0.0581463
0.0572842
0.056908
0.0566062
0.0569197
0.0625901
0.0603251
0.0582207
0.0577583
0.0558773
0.0556069
0.0560615
0.0555717
0.0548663
0.0554149
0.0541766
0.0539532
0.0522329
0.0513394
0.0506066
0.0529892
0.0537103
0.0547056
0.0549486
0.0577818
0.0597961
0.0612695
0.0648277
0.0660425
0.0666029
0.0777753
0.0745815
0.0740642
0.0748323
0.0743111
0.0740133
0.0740172
0.0720069
0.0726809
0.0755651
0.0769014
0.0822465
0.0875564
0.0904798
0.0981958
0.106304
0.109987
0.119012
0.128127
0.131368
0.139817
0.148869
0.152627
0.160363
0.168016
0.198911
0.20127
0.206047
0.210037
0.216546
0.224317
0.228451
0.236649
0.244138
0.247657
0.255717
0.264292
0.267286
0.276244
0.28403
0.28753
0.295414
0.301006
0.30353
0.308017
0.316129
0.316963
0.323308
0.327556
0.329703
0.353608
0.353396
0.353831
0.359686
0.362088
0.362922
0.36634
0.365752
0.365861
0.366939
0.369451
0.370188
0.372864
0.378155
0.379413
0.382269
0.387446
0.387528
0.389668
0.391271
0.391772
0.393712
0.393955
0.393046
0.39533
0.410653
0.406648
0.405072
0.404492
0.404861
0.404104
0.403936
0.403109
0.402713
0.40316
0.4024
0.403807
0.40162
0.399512
0.40019
0.398959
0.399915
0.399139
0.39999
0.398007
0.39796
0.397858
0.397352
0.397063
0.395558
0.402678
0.399426
0.39883
0.397384
0.396083
0.395025
0.394233
0.397188
0.402361
0.404124
0.406072
0.411088
0.412259
0.41521
0.41947
0.420618
0.42382
0.427707
0.429388
0.433303
0.43208
0.433205
0.436708
0.438225
0.438683
0.453986
0.454292
0.453657
0.454907
0.454311
0.454123
0.455628
0.456522
0.455005
0.455099
0.455201
0.454829
0.454942
0.455083
0.454253
0.454692
0.455099
0.451752
0.452325
0.452313
0.448606
0.447367
0.449029
0.4481
0.451329
0.467279
0.462313
0.461518
0.461381
0.458567
0.456608
0.456792
0.453857
0.451196
0.451016
0.447712
0.445604
0.444291
0.441936
0.442677
0.440796
0.43962
0.438472
0.437136
0.433236
0.434341
0.434169
0.4317
0.434921
0.43326
0.437661
0.433366
0.432993
0.431257
0.429322
0.432308
0.428048
0.427515
0.428475
0.425556
0.425575
0.424768
0.421943
0.422432
0.421723
0.421986
0.421562
0.421578
0.419889
0.421002
0.420085
0.41889
0.41813
0.419348
0.418157
0.438574
0.44076
0.437868
0.438096
0.435396
0.433589
0.433519
0.43192
0.429302
0.428224
0.429094
0.427656
0.431489
0.43346
0.434271
0.435349
0.434843
0.433354
0.434091
0.43471
0.434193
0.433444
0.434835
0.434122
0.430964
0.472373
0.462964
0.461777
0.459629
0.456659
0.45428
0.45243
0.448853
0.449009
0.447763
0.445976
0.446059
0.446662
0.44473
0.442014
0.441329
0.43683
0.433836
0.432621
0.430642
0.42976
0.427699
0.424701
0.422186
0.420054
0.446995
0.438711
0.431794
0.426332
0.424086
0.422311
0.418788
0.416339
0.412581
0.411096
0.409109
0.405057
0.403767
0.403144
0.398454
0.396671
0.395887
0.393567
0.389684
0.38734
0.387712
0.383982
0.380126
0.378707
0.374875
0.399092
0.38843
0.385197
0.381317
0.378707
0.373291
0.370513
0.367688
0.36364
0.360226
0.354152
0.353063
0.348239
0.345943
0.341197
0.340974
0.338587
0.334171
0.332133
0.328512
0.325287
0.324319
0.321756
0.31712
0.315137
0.343043
0.331851
0.323712
0.31886
0.315361
0.30728
0.30507
0.300082
0.296856
0.293286
0.290151
0.286969
0.284548
0.282471
0.282122
0.279277
0.277098
0.27459
0.272642
0.26957
0.267905
0.268563
0.263625
0.262038
0.260769
0.316289
0.295681
0.289168
0.282961
0.277122
0.273485
0.264539
0.260287
0.255529
0.250294
0.248323
0.246994
0.242515
0.239741
0.237033
0.234376
0.230939
0.228423
0.225237
0.221001
0.216746
0.213732
0.211299
0.20662
0.202858
0.236038
0.224031
0.21894
0.211918
0.209629
0.20486
0.194228
0.192042
0.190537
0.188327
0.183875
0.184212
0.181571
0.17764
0.176402
0.172425
0.172315
0.170066
0.168702
0.164321
0.16108
0.160982
0.160492
0.157859
0.154924
0.207509
0.192986
0.185991
0.181598
0.17641
0.171743
0.169317
0.164368
0.160179
0.15684
0.152623
0.150319
0.145922
0.142333
0.139895
0.13772
0.133045
0.13129
0.127214
0.124099
0.122112
0.121685
0.119522
0.117895
0.115924
0.130275
0.123162
0.118624
0.11746
0.116567
0.115493
0.112327
0.110524
0.110293
0.108667
0.107734
0.107162
0.103612
0.101194
0.0980038
0.096354
0.0965108
0.0950726
0.0941007
0.0933052
0.0926351
0.0920042
0.0914517
0.091483
0.089073
0.124875
0.110822
0.10762
0.106253
0.103333
0.102518
0.101327
0.100198
0.098619
0.0974434
0.0968909
0.0940067
0.0931837
0.0907855
0.087819
0.087047
0.0834809
0.080056
0.079088
0.076823
0.0738565
0.0719246
0.0706431
0.0690286
0.0674768
0.0931641
0.0828304
0.0802676
0.0780182
0.0756709
0.0720931
0.0701729
0.0681469
0.0678883
0.0649531
0.061246
0.059557
0.0577074
0.0548114
0.0543921
0.0520448
0.0507281
0.0492233
0.0479654
0.0460726
0.0457239
0.046249
0.0450107
0.0438037
0.043886
0.0586557
0.0525464
0.051504
0.0494702
0.0469779
0.0464096
0.0451125
0.0443053
0.0431806
0.042052
0.0466761
0.0424556
0.0393324
0.036264
0.0346769
0.034046
0.0330781
0.0313303
0.02903
0.028889
0.0276428
0.0263496
0.0255698
0.0263379
0.0256403
0.025268
0.0254875
0.0251544
0.0243589
0.0250133
0.0241943
0.0229246
0.0225328
0.0218705
0.0220272
0.0290849
0.0260361
0.0249545
0.0227796
0.0221213
0.0197818
0.0199934
0.0199072
0.0192175
0.0175951
0.0175638
0.0163882
0.0138919
0.0127046
0.0108863
0.0107217
0.0101887
0.0104199
0.0100751
0.00966753
0.00941282
0.00910715
0.0085938
0.00806869
0.00902486
0.0151577
0.0125909
0.0123715
0.0115838
0.0105297
0.0093893
0.00981645
0.0112742
0.0128927
0.0130533
0.0141035
0.0154398
0.0153693
0.0152753
0.0149539
0.0149931
0.0148403
0.0148246
0.0143504
0.0142211
0.0143583
0.0141741
0.0141271
0.0136137
0.0132728
0.0174423
0.0164548
0.0154751
0.0152596
0.0148324
0.0143152
0.0137744
0.0136411
0.0130651
0.0123205
0.0118699
0.0118268
0.0122147
0.012058
0.0121794
0.0126105
0.0141427
0.0139546
0.0143073
0.0152321
0.0149735
0.0145424
0.0150558
0.0150009
0.0156319
0.0197818
0.0182692
0.018567
0.0175873
0.0178381
0.0172934
0.0167369
0.0164391
0.0155104
0.015722
0.0155809
0.0162393
0.0161178
0.0158082
0.0158905
0.0160512
0.0165841
0.0160512
0.0159571
0.0156358
0.0162745
0.0157102
0.0155966
0.0159336
0.0165136
0.0187198
0.0179439
0.0171719
0.0164078
0.0163725
0.0166742
0.0228737
0.0213101
0.0201854
0.0196486
0.0190647
0.01881
0.0180184
0.0173639
0.0170857
0.0165684
0.0157651
0.0160904
0.0156162
0.0153144
0.014421
0.0148912
0.0144445
0.0139781
0.0134726
0.0131983
0.0132571
0.0130455
0.0131709
0.0130808
0.0130572
0.0141662
0.01254
0.0123362
0.0122617
0.0127006
0.0128613
0.0130847
0.0121442
0.0117562
0.0112311
0.0111998
0.0113095
0.0118895
0.0123871
0.0120932
0.0116073
0.0100398
0.0100477
0.0102906
0.00994576
0.00979685
0.00913459
0.00881325
0.00863299
0.00826854
0.00949511
0.00924039
0.00868001
0.00819801
0.00794721
0.00741818
0.00713603
0.00724183
0.00679118
0.00647768
0.0063993
0.00721832
0.00704198
0.00716738
0.00677942
0.00674023
0.00675983
0.00646592
0.00596432
0.00607013
0.00614067
0.00601527
0.0062308
0.00614067
0.00651687
0.00751615
0.00764546
0.00764154
0.00798248
0.00860556
0.00898175
0.00955389
0.00955389
0.00967537
0.00917769
0.0100516
0.010561
0.0113839
0.0113487
0.0110273
0.0113448
0.0118307
0.0115916
0.0118934
0.011717
0.0115642
0.0114427
0.0111567
0.0114506
0.012105
0.0121677
0.0113761
0.0110313
0.010898
0.0109999
0.0111645
0.0100124
0.0103024
0.0110038
0.0109568
0.0110391
0.0111762
0.0111645
0.0109686
0.0122382
0.0133198
0.0137509
0.0157181
0.0163059
0.0164548
0.0166978
0.0177284
0.0172581
0.0171092
0.0172503
0.0192253
0.0183632
0.0188296
0.0186101
0.0173483
0.01707
0.0161374
0.0165724
0.0166272
0.0164587
0.0174737
0.0169368
0.0162667
0.016157
0.0168663
0.0169446
0.0159885
0.0156279
0.0144484
0.0137744
0.0141427
0.0144484
0.0140017
0.0147423
0.0151734
0.0166233
0.0171602
0.0168663
0.0177362
0.0173914
0.0163372
0.0161531
0.0156162
0.0149578
0.0141937
0.0136921
0.0135902
0.012587
0.013214
0.0123362
0.0117523
0.0110234
0.0106355
0.00985171
0.0087192
0.00878974
0.00947943
0.00918161
0.00958132
0.010126
0.00908756
0.00861731
0.00835867
0.00882109
0.00817841
0.00753574
0.00714386
0.00764546
0.00812747
0.00737507
0.00752006
0.00838219
0.00799423
0.00724183
0.00711251
0.00612891
0.00592906
0.00576055
0.00579582
0.00555286
0.00541178
0.00531381
0.00537259
0.00565474
0.00577231
0.00550583
0.00577622
0.00597608
0.00607797
0.00624647
0.00623864
0.00592906
0.00632877
0.00642674
0.00637579
0.006607
0.00675199
0.00688131
0.00686955
0.00700671
0.00665794
0.00643065
0.0067951
0.00733196
0.00887595
0.0102358
0.0107883
0.0119286
0.013598
0.013504
0.0128927
0.0130768
0.0128221
0.0134178
0.0147776
0.0157494
0.0158356
0.0160081
0.0163216
0.0169681
0.0164626
0.0165802
0.0162118
0.0154281
0.0153419
0.0156475
0.0148442
0.0140369
0.0133512
0.014178
0.0141192
0.0139154
0.0136215
0.0136137
0.0146365
0.0154163
0.0152282
0.0153536
0.0150362
0.0147345
0.0144719
0.0145856
0.0143818
0.01495
0.0152282
0.0151224
0.0150088
0.0148716
0.0147854
0.0146326
0.0145777
0.0146051
0.01524
0.0155848
0.0148912
0.0142094
0.0138136
0.0135941
0.0138841
0.0142877
0.0145385
0.0152635
0.0154829
0.0153889
0.0157024
0.0162275
0.0163764
0.0173639
0.0177637
0.0174972
0.0180536
0.0181203
0.01765
0.0157416
0.0149892
0.0145973
0.0125948
0.0133198
0.0131944
0.0138449
0.0132258
0.0143583
0.0135667
0.0137038
0.0135001
0.0131356
0.011572
0.0107883
0.00967145
0.00789234
0.00766114
0.0069636
0.00691266
0.00716738
0.00792369
0.00735156
0.00766898
0.0074848
0.00649335
0.00674807
0.00588987
0.00507477
0.00491018
0.00446736
0.00433021
0.00412643
0.00368362
0.00364835
0.00354646
0.00364835
0.00388739
0.00396968
0.00400887
0.00463587
0.00515314
0.00675983
0.0080922
0.00785708
0.00897
0.011721
0.0125556
0.0139468
0.0164313
0.0169564
0.0201658
0.0218783
0.0217647
0.0235556
0.0261027
0.0269218
0.0295395
0.032071
0.0325922
0.0335993
0.0342224
0.0364678
0.0371105
0.0378433
0.0377649
0.0378433
0.0386074
0.0387799
0.0394931
0.039787
0.0408294
0.0414328
0.0416562
0.0414838
0.0419188
0.041233
0.041378
0.0415857
0.0415151
0.0409626
0.0410762
0.0401945
0.040269
0.0392384
0.0390111
0.0386309
0.0396655
0.0386584
0.0376238
0.0373652
0.0385369
0.0381646
0.0376003
0.0364678
0.0365148
0.0357624
0.0360367
0.0353157
0.0352491
0.0351276
0.0345398
0.0347827
0.0344105
0.0337051
0.0335797
0.0335092
0.0332701
0.0334229
0.0341518
0.0348768
0.0350257
0.0375219
0.0365736
0.0365227
0.0370556
0.0386858
0.0395244
0.0415034
0.0412447
0.0448147
0.0472561
0.0500502
0.0515863
0.0552111
0.0560654
0.0603408
0.0636795
0.0644359
0.0743228
0.081357
0.0844881
0.0943515
0.100335
0.102926
0.113824
0.122907
0.128648
0.136364
0.142924
0.144911
0.15858
0.169513
0.170195
0.183946
0.192308
0.19696
0.211024
0.225535
0.232452
0.247131
0.256415
0.260914
0.27278
0.28378
0.287675
0.298518
0.307496
0.309545
0.318178
0.323704
0.323939
0.343521
0.348435
0.34867
0.358859
0.362871
0.364267
0.371677
0.3825
0.389695
0.40963
0.427002
0.43277
0.453492
0.470754
0.471519
0.486163
0.49277
0.493671
0.497159
0.504565
0.499941
0.511498
0.522862
0.522972
0.532749
0.54949
0.548886
0.551747
0.560341
0.559514
0.568335
0.577528
0.57669
0.585342
0.595751
0.596378
0.603455
0.608126
0.604188
0.607487
0.617503
0.623295
0.621932
0.626642
0.630184
0.634668
0.642736
0.639562
0.645381
0.645189
0.647552
0.654806
0.664724
0.66414
0.673255
0.682794
0.682535
0.690051
0.696529
0.697516
0.70243
0.717925
0.714837
0.71954
0.722373
0.717925
0.722291
0.729576
0.731237
0.735904
0.739208
0.743036
0.753115
0.755204
0.753707
0.757998
0.752132
0.745717
0.738777
0.734721
0.729505
0.741778
0.74973
0.751254
0.756293
0.756877
0.754397
0.75464
0.762481
0.767544
0.770632
0.774621
0.770773
0.783282
0.78528
0.783066
0.787146
0.783309
0.780558
0.784548
0.796747
0.794921
0.795081
0.79909
0.799274
0.797644
0.798518
0.795046
0.801042
0.806884
0.809914
0.815525
0.814812
0.811603
0.814945
0.813374
0.80962
0.808135
0.811003
0.807449
0.810137
0.804118
0.80458
0.80422
0.798279
0.795685
0.79543
0.79001
0.786472
0.792679
0.793921
0.786875
0.788878
0.792279
0.787459
0.78648
0.784175
0.777388
0.778184
0.783505
0.785661
0.792452
0.802684
0.809232
0.8181
0.823715
0.825832
0.831283
0.827042
0.826509
0.819714
0.815431
0.816838
0.816058
0.815827
0.816427
0.812974
0.809906
0.807453
0.80228
0.79987
0.799043
0.796527
0.790865
0.788592
0.784975
0.785617
0.787263
0.792095
0.788909
0.785574
0.786891
0.780833
0.776781
0.779108
0.779731
0.775335
0.771345
0.766035
0.761854
0.756082
0.746591
0.738024
0.72963
0.723227
0.714539
0.707423
0.697885
0.68779
0.685944
0.686211
0.681101
0.67581
0.670187
0.66434
0.666903
0.668208
0.662334
0.662926
0.664901
0.660394
0.66809
0.666131
0.66494
0.667326
0.673271
0.673459
0.675948
0.677782
0.67668
0.680282
0.674678
0.668157
0.66329
0.654148
0.651816
0.660782
0.659928
0.662075
0.673432
0.68536
0.679764
0.679286
0.675426
0.677072
0.68181
0.686081
0.683232
0.685674
0.685121
0.682417
0.684667
0.683593
0.682112
0.691325
0.700283
0.701337
0.714457
0.720939
0.722153
0.727914
0.735379
0.730579
0.728835
0.731797
0.726111
0.723317
0.72195
0.718991
0.721562
0.719916
0.719594
0.719975
0.715084
0.70979
0.70787
0.712043
0.713246
0.719732
0.722189
0.717047
0.710805
0.697955
0.68906
0.683221
0.675089
0.674435
0.674694
0.670873
0.672052
0.670908
0.666272
0.670524
0.674451
0.674176
0.684349
0.682351
0.695753
0.689726
0.688248
0.721954
0.713305
0.713258
0.742645
0.736653
0.738608
0.735987
0.77834
0.790441
0.789916
0.786088
0.789489
0.804631
0.798855
0.800336
0.801363
0.796406
0.801676
0.801661
0.799294
0.796852
0.791594
0.788263
0.785602
0.783305
0.7772
0.776393
0.771381
0.76631
0.76348
0.767932
0.75683
0.75475
0.752226
0.744537
0.735591
0.723501
0.717404
0.724732
0.726096
0.721374
0.719547
0.720649
0.715954
0.713085
0.711557
0.702168
0.699194
0.700835
0.694742
0.692935
0.686947
0.677899
0.672965
0.66896
0.659442
0.658023
0.660629
0.652208
0.652333
0.648842
0.642795
0.638171
0.634378
0.623523
0.614968
0.625466
0.625302
0.633241
0.628511
0.625529
0.623773
0.6144
0.610798
0.608369
0.605947
0.600382
0.594022
0.59059
0.583508
0.582011
0.577238
0.567669
0.566638
0.562359
0.558017
0.555207
0.556641
0.550078
0.545845
0.5401
0.532142
0.528485
0.523034
0.518003
0.528254
0.524461
0.514323
0.510259
0.498648
0.48679
0.476738
0.47224
0.466338
0.466267
0.461016
0.455142
0.446611
0.434753
0.426504
0.421841
0.407874
0.398716
0.392552
0.387078
0.383578
0.38511
0.387293
0.38274
0.385898
0.386482
0.375709
0.375678
0.37219
0.364247
0.366724
0.362938
0.362346
0.363212
0.364557
0.360677
0.364372
0.36621
0.362534
0.358514
0.35974
0.360751
0.374067
0.375545
0.376054
0.388296
0.40559
0.414524
0.426202
0.439001
0.45631
0.461835
0.474175
0.474767
0.488013
0.497637
0.497261
0.5075
0.518704
0.514519
0.516294
0.512418
0.514684
0.51881
0.520981
0.514331
0.518422
0.535825
0.54072
0.546692
0.550501
0.547468
0.545132
0.52738
0.523266
0.510847
0.503727
0.499506
0.49411
0.49045
0.484305
0.474007
0.465021
0.459257
0.451086
0.444315
0.440372
0.43286
0.420508
0.405868
0.393657
0.387528
0.380455
0.37382
0.366128
0.36081
0.353365
0.338266
0.332098
0.324088
0.315118
0.31125
0.304572
0.302915
0.299133
0.300105
0.298561
0.29311
0.294297
0.289133
0.283262
0.278767
0.271592
0.265134
0.252814
0.243032
0.235697
0.231272
0.223921
0.216507
0.207701
0.199146
0.194895
0.183323
0.17342
0.176379
0.166644
0.158149
0.150452
0.143587
0.137074
0.13158
0.124741
0.11779
0.111633
0.106535
0.100853
0.0978157
0.0969379
0.0962639
0.0948962
0.0948375
0.092494
0.090856
0.0897431
0.0878033
0.0858557
0.0852992
0.0844567
0.083191
0.0985289
0.0955546
0.0928624
0.0906326
0.0891631
0.0876152
0.0849074
0.0820153
0.0803891
0.0784454
0.076533
0.0761215
0.0744796
0.0743777
0.0727593
0.0714386
0.0834104
0.0897352
0.103177
0.11913
0.126936
0.146028
0.166029
0.176112
0.196689
0.228764
0.236582
0.258092
0.278105
0.289607
0.308997
0.335867
0.345962
0.365869
0.38694
0.392078
0.402655
0.417428
0.424909
0.448802
0.451443
0.453684
0.454092
0.454629
0.450949
0.443711
0.429898
0.424141
0.416637
0.404669
0.397098
0.37913
0.362068
0.35697
0.345308
0.337263
0.322724
0.318527
0.302057
0.296402
0.296272
0.282714
0.275417
0.266431
0.253754
0.250223
0.239631
0.229117
0.223478
0.208026
0.201823
0.200079
0.193022
0.185239
0.178812
0.173867
0.165539
0.158631
0.148379
0.136741
0.132446
0.125827
0.115999
0.109317
0.100234
0.0928154
0.0847859
0.0754083
0.0640753
0.0586283
0.0506811
0.0411193
0.036605
0.034238
0.0336855
0.0326196
0.0324785
0.0315419
0.0308013
0.0288772
0.0346495
0.0326078
0.0318045
0.0302292
0.0285206
0.0261889
0.0251622
0.0242962
0.0231284
0.0234262
0.0235438
0.0231598
0.0237241
0.0246058
0.0297393
0.0339402
0.0369616
0.0441995
0.0516098
0.0550936
0.0676061
0.0769758
0.0812825
0.0904014
0.102412
0.113589
0.120568
0.130157
0.130576
0.141314
0.14986
0.153093
0.164258
0.172225
0.176755
0.183131
0.191709
0.194977
0.203853
0.216369
0.222867
0.233859
0.247014
0.252053
0.260345
0.264966
0.259413
0.261603
0.263269
0.267795
0.269645
0.272838
0.272729
0.273936
0.274559
0.270507
0.276009
0.274731
0.274508
0.273571
0.273148
0.271788
0.272697
0.277866
0.27535
0.275205
0.271377
0.269374
0.268594
0.269829
0.271232
0.271694
0.27718
0.274676
0.272713
0.271741
0.272282
0.271099
0.272078
0.26734
0.262293
0.261607
0.25743
0.250988
0.241614
0.23543
0.221252
0.215143
0.210237
0.198147
0.186109
0.181167
0.174098
0.164967
0.155041
0.14564
0.136012
0.131842
0.120874
0.111488
0.108827
0.0975923
0.0874545
0.0819134
0.0721009
0.0660778
0.0626058
0.0542667
0.0482084
0.0449127
0.0369028
0.0332897
0.031299
0.0277995
0.0247233
0.0224505
0.0190529
0.0148795
0.0135079
0.0113408
0.00904054
0.00775127
0.00563123
0.00329174
0.00250799
0.00352295
0.0016302
0.00170857
0.00186924
0.00203775
0.00184573
0.0018614
0.00170073
0.00154007
0.00145777
0.00190843
0.00199856
0.00178303
0.00176343
0.0016929
0.00158709
0.00161844
0.00166546
0.00214355
0.00274312
0.00331134
0.00260204
0.00202599
0.00195545
0.00226895
0.00227679
0.00183397
0.00252759
0.00201031
0.00204166
0.00215139
0.00139507
0.0016929
0.00208869
0.00219841
0.00186924
0.00197896
0.00175951
0.001881
0.0017556
0.00300959
0.00297824
0.00291554
0.0040363
0.00395401
0.00331525
0.0035347
0.00356214
0.003472
0.00401279
0.00411468
0.00443993
0.0039305
0.00445953
0.00463195
0.00649335
0.00709292
0.0130455
0.0214434
0.0247547
0.0314283
0.0386858
0.042103
0.0473619
0.0512846
0.0538082
0.0591025
0.0616614
0.0621826
0.0634875
0.0668576
0.0674729
0.0692873
0.069205
0.0722342
0.0712623
0.0687465
0.0695028
0.0720108
0.0744992
0.0748362
0.076294
0.0774422
0.0778301
0.0790371
0.0758276
0.077258
0.0798012
0.080201
0.0841001
0.0889476
0.0907776
0.0918435
0.095484
0.0977099
0.100802
0.0970163
0.0921845
0.0887869
0.0867374
0.0789274
0.0762469
0.0720382
0.0712662
0.0714622
0.0707254
0.0687034
0.067324
0.0607953
0.0607287
0.0585969
0.0559792
0.0536084
0.0505243
0.0460139
0.0436704
0.0433609
0.0417385
0.0398693
0.0394343
0.0382352
0.0348925
0.0345555
0.0351668
0.0329566
0.0313538
0.0291985
0.0279876
0.0275762
0.0267101
0.0261537
0.0243667
0.022521
0.0210554
0.0196015
0.0180967
0.0144484
0.0135197
0.0107726
0.0106511
0.0111841
0.011141
0.0112781
0.0105257
0.0104199
0.00983212
0.00920904
0.00996928
0.0104121
0.0105884
0.0109294
0.0115407
0.0120031
0.0144288
0.0168114
0.0176187
0.0191744
0.0196133
0.0207615
0.0198484
0.0190059
0.0185827
0.0175638
0.0163176
0.0159493
0.01707
0.0179439
0.0184534
0.0174737
0.0171092
0.0160786
0.014515
0.0117131
0.013457
0.0212788
0.0304878
0.0365109
0.0465429
0.057241
0.0615909
0.0670967
0.070988
0.0734607
0.0757689
0.0777008
0.0787432
0.078175
0.0774147
0.0758041
0.0746599
0.0735861
0.073159
0.0721127
0.0724614
0.0718775
0.073931
0.0762744
0.0774265
0.0786335
0.0802088
0.0765644
0.0730297
0.0694754
0.065729
0.0629154
0.0565631
0.0554032
0.0497484
0.0421735
0.0391717
0.0320514
0.0252367
0.0222114
0.016204
0.0111527
0.00848407
0.00438899
0.000525111
0.00106198
0.00289987
0.00476519
0.00570569
0.00960483
0.0187042
0.0235634
0.0316595
0.0377414
0.0386819
0.0391913
0.0404257
0.04099
0.0420246
0.0426046
0.0433374
0.0450655
0.0463509
0.0478478
0.0495015
0.0503989
0.0514374
0.052276
0.0544235
0.0547644
0.0553836
0.0573782
0.0579699
0.06009
0.0603447
0.0627194
0.0619631
0.0595649
0.0576408
0.0546312
0.0480281
0.0451831
0.0408999
0.0364678
0.0337795
0.0292338
0.0251622
0.0236261
0.0192214
0.0147972
0.0129828
0.00923647
0.00634052
0.00650511
0.00820192
0.0115407
0.0115956
0.0123323
0.0132806
0.013841
0.0147188
0.0151303
0.0152517
0.0164038
0.0170622
0.0171484
0.017748
0.0184534
0.0186023
0.0190725
0.0198092
0.0199111
0.0207772
0.0210789
0.0214708
0.0219528
0.0227953
0.0226346
0.0236065
0.0238024
0.0241747
0.0249036
0.0240454
0.0233479
0.0220272
0.0247077
0.0268865
0.0313813
0.0362288
0.0416797
0.049141
0.0561399
0.0580052
0.0581188
0.058354
0.0594003
0.0622139
0.0630212
0.0638285
0.0669987
0.0691462
0.069205
0.0710037
0.0718619
0.0732452
0.074989
0.0778262
0.0767015
0.0797229
0.0799776
0.0809024
0.0814471
0.08401
0.0818743
0.085405
0.0860281
0.0859066
0.0859733
0.0859654
0.0869138
0.0891631
0.0920238
0.0918239
0.089504
0.0864866
0.0835593
0.0804713
0.0755572
0.0753378
0.0688601
0.061391
0.057386
0.0513786
0.0436548
0.0406413
0.0333642
0.0279602
0.0256325
0.0190608
0.0144445
0.0111096
0.00663443
0.00453398
0.0037424
0.00172425
0.00046633
0.000474168
0.00071713
0.000897392
0.000850367
0.000858204
0.000799423
0.000885635
0.000893473
0.000858204
0.00141075
0.000956173
0.000975767
0.000975767
0.000454574
0.000446736
0.00052903
0.00120305
0.0011913
0.00121481
0.00115211
0.000999279
0.00099536
0.00111292
0.00111684
0.00117954
0.00148128
0.00145777
0.00150872
0.00155966
0.00123048
0.00140683
0.00123832
0.00131278
0.00130494
0.00117954
0.0011717
0.00130102
0.0014225
0.00157533
0.0013598
0.00130102
0.00151655
0.00143034
0.00104239
0.000634836
0.000630917
0.000576055
0.000858204
0.000858204
0.000752398
0.000744561
0.000626999
0.000505518
7.83748e-06
0.000376199
0.00163411
0.00694009
0.00985563
0.0166782
0.0235869
0.0268982
0.032647
0.0355665
0.0368558
0.0389092
0.0407236
0.0418835
0.0440349
0.0490548
0.0529735
0.0635855
0.0746167
0.0796994
0.0885204
0.100092
0.106194
0.120388
0.130811
0.136874
0.149657
0.159544
0.164289
0.174619
0.178879
0.181003
0.185458
0.189346
0.190016
0.195173
0.196889
0.197708
0.202893
0.197857
0.195153
0.190862
0.191736
0.187716
0.181395
0.179192
0.179721
0.181034
0.182641
0.180662
0.181728
0.185415
0.188636
0.183358
0.185027
0.184165
0.17951
0.17119
0.161687
0.161244
0.158333
0.159293
0.157102
0.149069
0.146279
0.142783
0.137712
0.135494
0.12884
0.120972
0.117809
0.112762
0.106433
0.10313
0.0967224
0.0915614
0.087576
0.0817097
0.0754671
0.0715915
0.0675121
0.0635737
0.0613596
0.060427
0.0607013
0.0609129
0.0609443
0.0614655
0.0613126
0.0611951
0.0610422
0.0619553
0.0632524
0.0638637
0.0639539
0.0635933
0.0638676
0.0614184
0.0639303
0.0649453
0.0638872
0.0649139
0.0658505
0.0665481
0.0678295
0.0691266
0.0714347
0.0766976
0.0801774
0.0824973
0.0866982
0.0916045
0.0920983
0.096789
0.101053
0.102381
0.104646
0.106131
0.104764
0.106782
0.107315
0.107805
0.109352
0.110873
0.11065
0.112519
0.115615
0.117766
0.119314
0.12114
0.119976
0.121661
0.122943
0.123017
0.124479
0.125756
0.12576
0.128335
0.127849
0.128296
0.129671
0.128672
0.129264
0.130028
0.131019
0.132273
0.131697
0.13216
0.132269
0.134166
0.135922
0.136074
0.137242
0.137701
0.137861
0.140224
0.140358
0.140981
0.143163
0.145613
0.144837
0.145358
0.144515
0.145472
0.145581
0.144351
0.145436
0.145793
0.146126
0.146577
0.146933
0.145675
0.145346
0.145695
0.145409
0.145722
0.146236
0.145519
0.145307
0.144633
0.144535
0.144069
0.143316
0.143822
0.143089
0.143355
0.143849
0.143222
0.143493
0.142282
0.141886
0.142513
0.141212
0.141325
0.140401
0.140013
0.13946
0.138837
0.138473
0.138347
0.138508
0.136478
0.136482
0.136807
0.136168
0.135048
0.134444
0.132755
0.132869
0.131783
0.131631
0.131407
0.130561
0.133896
0.13252
0.131286
0.130843
0.129671
0.127633
0.126893
0.126199
0.124941
0.124385
0.122778
0.121222
0.120866
0.120341
0.120341
0.123836
0.126046
0.130212
0.133719
0.134805
0.135737
0.133167
0.130874
0.127261
0.124134
0.125051
0.120329
0.11719
0.113683
0.111422
0.10978
0.108863
0.107879
0.107001
0.106539
0.106143
0.106033
0.105155
0.105414
0.104807
0.10311
0.0995008
0.0982977
0.094571
0.0952803
0.0978823
0.0985681
0.100175
0.101864
0.102138
0.110074
0.105434
0.105152
0.103909
0.104105
0.104168
0.104454
0.103533
0.102232
0.0988346
0.0973102
0.0974003
0.0966675
0.0954174
0.09452
0.0933914
0.0920904
0.0915967
0.0891984
0.0881913
0.0873918
0.0883363
0.08941
0.0889123
0.0889006
0.0941125
0.0919454
0.0909736
0.089602
0.0888575
0.0886458
0.0877524
0.0863886
0.0850014
0.0849309
0.084684
0.084586
0.0838493
0.083865
0.0828461
0.0820428
0.0810161
0.0807143
0.0813178
0.080679
0.0822269
0.0822857
0.0828853
0.0828343
0.0821838
0.0914125
0.087
0.0866865
0.0856284
0.0851738
0.0866473
0.0875721
0.0907228
0.0952959
0.0955938
0.100602
0.106406
0.109548
0.115956
0.122892
0.125615
0.13281
0.137661
0.139707
0.146024
0.152474
0.155335
0.162624
0.168678
0.172813
0.195859
0.198829
0.200197
0.20716
0.211118
0.212701
0.219465
0.226887
0.230077
0.235575
0.241281
0.244169
0.253233
0.260749
0.261972
0.266247
0.270938
0.273356
0.277137
0.281961
0.28318
0.289285
0.294564
0.294807
0.299643
0.382587
0.37029
0.367809
0.368859
0.371128
0.373809
0.379769
0.381368
0.385722
0.390205
0.39015
0.396694
0.408474
0.413047
0.421837
0.423596
0.426151
0.432284
0.441246
0.443582
0.450781
0.458567
0.464351
0.474959
0.481374
0.517454
0.517125
0.523775
0.525288
0.542769
0.551089
0.555791
0.56578
0.570894
0.575471
0.581185
0.588454
0.587545
0.596213
0.603141
0.600978
0.607487
0.612358
0.613322
0.618444
0.622617
0.624871
0.626583
0.631047
0.631156
0.647262
0.647717
0.644958
0.646365
0.622531
0.617531
0.616716
0.61293
0.610328
0.609842
0.607413
0.604603
0.605508
0.606257
0.603106
0.60318
0.600955
0.598521
0.599983
0.599418
0.594892
0.594226
0.594097
0.593446
0.597283
0.609447
0.609799
0.607217
0.608404
0.606304
0.607154
0.606672
0.606457
0.60476
0.603521
0.602189
0.601037
0.603274
0.599995
0.599097
0.597318
0.594406
0.591436
0.588791
0.583454
0.579155
0.577846
0.575741
0.574777
0.574687
0.582564
0.578218
0.57174
0.570028
0.567246
0.56618
0.564518
0.562069
0.561222
0.558303
0.554772
0.553495
0.549031
0.544168
0.539011
0.536146
0.530754
0.527521
0.524167
0.519073
0.514092
0.51089
0.505788
0.503186
0.496896
0.500118
0.492754
0.486241
0.48255
0.478811
0.470794
0.467741
0.464018
0.459429
0.455232
0.450448
0.447352
0.443848
0.439138
0.435936
0.429627
0.427064
0.423244
0.419513
0.417934
0.415841
0.411221
0.407796
0.403454
0.402212
0.411954
0.404414
0.40044
0.394022
0.38955
0.38254
0.379099
0.374342
0.372292
0.367817
0.36451
0.36188
0.358769
0.35351
0.353592
0.351209
0.348795
0.342235
0.340037
0.336467
0.333101
0.330197
0.326929
0.326513
0.325146
0.342043
0.331435
0.326847
0.322171
0.317089
0.314013
0.311646
0.306007
0.301723
0.297777
0.294721
0.291848
0.289105
0.28387
0.280942
0.27709
0.273156
0.272102
0.268289
0.265746
0.261262
0.260161
0.255181
0.253895
0.25134
0.277325
0.264115
0.259526
0.257928
0.250286
0.247947
0.243879
0.239459
0.234015
0.232272
0.226805
0.222079
0.217741
0.21327
0.209994
0.208073
0.200804
0.197465
0.193735
0.191113
0.185243
0.184823
0.184918
0.181724
0.179357
0.208363
0.197164
0.190839
0.184291
0.178346
0.173314
0.169333
0.165579
0.163988
0.161585
0.157925
0.153979
0.150484
0.147819
0.144809
0.139966
0.136799
0.134346
0.132579
0.129765
0.127206
0.125999
0.122218
0.119596
0.118718
0.149077
0.137321
0.130008
0.124996
0.120721
0.116978
0.112558
0.111147
0.108659
0.106139
0.10405
0.101793
0.0999279
0.0971965
0.0964128
0.092592
0.0908247
0.0905895
0.0888966
0.0865062
0.0856206
0.0850994
0.08372
0.0848172
0.0837082
0.100778
0.0939753
0.0922001
0.0893434
0.0862907
0.0831988
0.0801383
0.0775636
0.074699
0.0759766
0.0762469
0.0752712
0.0740524
0.0733823
0.0716503
0.0689385
0.068719
0.0681704
0.0660856
0.0653411
0.0649923
0.0640322
0.0597138
0.05893
0.0585969
0.0703296
0.0649649
0.0641615
0.0624922
0.0589222
0.0556069
0.0546704
0.0526326
0.0521741
0.0506654
0.0496465
0.0490587
0.0488706
0.0473149
0.0464488
0.0461706
0.0446972
0.0437175
0.0417228
0.0415974
0.0404924
0.0413819
0.0410645
0.0398928
0.0404845
0.0506027
0.0478165
0.0465664
0.0447795
0.0428083
0.0418247
0.0412565
0.0410998
0.0399163
0.0389601
0.0407196
0.0413114
0.0394539
0.0380471
0.0374436
0.0375259
0.0365971
0.0355743
0.0349121
0.033952
0.0340225
0.0331016
0.0359544
0.0335679
0.0342106
0.0404022
0.0355626
0.0356331
0.0350257
0.034869
0.033227
0.0316517
0.0316987
0.0310129
0.0315576
0.031056
0.028791
0.0281209
0.0279641
0.0274038
0.0284892
0.0266553
0.025511
0.0272431
0.0274469
0.0281993
0.0290967
0.0280543
0.0275762
0.0278779
0.0339402
0.0315302
0.0311266
0.031201
0.0298491
0.0278858
0.0247351
0.0233792
0.020495
0.0179557
0.0171876
0.0161413
0.0145424
0.0138802
0.0144915
0.0135393
0.0127516
0.0117601
0.0115681
0.0112742
0.010318
0.00906013
0.00823327
0.00825287
0.00761803
0.0119286
0.0101691
0.00958524
0.00808436
0.00931485
0.00855461
0.00849975
0.00994576
0.0104709
0.0108902
0.0123793
0.012297
0.0125086
0.012395
0.0125909
0.0135667
0.013743
0.0146208
0.0141035
0.0158591
0.0168819
0.0171523
0.0172268
0.01736
0.0162118
0.0210711
0.0193429
0.0191313
0.0185161
0.0172934
0.0168702
0.0156515
0.0156946
0.0152713
0.0149539
0.0153536
0.0151342
0.0142681
0.0140996
0.0139664
0.0138606
0.0139664
0.013939
0.0135079
0.0133551
0.0133668
0.0136294
0.0139154
0.0138018
0.0146169
0.0185709
0.0162706
0.0161766
0.0155535
0.0160002
0.0156946
0.0150519
0.0144131
0.0140526
0.0139899
0.0138645
0.0151146
0.0157769
0.0154085
0.01582
0.015675
0.0155574
0.0158043
0.0159963
0.0155417
0.015816
0.015385
0.0152439
0.0144484
0.0141231
0.0163568
0.0148207
0.0141702
0.0137078
0.0135157
0.0140448
0.0144523
0.0140957
0.0121207
0.0107883
0.00931485
0.00791978
0.0069205
0.00576839
0.0039109
0.00388347
0.00356605
0.004244
0.00409508
0.00408725
0.00398928
0.00396577
0.00389915
0.00394617
0.00338187
0.00590946
0.00447128
0.00409508
0.00360916
0.00385604
0.00375807
0.00315459
0.00290379
0.00289203
0.00374632
0.00358173
0.0034093
0.00250799
0.00244529
0.00240611
0.00233165
0.00228854
0.00229246
0.00230422
0.00257069
0.0020691
0.00164979
0.0015675
0.00151263
0.00143818
0.00212788
0.0019241
0.0019437
0.00134805
0.00133237
0.0013598
0.0013167
0.00128535
0.00124224
0.00126575
0.0012971
0.00128535
0.00116778
0.00115603
0.00115211
0.00111684
0.000940498
0.000960092
0.000924823
0.000924823
0.000920904
0.000920904
0.000916985
0.000905229
0.000889554
0.0013794
0.00122657
0.000771992
0.000740642
0.000736723
0.000732805
0.000709292
0.00119522
0.00133237
0.00219841
0.00349944
0.00497288
0.00538043
0.00632877
0.00735156
0.00757101
0.00799815
0.00814706
0.00844489
0.00873487
0.00944025
0.00976942
0.00974983
0.00941282
0.00916202
0.00931877
0.00804518
0.00784924
0.00723791
0.00668537
0.00652079
0.0061054
0.00618377
0.00595257
0.00537651
0.00549407
0.00509436
0.00503558
0.0050395
0.00514139
0.00517274
0.00500031
0.00530989
0.00580757
0.00596041
0.00687347
0.0071517
0.0072771
0.00751223
0.00789626
0.00797072
0.00833908
0.00868785
0.00891905
0.00897
0.00853894
0.00856637
0.00814706
0.00809612
0.00802166
0.00731237
0.00625823
0.00581149
0.00452223
0.00294689
0.0021318
0.000807261
0.00123048
0.00181438
0.00224152
0.00197113
0.00250799
0.00271177
0.00386388
0.0038051
0.00443601
0.00492194
0.00530206
0.00583501
0.00657565
0.00674023
0.00833516
0.0095774
0.0102945
0.0135706
0.0155143
0.0156593
0.0167996
0.0158748
0.0152635
0.0133276
0.0115133
0.011431
0.0111135
0.0108784
0.0100281
0.0108118
0.0111567
0.0115603
0.0133786
0.0153889
0.0159845
0.0184534
0.0200835
0.0190882
0.0192684
0.0190177
0.0183319
0.0178695
0.0183123
0.0174188
0.0167369
0.0171367
0.0162667
0.0156554
0.0159885
0.0154516
0.0158709
0.0153497
0.0151263
0.0139899
0.014225
0.0140604
0.0143269
0.0139938
0.0141976
0.0147266
0.0138645
0.0138096
0.0127281
0.0120854
0.0127633
0.0120893
0.011815
0.0131552
0.0129671
0.0120227
0.0111018
0.0110626
0.0132258
0.013022
0.0132258
0.0133433
0.0133512
0.0134178
0.0137744
0.0143426
0.0135236
0.0135393
0.0130768
0.0118738
0.0105688
0.0100163
0.00925998
0.00869569
0.00868393
0.00833516
0.00811963
0.00821368
0.00839002
0.00815098
0.00811963
0.0104356
0.012058
0.0126889
0.0161805
0.016494
0.0178695
0.0190451
0.021314
0.0216315
0.0245078
0.0257461
0.0272039
0.0272235
0.0277564
0.0274469
0.0275527
0.0297942
0.0295943
0.0324864
0.0355469
0.0365932
0.0392344
0.0409744
0.04099
0.0430043
0.0441916
0.0427104
0.0443092
0.0447363
0.0442896
0.0463626
0.0451792
0.045042
0.0460295
0.0461353
0.0452144
0.0457278
0.0460217
0.0460844
0.046731
0.048032
0.0469426
0.0480007
0.0483612
0.0482201
0.0480359
0.0473462
0.0475343
0.0472874
0.0462411
0.0454887
0.0457278
0.0469622
0.0450067
0.0455671
0.0460374
0.0458375
0.0453516
0.0454652
0.0441564
0.0447363
0.0441877
0.0437449
0.0432472
0.0431179
0.0435686
0.0439212
0.0435411
0.0439056
0.0454339
0.0460335
0.0450303
0.0482946
0.0495721
0.0495329
0.0482044
0.0469739
0.0464919
0.0479419
0.0464763
0.0452184
0.044752
0.045477
0.04427
0.0436744
0.0445443
0.0454378
0.045524
0.0426829
0.0417385
0.0406648
0.0412918
0.0415778
0.0433961
0.0430003
0.0438311
0.0426477
0.0448774
0.0446815
0.0457787
0.0495838
0.0502461
0.0515863
0.0538553
0.0545293
0.0555246
0.0551524
0.0547056
0.0555364
0.0575702
0.0577583
0.0618965
0.0607758
0.0608149
0.0618848
0.062594
0.0627508
0.0633073
0.0636913
0.0635071
0.0633817
0.0642713
0.0672848
0.0661954
0.0654704
0.0643183
0.0638872
0.0636404
0.0635306
0.0639578
0.0631505
0.0629036
0.0625784
0.0624099
0.0633347
0.0630447
0.0632406
0.0623041
0.0627939
0.0633974
0.0633543
0.0638559
0.0641067
0.0642242
0.0644476
0.0647494
0.0640714
0.0661993
0.0655645
0.0648904
0.0644672
0.0642125
0.0639774
0.0637109
0.0645299
0.0642478
0.063993
0.063656
0.0640009
0.0650315
0.0652745
0.0652784
0.0654822
0.0646984
0.0644711
0.0643222
0.0657055
0.0649022
0.0655762
0.0637853
0.0642556
0.06279
0.0640675
0.060862
0.060666
0.0605171
0.0589261
0.0580914
0.0571392
0.0566963
0.0569119
0.0573351
0.0567826
0.0563946
0.0557794
0.0557833
0.0547801
0.0537024
0.05324
0.0526836
0.0515706
0.0509201
0.0501089
0.0494898
0.0485219
0.0516059
0.0546468
0.0569197
0.0577035
0.0559557
0.0561516
0.0579621
0.0587811
0.0590515
0.0576721
0.0553522
0.0542119
0.0528873
0.0502422
0.0487256
0.0470562
0.0457474
0.0446501
0.0435137
0.0431414
0.0426398
0.0407157
0.0397713
0.0387563
0.0366089
0.0359505
0.0355978
0.0366873
0.0354019
0.0349277
0.0337443
0.0328861
0.0315224
0.0313499
0.0300293
0.0301625
0.0292299
0.0303036
0.0278622
0.0294219
0.0261889
0.0268003
0.0269845
0.0251113
0.0248056
0.0244765
0.0250486
0.0254365
0.0251701
0.027635
0.0252367
0.024257
0.0248056
0.0223447
0.0207693
0.0205734
0.021122
0.02006
0.0192959
0.0194252
0.0187081
0.0183397
0.0184494
0.0172973
0.0179439
0.0181085
0.0172895
0.018422
0.0183201
0.0184494
0.0185748
0.0177205
0.0182927
0.0167996
0.0152478
0.015965
0.0154202
0.016298
0.0165802
0.0163411
0.0167056
0.015287
0.014033
0.0152243
0.0137548
0.0133864
0.0143191
0.0144053
0.0163098
0.0172346
0.017411
0.0195506
0.0180967
0.0185866
0.0155535
0.0157494
0.0130298
0.0118111
0.0108196
0.00935795
0.00945592
0.00894257
0.0113134
0.0100555
0.00998887
0.00933444
0.0088446
0.00873487
0.00862123
0.00810788
0.00834692
0.00779829
0.00841746
0.00779046
0.00807261
0.00750439
0.00692442
0.00689307
0.00677158
0.00694401
0.00659524
0.00607405
0.00647768
0.00746128
0.00642282
0.00678334
0.00965578
0.0129005
0.0115093
0.0145033
0.0166311
0.0181751
0.022282
0.0196917
0.0202364
0.0201619
0.0202677
0.0204441
0.0182613
0.0150519
0.01495
0.0144797
0.0146874
0.0130416
0.013406
0.0129201
0.0143387
0.0160786
0.0130847
0.0137234
0.0143543
0.01138
0.0123048
0.00811963
0.00739466
0.00664618
0.00434588
0.00352295
0.00347984
0.00335444
0.00331917
0.00331917
0.00333877
0.00321337
0.00311932
0.00426359
0.00389131
0.00377375
0.00443993
0.00442034
0.00456925
0.00508261
0.0036601
0.00327215
0.00276271
0.0048514
0.00371889
0.0199425
0.0189197
0.0188021
0.0206047
0.0209261
0.0213611
0.0193233
0.0186258
0.0179243
0.0177127
0.0173639
0.0148991
0.0126654
0.0128848
0.0105179
0.0116387
0.0108941
0.0092639
0.00757885
0.00542746
0.00745345
0.00846056
0.00927174
0.00689698
0.00631701
0.00793545
0.00678726
0.00781005
0.00711251
0.00740642
0.00886419
0.00995752
0.0105375
0.0123244
0.0120972
0.0127359
0.0142485
0.014566
0.0151028
0.0168232
0.0163411
0.0166194
0.0179949
0.0172738
0.0188374
0.0199738
0.019868
0.0217255
0.0231989
0.0231989
0.0300803
0.0294258
0.0269962
0.0271373
0.0247116
0.0247939
0.0255424
0.0247116
0.0244059
0.0262869
0.0273881
0.0285088
0.0319613
0.0351041
0.0369381
0.0405472
0.0462059
0.0474011
0.0527227
0.057966
0.0576172
0.0670497
0.0756082
0.0764429
0.0863495
0.0964481
0.0980939
0.105571
0.110885
0.112295
0.119185
0.12357
0.124506
0.132018
0.140213
0.141412
0.149081
0.151655
0.153952
0.160829
0.164818
0.167565
0.174776
0.181214
0.18016
0.184718
0.190192
0.192367
0.199801
0.211451
0.216369
0.227369
0.233533
0.235219
0.246242
0.257849
0.258453
0.268622
0.281707
0.286601
0.299161
0.309706
0.311289
0.323766
0.328532
0.330256
0.334974
0.345116
0.347169
0.358984
0.368761
0.370364
0.375893
0.383178
0.383594
0.39113
0.391612
0.393018
0.401553
0.406346
0.407408
0.415524
0.423255
0.42739
0.434784
0.448277
0.449519
0.461016
0.472424
0.474881
0.489302
0.501763
0.50482
0.522086
0.532847
0.532573
0.553518
0.560388
0.566035
0.578673
0.59028
0.593415
0.601797
0.610657
0.607601
0.609447
0.612197
0.608424
0.610508
0.60505
0.600841
0.605065
0.603749
0.599595
0.592733
0.600719
0.599042
0.609889
0.623746
0.622406
0.630459
0.631779
0.62904
0.643516
0.64986
0.659512
0.669681
0.673878
0.676214
0.688629
0.700769
0.700208
0.716726
0.729344
0.730379
0.749647
0.754483
0.754036
0.763461
0.773767
0.774704
0.787812
0.788631
0.788439
0.794881
0.803695
0.795669
0.795246
0.794297
0.787189
0.787636
0.792471
0.791221
0.792511
0.796163
0.793545
0.792898
0.796088
0.796367
0.799901
0.798757
0.800877
0.799364
0.794442
0.788556
0.785911
0.786903
0.778548
0.76736
0.755055
0.750255
0.744882
0.745419
0.758124
0.773352
0.778203
0.770138
0.774492
0.778313
0.776839
0.782518
0.78173
0.773023
0.769041
0.764276
0.756846
0.754068
0.75272
0.748021
0.750921
0.750498
0.747743
0.74728
0.752285
0.74989
0.74989
0.751889
0.752367
0.754138
0.749816
0.743538
0.73728
0.733953
0.735215
0.735748
0.729505
0.723521
0.718203
0.723878
0.726636
0.725645
0.728322
0.730445
0.739878
0.746371
0.748577
0.75288
0.761744
0.757277
0.763649
0.756932
0.751814
0.748915
0.741641
0.739521
0.75866
0.758092
0.748691
0.747269
0.746222
0.745881
0.74163
0.744161
0.743134
0.749769
0.753621
0.748319
0.750521
0.748174
0.746418
0.740117
0.739016
0.738553
0.735865
0.736708
0.732899
0.733177
0.734834
0.728494
0.730536
0.723372
0.717831
0.71845
0.717102
0.713415
0.709543
0.707619
0.702662
0.703865
0.712799
0.708986
0.702332
0.694781
0.691909
0.693225
0.695275
0.692242
0.68864
0.684906
0.681152
0.68449
0.682868
0.681363
0.685423
0.692649
0.692794
0.687187
0.683895
0.682892
0.687371
0.689067
0.683393
0.679905
0.677519
0.673804
0.674576
0.666472
0.660371
0.655899
0.668145
0.664242
0.670642
0.675203
0.675669
0.680689
0.67679
0.67632
0.676222
0.672613
0.668667
0.667076
0.662001
0.658337
0.655229
0.648893
0.647215
0.64749
0.653481
0.646847
0.646894
0.639107
0.636227
0.639954
0.643128
0.640906
0.641568
0.64044
0.636302
0.64207
0.648822
0.648744
0.651095
0.655413
0.656127
0.665449
0.677832
0.672072
0.676841
0.676332
0.673302
0.682449
0.685835
0.687324
0.695816
0.697273
0.696164
0.696897
0.696027
0.69375
0.701259
0.700146
0.700479
0.700338
0.692124
0.686634
0.685631
0.682774
0.679474
0.674827
0.673526
0.673487
0.677981
0.674721
0.672178
0.674466
0.676802
0.678397
0.679431
0.676649
0.682276
0.686442
0.68616
0.683072
0.695765
0.69455
0.69145
0.691289
0.694009
0.686121
0.682139
0.6794
0.677644
0.669634
0.664227
0.662271
0.660884
0.650366
0.643234
0.633394
0.629793
0.624306
0.625024
0.620415
0.616696
0.618158
0.608557
0.60358
0.60467
0.610606
0.605199
0.60119
0.594148
0.587725
0.582399
0.577423
0.57165
0.570855
0.574648
0.571537
0.577642
0.582176
0.580326
0.582525
0.583038
0.584061
0.604513
0.612973
0.615544
0.625192
0.623969
0.620932
0.622128
0.625627
0.626152
0.633163
0.631858
0.629851
0.630533
0.62556
0.622672
0.621947
0.617272
0.611096
0.616673
0.61605
0.610383
0.610473
0.610113
0.607146
0.598635
0.58885
0.576568
0.573296
0.564698
0.555258
0.548244
0.545026
0.537287
0.528423
0.525464
0.519602
0.517168
0.523211
0.519558
0.524186
0.528207
0.527353
0.529963
0.532232
0.532945
0.53782
0.542824
0.538752
0.540014
0.532212
0.528321
0.523893
0.512893
0.508578
0.504702
0.50328
0.500349
0.496207
0.489098
0.484497
0.490787
0.489819
0.486962
0.483048
0.483455
0.47628
0.472142
0.475316
0.468207
0.465253
0.461255
0.451431
0.453418
0.447305
0.443006
0.437363
0.43094
0.423757
0.428271
0.429145
0.427789
0.429835
0.419854
0.417032
0.423663
0.41717
0.410175
0.405355
0.401957
0.39517
0.390938
0.387364
0.37759
0.365744
0.356261
0.360273
0.355873
0.348909
0.344422
0.346593
0.34095
0.338199
0.338187
0.337247
0.335135
0.344881
0.345931
0.344759
0.350578
0.354646
0.350347
0.350202
0.346166
0.338626
0.342251
0.336357
0.338199
0.342663
0.352307
0.346381
0.353709
0.358314
0.360081
0.36438
0.363479
0.36545
0.365462
0.362511
0.356065
0.353474
0.346417
0.344508
0.344728
0.341322
0.333818
0.331941
0.327932
0.32417
0.322414
0.320142
0.312837
0.305536
0.296484
0.288846
0.28838
0.280468
0.279775
0.272674
0.260357
0.258335
0.250995
0.247747
0.240767
0.238048
0.231398
0.225433
0.220978
0.219912
0.219446
0.220868
0.230183
0.233984
0.246857
0.251897
0.25067
0.260573
0.266576
0.263849
0.260565
0.257034
0.273054
0.268775
0.265166
0.262462
0.256905
0.257058
0.256156
0.2583
0.260526
0.262277
0.266647
0.270483
0.26941
0.280253
0.285022
0.281526
0.290218
0.295234
0.297605
0.307014
0.309949
0.31105
0.324695
0.331545
0.330597
0.330977
0.337055
0.334708
0.336585
0.337188
0.335918
0.331847
0.332121
0.329362
0.332137
0.332587
0.330456
0.324436
0.32299
0.321576
0.316399
0.31373
0.312343
0.307413
0.30045
0.297381
0.291848
0.285265
0.281997
0.279285
0.27778
0.271839
0.265005
0.256207
0.24877
0.244792
0.233416
0.228737
0.220578
0.227224
0.219673
0.213838
0.209037
0.201513
0.198069
0.220927
0.216463
0.214006
0.212039
0.208081
0.203187
0.205095
0.201964
0.202497
0.201784
0.20747
0.195616
0.188785
0.183644
0.177637
0.171382
0.170453
0.165982
0.157557
0.150009
0.143426
0.140487
0.136596
0.132289
0.125909
0.117942
0.110132
0.10302
0.0999122
0.0975492
0.0970398
0.0937951
0.0929369
0.0921335
0.0860908
0.102205
0.0985681
0.0946925
0.0929878
0.0901585
0.0863965
0.0827089
0.0776185
0.0735508
0.0677315
0.0648591
0.0632955
0.0608894
0.0579856
0.0552033
0.052613
0.0504734
0.0485924
0.0462059
0.0450185
0.0430435
0.0425614
0.0405159
0.0383057
0.0365971
0.0360132
0.0343517
0.0318554
0.0295356
0.0276428
0.0261889
0.0248252
0.0226111
0.0217373
0.0205185
0.0189158
0.0172699
0.0166037
0.01466
0.0152047
0.0146051
0.0129397
0.012732
0.0118346
0.0113918
0.0103964
0.00992225
0.00924431
0.00931485
0.0082176
0.00724575
0.00730453
0.00709684
0.00655213
0.00542354
0.00505126
0.00401671
0.0037228
0.00360524
0.00437723
0.00374632
0.00297432
0.00177127
0.00224152
0.0027392
0.00216315
0.00172425
0.00164587
0.00193194
0.00179478
0.0015048
0.000779829
0.00117954
0.0011913
0.00130494
0.00141075
0.00137548
0.00202599
0.00212004
0.00225719
0.00187708
0.00168898
0.00173208
0.00141075
0.00131278
0.00125008
0.000603486
0.000752398
0.000681861
0.00132453
0.00132845
0.00129318
0.00183005
0.00181046
0.0016733
0.00155966
0.00118738
0.00122265
0.00110508
0.00121873
0.00114819
0.000501599
0.00056038
0.000438899
0.00134805
0.00313107
0.00354254
0.00588595
0.00647376
0.0074652
0.00960483
0.0106276
0.0110391
0.0119091
0.00991441
0.00944025
0.0084684
0.00706157
0.00688523
0.00526287
0.00417346
0.00364443
0.00730061
0.0134256
0.0169799
0.0238808
0.0286773
0.0289203
0.0318594
0.0337756
0.0345202
0.0363777
0.0424948
0.0489294
0.0564651
0.0666539
0.0710233
0.081404
0.0829323
0.0864474
0.0893551
0.0912087
0.0907345
0.0951823
0.101441
0.100653
0.101601
0.101695
0.101503
0.103408
0.104615
0.101977
0.0990619
0.0996928
0.0971103
0.0964951
0.093121
0.0908678
0.087337
0.0884421
0.0892023
0.0864709
0.0856362
0.0830264
0.0837984
0.0805654
0.0784023
0.0694323
0.0644515
0.0620964
0.0531852
0.0468525
0.0457082
0.0487844
0.0505439
0.0506497
0.0514217
0.0509789
0.0510063
0.0528912
0.0565435
0.0554933
0.0584363
0.0592083
0.0576133
0.059898
0.0626528
0.0609756
0.0621081
0.0662385
0.0643222
0.0665206
0.0682723
0.0652118
0.0655096
0.0649806
0.0640087
0.0623315
0.0623041
0.0633347
0.0655449
0.0671124
0.0648121
0.0663051
0.0685505
0.0659524
0.0697497
0.0710624
0.0698202
0.0680215
0.067132
0.0679745
0.0696243
0.0659838
0.0625509
0.0572724
0.052613
0.04755
0.0422088
0.0335209
0.0312049
0.0253817
0.0203461
0.0174737
0.014323
0.0115093
0.0120776
0.0126497
0.0135902
0.0110587
0.00889554
0.00605054
0.00588987
0.00613283
0.00655997
0.00661092
0.00722224
0.00601919
0.00677158
0.00732805
0.00820976
0.00855069
0.00856637
0.00920512
0.00952254
0.0110273
0.0110234
0.0116308
0.0109411
0.0122343
0.0127437
0.0186062
0.0241003
0.0277408
0.0360446
0.0475696
0.0524876
0.0657055
0.0773677
0.084155
0.0975649
0.109662
0.117848
0.132093
0.148556
0.158356
0.172938
0.187277
0.197081
0.2141
0.228596
0.237021
0.25433
0.270703
0.277541
0.296802
0.309197
0.312625
0.32551
0.333285
0.333595
0.340621
0.336851
0.332215
0.32863
0.319761
0.316066
0.309596
0.302049
0.302727
0.297722
0.284403
0.278615
0.268324
0.259123
0.253703
0.249173
0.244004
0.240928
0.234544
0.23052
0.226676
0.223188
0.215343
0.214849
0.21095
0.204797
0.203602
0.192414
0.183522
0.178695
0.163102
0.147384
0.14122
0.122253
0.110646
0.102777
0.0894178
0.075761
0.0708704
0.0572254
0.0449284
0.03916
0.0280621
0.0201541
0.0178264
0.0120658
0.00832732
0.00569785
0.00110508
3.91874e-06
0
0
3.91874e-06
3.91874e-06
0.000983604
0.00192018
0.00250799
0.00323688
0.00348768
0.0032408
0.00215923
0.000540786
0.000360524
3.91874e-06
3.91874e-06
3.91874e-06
0
0
0
0
0
0
0
3.91874e-06
0
0
7.83748e-06
3.91874e-06
0
3.91874e-06
3.91874e-06
3.91874e-06
7.83748e-06
3.91874e-06
0
0
0
7.83748e-06
3.91874e-06
3.91874e-06
0
3.91874e-06
0
3.91874e-06
7.83748e-06
3.91874e-06
0
3.91874e-06
7.83748e-06
0
0
7.83748e-06
3.91874e-06
3.91874e-06
0
3.91874e-06
0
0
3.91874e-06
3.91874e-06
0
3.91874e-06
0
0
1.17562e-05
0
0
3.91874e-06
1.17562e-05
3.91874e-06
7.83748e-06
3.91874e-06
7.83748e-06
7.83748e-06
3.91874e-06
0
7.83748e-06
0
7.83748e-06
0
0
0
3.91874e-06
3.91874e-06
3.91874e-06
3.91874e-06
0
3.91874e-06
3.91874e-06
3.91874e-06
0
3.91874e-06
0
0
0
3.91874e-06
3.91874e-06
7.83748e-06
7.83748e-06
0
1.17562e-05
0
0
0
7.83748e-06
0
0
0
0
0
7.83748e-06
0
3.91874e-06
0
0
7.83748e-06
3.91874e-06
0
0
0
3.91874e-06
0
3.91874e-06
3.91874e-06
0
3.91874e-06
3.91874e-06
3.91874e-06
0
7.83748e-06
3.91874e-06
0
0.00281366
0.00627782
0.0138841
0.0220429
0.0253268
0.0325216
0.0390777
0.0407392
0.0442387
0.0464214
0.0473737
0.0506066
0.050301
0.0502814
0.0529539
0.0527306
0.0536515
0.0554698
0.0547722
0.0554737
0.0559361
0.0579856
0.0584833
0.0590946
0.0581188
0.0587811
0.0592043
0.0607836
0.0630134
0.0638363
0.0661131
0.0684722
0.0748519
0.0846722
0.0880384
0.100763
0.111766
0.116677
0.126105
0.137885
0.140307
0.147768
0.153164
0.155668
0.160421
0.170069
0.17081
0.175834
0.180552
0.182668
0.182997
0.185893
0.187245
0.187226
0.189526
0.189209
0.193527
0.195557
0.193339
0.192814
0.194432
0.191274
0.191489
0.190662
0.190278
0.187183
0.183342
0.182398
0.181434
0.18
0.178824
0.179161
0.182821
0.183769
0.184706
0.189205
0.190451
0.192477
0.194675
0.195627
0.197916
0.198727
0.198951
0.199813
0.202458
0.202638
0.202877
0.204891
0.204719
0.20546
0.205663
0.204958
0.205801
0.206859
0.210064
0.21414
0.21961
0.223117
0.23041
0.237593
0.240117
0.248527
0.255772
0.257677
0.266706
0.262321
0.260624
0.263339
0.264793
0.263637
0.261278
0.25993
0.2662
0.264844
0.263966
0.262403
0.263477
0.263955
0.264441
0.263571
0.266032
0.26446
0.264358
0.263939
0.263527
0.263837
0.263418
0.261168
0.264942
0.26792
0.269743
0.275107
0.282502
0.282361
0.288984
0.292663
0.293475
0.303593
0.299756
0.300415
0.29911
0.298385
0.29851
0.295869
0.291617
0.288361
0.286111
0.281699
0.280245
0.276984
0.27468
0.27363
0.271835
0.270479
0.268085
0.266486
0.267254
0.264903
0.264123
0.264488
0.265616
0.27084
0.283493
0.279884
0.283286
0.28675
0.287608
0.291786
0.293232
0.292914
0.292221
0.291985
0.289521
0.295261
0.301046
0.305082
0.311027
0.31837
0.320381
0.327654
0.335519
0.338481
0.346044
0.352561
0.354897
0.361735
0.36884
0.389292
0.390373
0.392717
0.394022
0.397027
0.398571
0.397027
0.399825
0.400162
0.39814
0.397505
0.398571
0.396365
0.397572
0.395182
0.395534
0.394096
0.395311
0.393026
0.388904
0.386074
0.383319
0.379675
0.377261
0.373675
0.386188
0.375596
0.375012
0.372081
0.369424
0.367351
0.364623
0.362824
0.361355
0.362162
0.365509
0.367621
0.373084
0.37973
0.378625
0.388096
0.393132
0.393967
0.398791
0.404406
0.405978
0.410139
0.414693
0.417507
0.42206
0.449613
0.445541
0.447383
0.448919
0.445749
0.450044
0.446831
0.447626
0.450001
0.448418
0.446266
0.44716
0.447113
0.447242
0.447559
0.448633
0.446266
0.445545
0.443433
0.442261
0.442661
0.437739
0.43471
0.433252
0.431414
0.475598
0.464461
0.463434
0.457345
0.456259
0.454954
0.449382
0.450922
0.457552
0.456525
0.459805
0.460805
0.461557
0.46345
0.465785
0.463838
0.464144
0.466777
0.464136
0.468254
0.466855
0.467839
0.469465
0.470461
0.469622
0.509295
0.495584
0.492993
0.491853
0.486868
0.48485
0.48188
0.479317
0.475433
0.474113
0.469884
0.466287
0.465264
0.460456
0.456737
0.452089
0.449143
0.447736
0.445377
0.442704
0.443178
0.443296
0.441364
0.437461
0.436971
0.462666
0.454601
0.452231
0.4479
0.446474
0.445059
0.445459
0.440423
0.439444
0.438852
0.435341
0.434925
0.433938
0.432872
0.430705
0.428781
0.427417
0.432018
0.433942
0.430646
0.430148
0.427742
0.425473
0.420324
0.417695
0.465962
0.453202
0.447677
0.43982
0.437594
0.43025
0.4261
0.422613
0.419094
0.415065
0.408823
0.404833
0.399112
0.397478
0.394194
0.392219
0.390585
0.386223
0.382908
0.378351
0.374381
0.368871
0.365097
0.363295
0.360575
0.40084
0.386886
0.382485
0.37788
0.376148
0.371959
0.369812
0.367225
0.363044
0.360344
0.35559
0.352365
0.349085
0.344971
0.34008
0.337427
0.33673
0.334276
0.330906
0.324958
0.322779
0.318884
0.313934
0.311379
0.309271
0.382943
0.366077
0.359443
0.353498
0.349497
0.344077
0.341303
0.336197
0.332058
0.328026
0.325651
0.324405
0.319115
0.31696
0.312923
0.309561
0.304365
0.302754
0.300732
0.297358
0.295034
0.292518
0.289901
0.285547
0.282318
0.320412
0.310141
0.304619
0.299404
0.293859
0.287302
0.281346
0.277576
0.273579
0.265883
0.262187
0.257708
0.254973
0.251803
0.250372
0.246881
0.243981
0.240905
0.238663
0.237186
0.235132
0.23146
0.228047
0.224273
0.221393
0.242163
0.228956
0.221934
0.218141
0.212212
0.207548
0.207478
0.20584
0.201298
0.200024
0.196599
0.193147
0.190369
0.189013
0.18739
0.18357
0.183781
0.181112
0.179749
0.178769
0.178021
0.176704
0.173878
0.171931
0.170148
0.24413
0.228541
0.221327
0.216832
0.210397
0.205029
0.200585
0.196286
0.192998
0.188648
0.185019
0.180391
0.175928
0.17257
0.167295
0.163858
0.15963
0.157796
