0.0644682
0.0611813
0.0595796
0.0715288
0.0854325
0.091146
0.102291
0.11427
0.11779
0.12645
0.134797
0.137528
0.140695
0.142991
0.145295
0.147909
0.149962
0.150809
0.151973
0.168659
0.166315
0.167201
0.167448
0.166927
0.166648
0.168216
0.16958
0.171316
0.17427
0.175469
0.176606
0.178499
0.178526
0.177813
0.17708
0.177789
0.177433
0.178248
0.179177
0.179192
0.179055
0.179615
0.178236
0.178526
0.178644
0.176481
0.174795
0.174059
0.173146
0.172429
0.173118
0.171798
0.173565
0.175046
0.178334
0.181422
0.183268
0.186646
0.18897
0.190267
0.191654
0.193652
0.193997
0.195373
0.192829
0.191693
0.190094
0.18855
0.187159
0.188872
0.186254
0.1844
0.18317
0.181422
0.1796
0.17844
0.176865
0.176739
0.176727
0.17786
0.178667
0.180642
0.18295
0.183617
0.189624
0.196113
0.199362
0.209367
0.220445
0.224532
0.236328
0.246301
0.249718
0.258954
0.276855
0.275393
0.279967
0.283709
0.284305
0.288439
0.29137
0.291476
0.294478
0.295912
0.295183
0.289646
0.286464
0.284669
0.277474
0.275962
0.275429
0.269139
0.266365
0.265115
0.264347
0.264558
0.262266
0.257595
0.252825
0.251905
0.251991
0.250071
0.249447
0.249585
0.24761
0.246418
0.246422
0.246199
0.245556
0.2473
0.250929
0.250278
0.250364
0.251187
0.249945
0.249969
0.250843
0.248824
0.248205
0.248617
0.248131
0.246971
0.246567
0.243487
0.246708
0.243973
0.241285
0.238636
0.237323
0.234705
0.232119
0.229176
0.228259
0.228126
0.226025
0.223948
0.221056
0.21827
0.216515
0.216143
0.215354
0.215276
0.214154
0.2129
0.213037
0.212577
0.211793
0.211529
0.210167
0.206253
0.206312
0.205979
0.205602
0.205112
0.205783
0.205538
0.205117
0.204147
0.203784
0.203226
0.203721
0.203005
0.202491
0.203378
0.203662
0.2035
0.20229
0.202408
0.202643
0.202462
0.202868
0.202687
0.202065
0.202134
0.202222
0.202075
0.202535
0.202594
0.202672
0.203143
0.203544
0.203412
0.204176
0.204357
0.204627
0.204078
0.204005
0.204357
0.203912
0.204054
0.205073
0.20519
0.204803
0.204201
0.20401
0.203652
0.203363
0.203647
0.203941
0.202094
0.202672
0.203005
0.202486
0.202329
0.20204
0.202178
0.202374
0.20229
0.202222
0.202251
0.202114
0.202393
0.20304
0.203466
0.204113
0.204068
0.203995
0.203025
0.201472
0.200424
0.199552
0.199586
0.199724
0.200664
0.198303
0.199013
0.199773
0.200155
0.199689
0.199444
0.199337
0.19917
0.199219
0.199288
0.199415
0.200003
0.200155
0.199875
0.200008
0.200194
0.200404
0.2004
0.200434
0.200135
0.199998
0.199679
0.19987
0.19965
0.199626
0.198597
0.19819
0.198357
0.198283
0.198822
0.199297
0.19939
0.199018
0.200948
0.201987
0.205078
0.208986
0.210936
0.213062
0.216359
0.217985
0.221531
0.224995
0.225455
0.225773
0.224676
0.22474
0.224348
0.222991
0.222452
0.219327
0.218009
0.217147
0.215643
0.213498
0.213086
0.210794
0.208947
0.207522
0.205822
0.204691
0.204465
0.203794
0.204524
0.20473
0.20544
0.206263
0.206297
0.205469
0.205592
0.20566
0.205269
0.204078
0.20301
0.201017
0.195021
0.194722
0.194546
0.194159
0.193787
0.193806
0.194262
0.194502
0.195227
0.195555
0.195481
0.196094
0.195638
0.195526
0.195942
0.195614
0.195643
0.195589
0.195702
0.196456
0.197686
0.198455
0.198759
0.199773
0.201649
0.200326
0.201796
0.203544
0.204362
0.203794
0.203064
0.202148
0.200253
0.199733
0.199626
0.199768
0.200439
0.200576
0.200796
0.201066
0.201227
0.201565
0.201531
0.201712
0.201658
0.201595
0.201874
0.201972
0.20183
0.201707
0.203917
0.204113
0.204103
0.204191
0.204338
0.204108
0.204289
0.203975
0.204431
0.20424
0.203598
0.203706
0.203794
0.203383
0.203838
0.204597
0.206816
0.208188
0.209202
0.210319
0.21073
0.212131
0.213385
0.214213
0.214703
0.215536
0.216506
0.218004
0.218553
0.218974
0.219616
0.220405
0.220655
0.221541
0.224186
0.226146
0.230089
0.234752
0.237789
0.24401
0.251794
0.255972
0.263868
0.27056
0.274214
0.281366
0.287572
0.290712
0.296076
0.302713
0.297986
0.303506
0.310536
0.314072
0.320367
0.327871
0.332123
0.339084
0.344883
0.347323
0.353725
0.358423
0.360397
0.366466
0.371991
0.374602
0.379525
0.382577
0.383684
0.386652
0.388176
0.389729
0.39253
0.394064
0.395107
0.38048
0.38579
0.387892
0.390845
0.394157
0.395999
0.399251
0.402744
0.403106
0.406511
0.408945
0.408779
0.411512
0.413217
0.412913
0.413158
0.414368
0.414622
0.415989
0.415891
0.416699
0.416474
0.416048
0.415166
0.417302
0.419418
0.420662
0.419986
0.421745
0.421838
0.42223
0.420501
0.418957
0.420662
0.420461
0.420672
0.422092
0.421706
0.420584
0.423351
0.424135
0.423209
0.423763
0.423714
0.423028
0.422617
0.424008
0.422822
0.423508
0.423106
0.423038
0.421715
0.423876
0.422827
0.424233
0.424635
0.425443
0.429651
0.433883
0.436386
0.440618
0.444331
0.446717
0.450058
0.454682
0.45719
0.461593
0.466124
0.467996
0.473364
0.476769
0.478189
0.482402
0.485365
0.487291
0.495309
0.500129
0.503607
0.507781
0.511479
0.513688
0.516647
0.516867
0.518552
0.51961
0.520086
0.520316
0.520953
0.52034
0.520879
0.523088
0.523725
0.524078
0.524328
0.525263
0.52518
0.526591
0.528555
0.52901
0.529554
0.522535
0.523823
0.522613
0.522471
0.521168
0.520306
0.519316
0.518812
0.518415
0.517563
0.516735
0.515373
0.514423
0.514168
0.513958
0.513865
0.512865
0.512429
0.512028
0.510739
0.50926
0.508726
0.509907
0.509123
0.508981
0.505753
0.507364
0.507467
0.507129
0.511655
0.513291
0.514438
0.51626
0.518738
0.52081
0.522687
0.526267
0.527536
0.529711
0.532047
0.533375
0.53579
0.538249
0.539571
0.541741
0.543892
0.545224
0.546733
0.548756
0.549819
0.554668
0.558107
0.560948
0.565004
0.567811
0.570828
0.573586
0.576231
0.577549
0.578739
0.580757
0.583736
0.588355
0.594047
0.597559
0.602036
0.605852
0.608424
0.612612
0.616442
0.618759
0.622267
0.62643
0.627964
0.629884
0.641571
0.643144
0.644844
0.646867
0.648062
0.650717
0.653034
0.653984
0.656149
0.659328
0.660832
0.664354
0.666465
0.667866
0.669811
0.672417
0.672554
0.673431
0.674984
0.675287
0.675635
0.675356
0.674949
0.674861
0.674739
0.670536
0.670913
0.670541
0.671785
0.67204
0.673759
0.675326
0.678393
0.680112
0.68092
0.682106
0.683213
0.683257
0.684687
0.685603
0.686818
0.687269
0.688195
0.689086
0.689101
0.689282
0.689321
0.689287
0.689938
0.690379
0.683698
0.684291
0.685025
0.684648
0.684918
0.684893
0.684472
0.685824
0.68698
0.687239
0.688366
0.689062
0.689086
0.689547
0.689821
0.689551
0.691036
0.690237
0.690781
0.690732
0.691104
0.691344
0.692148
0.692299
0.692329
0.687886
0.689708
0.690497
0.691065
0.691545
0.691996
0.692564
0.692094
0.692868
0.692966
0.692843
0.692696
0.69325
0.693191
0.693862
0.693955
0.694034
0.695082
0.696037
0.696238
0.696076
0.696463
0.696204
0.696365
0.695866
0.687293
0.688562
0.688631
0.688964
0.688954
0.689022
0.690629
0.689889
0.68987
0.689199
0.689894
0.69009
0.69058
0.690223
0.689164
0.688807
0.68888
0.688513
0.688616
0.688268
0.688048
0.687778
0.687994
0.687866
0.687852
0.681827
0.682209
0.682537
0.682865
0.683203
0.683179
0.682723
0.682468
0.682659
0.682424
0.682733
0.6824
0.682292
0.683159
0.683815
0.683041
0.682699
0.68166
0.681454
0.681023
0.680984
0.681116
0.681342
0.680631
0.680333
0.673783
0.674175
0.674817
0.675361
0.675919
0.675459
0.675914
0.676213
0.676331
0.677487
0.677438
0.678207
0.68024
0.680465
0.681469
0.681111
0.680269
0.679426
0.678657
0.678844
0.67947
0.680813
0.682429
0.683585
0.684898
0.682346
0.68527
0.686999
0.687783
0.689987
0.692182
0.692731
0.694283
0.696429
0.698261
0.699681
0.700886
0.701915
0.703037
0.704864
0.706446
0.708739
0.71106
0.713848
0.716037
0.718805
0.720544
0.723101
0.724521
0.725168
0.734739
0.735219
0.734803
0.736513
0.737517
0.738301
0.738345
0.739373
0.740103
0.740735
0.741994
0.742685
0.742303
0.741705
0.741396
0.740838
0.739951
0.739844
0.739809
0.739956
0.739809
0.739888
0.739937
0.739751
0.739863
0.733676
0.734921
0.73566
0.736302
0.7359
0.735993
0.735998
0.735313
0.735675
0.735283
0.735954
0.736395
0.735396
0.735959
0.735474
0.735264
0.735244
0.735518
0.736013
0.736263
0.737066
0.736939
0.737052
0.73663
0.736469
0.730806
0.733593
0.735038
0.73542
0.735092
0.735646
0.735548
0.735557
0.735753
0.735254
0.727887
0.728455
0.728866
0.729185
0.729959
0.730257
0.730953
0.730679
0.731095
0.731991
0.732036
0.732535
0.733387
0.73374
0.733554
0.733848
0.734784
0.735131
0.735739
0.73592
0.73594
0.7369
0.736268
0.736449
0.736341
0.73085
0.730644
0.732413
0.73303
0.733074
0.732614
0.732863
0.732667
0.732295
0.731242
0.730919
0.730159
0.728587
0.728357
0.727539
0.727735
0.727451
0.727691
0.727191
0.726961
0.727152
0.727088
0.727289
0.727945
0.729013
0.728205
0.729003
0.729787
0.730086
0.730757
0.73158
0.73208
0.733485
0.734544
0.735489
0.73759
0.738653
0.738555
0.738595
0.738761
0.738859
0.738864
0.738869
0.738374
0.738428
0.738599
0.738266
0.738511
0.738501
0.73831
0.735244
0.735136
0.735719
0.735989
0.735268
0.735322
0.735337
0.737091
0.737296
0.736998
0.736341
0.736327
0.736581
0.737247
0.737576
0.73808
0.738839
0.739133
0.74025
0.741235
0.74169
0.741769
0.742156
0.741798
0.741681
0.733304
0.733378
0.734754
0.734455
0.735092
0.735749
0.735239
0.734612
0.734436
0.734372
0.733706
0.734828
0.734715
0.734989
0.73518
0.735151
0.734842
0.735342
0.734901
0.734911
0.7359
0.736042
0.736356
0.736958
0.737169
0.734269
0.734191
0.734495
0.734646
0.735347
0.734935
0.726716
0.727744
0.728959
0.728905
0.729621
0.730032
0.729523
0.729665
0.730169
0.729532
0.729434
0.729111
0.729351
0.72918
0.72846
0.728758
0.728406
0.728229
0.728371
0.728176
0.728122
0.727563
0.727299
0.726995
0.726833
0.722268
0.722924
0.723365
0.723414
0.723845
0.72388
0.725183
0.725295
0.725677
0.725428
0.72577
0.726378
0.727656
0.727632
0.7275
0.727176
0.726892
0.726745
0.726897
0.726858
0.727465
0.727073
0.727744
0.728092
0.727759
0.724433
0.724903
0.725158
0.724796
0.725648
0.72579
0.725393
0.724771
0.724639
0.724541
0.724208
0.724854
0.724389
0.724516
0.725388
0.724712
0.724756
0.724619
0.724899
0.724085
0.724399
0.724325
0.724585
0.724561
0.724756
0.71806
0.719231
0.719339
0.720137
0.720803
0.722307
0.723218
0.723507
0.724482
0.725447
0.72602
0.72625
0.726657
0.726104
0.726079
0.725383
0.724845
0.724894
0.725011
0.724394
0.724492
0.7246
0.72506
0.725261
0.725721
0.720211
0.719765
0.719941
0.720274
0.720799
0.720269
0.720235
0.720318
0.719118
0.719554
0.719162
0.719976
0.719363
0.719932
0.719966
0.720622
0.721117
0.721729
0.723493
0.723963
0.723527
0.724027
0.724247
0.724061
0.724174
0.725486
0.726686
0.725971
0.726525
0.726824
0.72674
0.727284
0.727358
0.72746
0.727044
0.726745
0.727201
0.727176
0.727549
0.727632
0.72723
0.727215
0.725873
0.725873
0.72481
0.724786
0.725364
0.725428
0.727191
0.727833
0.72215
0.721959
0.721812
0.721352
0.721034
0.720118
0.72
0.720461
0.719339
0.719432
0.720025
0.72023
0.720088
0.720642
0.719995
0.721078
0.720637
0.7205
0.719545
0.720216
0.720877
0.721034
0.721528
0.721719
0.721852
0.719902
0.72097
0.723022
0.723512
0.724046
0.724399
0.724051
0.725001
0.725099
0.725222
0.725349
0.726432
0.726755
0.727171
0.726711
0.726912
0.727215
0.726863
0.72771
0.727744
0.727808
0.727529
0.728136
0.727828
0.728048
0.72409
0.724894
0.724879
0.724634
0.725163
0.724649
0.724869
0.725011
0.725158
0.725457
0.725124
0.725104
0.725124
0.725129
0.72481
0.724565
0.725942
0.726104
0.727054
0.72702
0.727754
0.72774
0.728469
0.730037
0.730003
0.726481
0.727519
0.728058
0.728749
0.729395
0.730483
0.731164
0.73111
0.731629
0.731982
0.73208
0.732261
0.731369
0.731066
0.730429
0.730218
0.729322
0.729459
0.729141
0.729723
0.729807
0.729493
0.72989
0.729934
0.730194
0.726584
0.727441
0.727279
0.727162
0.726319
0.726618
0.727206
0.727069
0.727798
0.728665
0.728332
0.729229
0.729018
0.730493
0.732036
0.733941
0.734127
0.734196
0.73469
0.734823
0.734372
0.734201
0.73376
0.73353
0.733461
0.73229
0.732927
0.734024
0.734147
0.734837
0.735763
0.736224
0.736483
0.7369
0.736978
0.736429
0.737615
0.737292
0.737257
0.73807
0.738472
0.737835
0.738163
0.737634
0.737336
0.73714
0.736312
0.736062
0.735768
0.73591
0.725207
0.727328
0.726388
0.72601
0.725707
0.725462
0.724619
0.725692
0.724389
0.724683
0.724683
0.724644
0.724737
0.723963
0.724115
0.724458
0.724521
0.724423
0.724281
0.724688
0.724707
0.725325
0.7253
0.725604
0.725315
0.724742
0.726148
0.727122
0.72746
0.729052
0.730385
0.730875
0.731722
0.732413
0.733451
0.733931
0.73494
0.73545
0.735273
0.736733
0.737419
0.73833
0.738482
0.738967
0.739746
0.740392
0.741764
0.742386
0.74267
0.743341
0.735435
0.737311
0.739026
0.738565
0.738555
0.738085
0.737125
0.737385
0.737135
0.73712
0.73688
0.737737
0.738345
0.738129
0.738154
0.738325
0.737487
0.737091
0.736415
0.735411
0.733436
0.73252
0.731698
0.730644
0.729954
0.721759
0.721656
0.72121
0.721421
0.720603
0.719618
0.718893
0.718349
0.717899
0.716983
0.717081
0.715249
0.714142
0.713902
0.714685
0.714724
0.71421
0.714587
0.714754
0.714857
0.715371
0.714058
0.715058
0.715601
0.715342
0.712902
0.713069
0.713397
0.714171
0.715205
0.716694
0.717389
0.717615
0.718354
0.719628
0.719305
0.720808
0.722537
0.722743
0.725619
0.729253
0.730346
0.734784
0.737909
0.737267
0.740867
0.743738
0.746305
0.750659
0.754647
0.754127
0.760148
0.762166
0.763826
0.767848
0.770052
0.769989
0.773961
0.776112
0.775876
0.778737
0.784199
0.784983
0.788583
0.790939
0.792977
0.796396
0.801583
0.804459
0.806266
0.809837
0.810763
0.813046
0.814569
0.814794
0.804106
0.806629
0.807716
0.810077
0.808867
0.809749
0.809166
0.808275
0.806369
0.804816
0.799286
0.802397
0.799173
0.799746
0.796847
0.797518
0.792756
0.791561
0.787285
0.787363
0.783773
0.780481
0.77789
0.782244
0.780422
0.774343
0.775098
0.781118
0.778046
0.780104
0.778086
0.782759
0.782284
0.779198
0.777704
0.781642
0.778688
0.776557
0.774436
0.77451
0.77524
0.775529
0.780118
0.782406
0.788083
0.784218
0.784023
0.780501
0.785517
0.784503
0.779447
0.783121
0.78561
0.785286
0.783836
0.75497
0.755715
0.754157
0.752256
0.749273
0.748818
0.72123
0.720637
0.720394
0.720421
0.717972
0.720645
0.727432
0.72762
0.734164
0.738455
0.739223
0.751873
0.755474
0.752155
0.759495
0.752535
0.74567
0.739686
0.731813
0.727687
0.741038
0.751564
0.751959
0.756333
0.756388
0.754608
0.756783
0.760369
0.768261
0.772317
0.774339
0.772541
0.780793
0.787036
0.785543
0.789438
0.783305
0.782326
0.786652
0.796331
0.793749
0.795861
0.799533
0.799541
0.798949
0.798197
0.798075
0.804235
0.807378
0.809146
0.813966
0.815525
0.813633
0.815443
0.812853
0.809965
0.80788
0.80931
0.809263
0.809287
0.806508
0.804576
0.800661
0.797221
0.795246
0.794513
0.789959
0.78704
0.79108
0.791496
0.788204
0.786656
0.791546
0.784324
0.783537
0.778873
0.774837
0.775797
0.78084
0.785186
0.793063
0.803671
0.80565
0.816928
0.820075
0.824503
0.829978
0.825013
0.825244
0.819652
0.81701
0.813601
0.815604
0.812261
0.816834
0.811548
0.80692
0.801343
0.800234
0.798267
0.798122
0.798103
0.795085
0.789818
0.786926
0.787259
0.787667
0.794199
0.788451
0.78316
0.785163
0.779238
0.777713
0.776977
0.779414
0.775025
0.769931
0.764985
0.762995
0.757069
0.746175
0.740873
0.730751
0.720602
0.715033
0.708085
0.696204
0.687751
0.685505
0.688178
0.680866
0.677801
0.669258
0.664395
0.667362
0.667945
0.661891
0.661817
0.66443
0.659367
0.670567
0.667507
0.664211
0.664944
0.674952
0.674987
0.676449
0.680944
0.677954
0.679619
0.675203
0.671049
0.662859
0.652357
0.649888
0.660614
0.660919
0.661617
0.672938
0.688299
0.681402
0.6798
0.677209
0.675759
0.678534
0.684549
0.681857
0.685599
0.684044
0.679576
0.68498
0.686344
0.684902
0.692543
0.70243
0.703473
0.717514
0.71914
0.723858
0.728204
0.732781
0.732377
0.729407
0.732338
0.727291
0.724912
0.722651
0.718967
0.721773
0.71905
0.717439
0.720645
0.718372
0.712474
0.707403
0.713097
0.713908
0.722263
0.720809
0.71883
0.706138
0.694832
0.690498
0.680513
0.674451
0.676014
0.673063
0.669035
0.672225
0.67092
0.667275
0.667456
0.672789
0.674933
0.688221
0.683287
0.695318
0.692967
0.690756
0.727071
0.720339
0.718101
0.743648
0.73699
0.742837
0.739282
0.778865
0.78617
0.789509
0.785214
0.786989
0.800183
0.796645
0.795105
0.799713
0.798208
0.800818
0.800579
0.79929
0.797107
0.793016
0.789191
0.787612
0.784861
0.778611
0.774073
0.77363
0.768955
0.766804
0.767548
0.758672
0.759632
0.755506
0.746285
0.735222
0.725696
0.719696
0.72552
0.724383
0.716483
0.719265
0.717663
0.71392
0.710252
0.710613
0.700769
0.698888
0.70361
0.693398
0.692571
0.685019
0.676281
0.671241
0.666507
0.659042
0.65816
0.658752
0.652031
0.65394
0.646851
0.638128
0.633045
0.630192
0.618777
0.61248
0.619576
0.621226
0.631297
0.622578
0.626035
0.620682
0.612942
0.607413
0.606754
0.600441
0.596217
0.59046
0.587255
0.579876
0.578101
0.571329
0.56174
0.562104
0.55777
0.55384
0.553663
0.551641
0.545935
0.543353
0.537906
0.528877
0.524868
0.520436
0.514213
0.526824
0.515883
0.510228
0.508645
0.496022
0.485117
0.475555
0.47008
0.463215
0.466989
0.461929
0.452959
0.445624
0.438182
0.426684
0.420904
0.410241
0.403184
0.398556
0.3908
0.385961
0.384538
0.389413
0.389703
0.390506
0.389609
0.380533
0.376583
0.372523
0.366003
0.368032
0.367519
0.367825
0.364412
0.364807
0.363879
0.367719
0.369972
0.366908
0.359803
0.360951
0.36293
0.374208
0.37893
0.379906
0.392897
0.410026
0.415465
0.431465
0.442026
0.460644
0.466405
0.476993
0.476966
0.490321
0.497265
0.496062
0.503809
0.517254
0.51513
0.512732
0.509785
0.509934
0.515714
0.519515
0.509127
0.519989
0.533576
0.540363
0.545704
0.549666
0.547691
0.54505
0.52836
0.523951
0.513077
0.505498
0.501709
0.495595
0.490078
0.482805
0.47425
0.464653
0.460009
0.452967
0.446619
0.442873
0.434957
0.422742
0.40896
0.396051
0.389864
0.383849
0.373613
0.365607
0.360434
0.354474
0.342815
0.337995
0.327289
0.316552
0.311399
0.308115
0.306159
0.299423
0.298624
0.296484
0.294486
0.294783
0.288188
0.28229
0.279728
0.273834
0.268908
0.259197
0.248546
0.240893
0.234039
0.225872
0.217913
0.209061
0.200984
0.193954
0.185662
0.177256
0.17893
0.167985
0.159269
0.152525
0.144453
0.137344
0.132743
0.124514
0.118111
0.113886
0.108961
0.104568
0.102675
0.100782
0.0997476
0.0982624
0.0988228
0.0968164
0.0940028
0.0929643
0.0902604
0.0889672
0.0881364
0.0866081
0.0854286
0.101711
0.0954135
0.0950922
0.0929604
0.0905229
0.0881207
0.0871567
0.0849897
0.0814902
0.0811297
0.07928
0.0775362
0.0763292
0.0758198
0.07417
0.074558
0.0847976
0.0914791
0.105594
0.12116
0.130071
0.148313
0.169239
0.179047
0.197179
0.230469
0.238146
0.258343
0.278505
0.288353
0.308758
0.335284
0.346907
0.367198
0.384742
0.394233
0.403587
0.417832
0.427072
0.444401
0.449985
0.453853
0.4533
0.450773
0.448308
0.44018
0.42855
0.422824
0.41958
0.406562
0.399375
0.384703
0.363569
0.357718
0.347902
0.338207
0.323512
0.318229
0.304404
0.297644
0.298259
0.287914
0.2799
0.269594
0.256129
0.250035
0.242018
0.230477
0.222937
0.21115
0.203825
0.201176
0.192179
0.186081
0.180431
0.174411
0.166574
0.161154
0.149124
0.137975
0.132787
0.123734
0.116594
0.1109
0.101041
0.0937402
0.087623
0.0776342
0.0654861
0.0595178
0.0508261
0.0417659
0.0385487
0.0358957
0.0350884
0.0343556
0.0333524
0.0328038
0.0316909
0.0291123
0.0348729
0.0330938
0.0322042
0.0294924
0.0285794
0.0266553
0.0256403
0.0249271
0.0236457
0.0235007
0.0232185
0.0231441
0.0243236
0.0249781
0.0302448
0.0365423
0.0385173
0.045912
0.0538239
0.0569785
0.0688327
0.0784258
0.0830264
0.0924872
0.10488
0.112922
0.122666
0.134354
0.139958
0.153757
0.167389
0.175579
0.190049
0.204632
0.211563
0.223466
0.235301
0.241865
0.254669
0.265083
0.271804
0.284246
0.294361
0.298873
0.304927
0.30816
0.307582
0.30888
0.31176
0.312343
0.304276
0.305084
0.302674
0.302742
0.301821
0.300019
0.298437
0.299553
0.299514
0.295757
0.293504
0.291554
0.287273
0.287293
0.286989
0.287082
0.281713
0.281346
0.278784
0.28523
0.288459
0.290114
0.292862
0.293274
0.288596
0.286651
0.285206
0.280263
0.275708
0.273415
0.26908
0.261008
0.258758
0.25346
0.242751
0.238446
0.22809
0.219053
0.215379
0.206704
0.194497
0.187737
0.174306
0.165418
0.157078
0.148114
0.13647
0.134447
0.12682
0.115632
0.110552
0.102867
0.0938685
0.0901114
0.079766
0.0721489
0.0671721
0.0574928
0.0492341
0.0449235
0.0368851
0.0330703
0.0313303
0.0270628
0.024014
0.0218235
0.0192214
0.0167036
0.0155182
0.0126624
0.0108157
0.00952254
0.00676963
0.00425183
0.00307131
0.00426751
0.00181046
0.00231598
0.00217
0.00227777
0.00213082
0.00215531
0.00253738
0.00199366
0.0018712
0.00182221
0.0019241
0.00205734
0.0021318
0.00245411
0.0018565
0.00202305
0.00207203
0.00263535
0.00285578
0.00322121
0.00264907
0.00241394
0.00237084
0.00227287
0.00235124
0.00216021
0.00257069
0.00226797
0.00244431
0.00228854
0.00201815
0.00236594
0.00229736
0.0025031
0.00257167
0.00243942
0.00225328
0.00208183
0.00331623
0.00266474
0.00304682
0.0034191
0.0043498
0.00477597
0.00456533
0.00377179
0.0040461
0.00461432
0.00544705
0.00538337
0.00606425
0.00641204
0.00614263
0.00651491
0.00752888
0.00837141
0.0135314
0.021796
0.0258441
0.0358026
0.0429543
0.0472404
0.0517519
0.0595796
0.0609364
0.0641155
0.0665696
0.0679657
0.0692491
0.0713015
0.0727955
0.0771894
0.0793937
0.0819605
0.0841844
0.0845615
0.0859919
0.088588
0.0891954
0.0888183
0.0899694
0.0905278
0.0891367
0.0894208
0.0906013
0.0903711
0.0913605
0.0957299
0.100065
0.106046
0.108441
0.108118
0.109068
0.110445
0.111268
0.107178
0.0993548
0.0951274
0.0904005
0.0832977
0.0787422
0.0736292
0.0721166
0.0710115
0.0710468
0.0693852
0.0668694
0.061199
0.0605602
0.0578367
0.0559479
0.054976
0.051986
0.0474638
0.0435725
0.0430905
0.041809
0.0401044
0.0393716
0.0391678
0.035496
0.0346887
0.0345476
0.0327293
0.0307856
0.0294846
0.0284971
0.0274429
0.0265651
0.0260283
0.0247037
0.022474
0.0204323
0.0200757
0.0175599
0.0144719
0.0137273
0.0115358
0.0107667
0.0112546
0.0111841
0.0111057
0.0113016
0.0103455
0.00989874
0.00913459
0.0095147
0.0102201
0.0107021
0.0109059
0.0116622
0.0123636
0.0145033
0.0167957
0.0176735
0.0192489
0.0199503
0.0208007
0.0200248
0.0189158
0.0184925
0.0173522
0.016396
0.0158121
0.0170034
0.0178499
0.018375
0.0183985
0.0175442
0.0163255
0.0140683
0.0113173
0.0135197
0.020064
0.0314136
0.0374681
0.046535
0.0573508
0.0612891
0.0673906
0.0710233
0.0738252
0.0752359
0.0771247
0.0785629
0.0791586
0.0779712
0.0752555
0.0745345
0.0733941
0.0736292
0.0708391
0.0723282
0.0716934
0.0738252
0.0759139
0.0786491
0.0793388
0.080585
0.0765095
0.0730061
0.068868
0.06578
0.0635385
0.0590015
0.0588987
0.0528834
0.045286
0.0410194
0.0349699
0.0285333
0.0251093
0.0185405
0.0129955
0.0101936
0.00481515
0.000783748
0.00106296
0.00285284
0.00479654
0.00567042
0.00963227
0.0186806
0.0235046
0.0316242
0.0377649
0.0387906
0.0405149
0.0422146
0.0429886
0.0448353
0.0462215
0.0470347
0.0482838
0.0505224
0.0515853
0.0533733
0.0535398
0.0543186
0.053579
0.0544313
0.0547566
0.0554384
0.0573743
0.0580757
0.0600077
0.0606386
0.0617398
0.0636257
0.0621463
0.0605984
0.0556167
0.0490675
0.0455456
0.0408607
0.0356253
0.033274
0.0291868
0.025127
0.0234262
0.019339
0.0151459
0.0136764
0.010512
0.00703904
0.00657173
0.00831949
0.0115916
0.01196
0.0122774
0.0136019
0.0140879
0.0148677
0.0154046
0.015338
0.0163647
0.0174423
0.0176147
0.0179361
0.0186179
0.0189432
0.0194487
0.0200796
0.0197661
0.0206087
0.0209613
0.0216001
0.0221017
0.022905
0.022905
0.0238259
0.0239357
0.0245509
0.024931
0.0242453
0.0233557
0.0220547
0.0248527
0.0270236
0.0323923
0.0377649
0.0418913
0.0484827
0.0557363
0.0580052
0.0582011
0.0584245
0.0593572
0.0620062
0.0627351
0.0640401
0.0674572
0.06935
0.0698006
0.0716855
0.072677
0.0734999
0.0754828
0.0785433
0.0775362
0.0791742
0.0802754
0.0809886
0.0822544
0.0820898
0.0819879
0.0853776
0.0860124
0.0862005
0.0858322
0.0866316
0.0872037
0.0893591
0.0926547
0.0919102
0.0894374
0.0868315
0.08343
0.0799972
0.0757689
0.0750978
0.0710762
0.0635865
0.0597118
0.0522319
0.0447128
0.0419256
0.0346809
0.0280582
0.0257579
0.0187953
0.0141662
0.0116289
0.00624549
0.00457709
0.00402063
0.00262066
0.00245901
0.00245901
0.00246391
0.00250799
0.00253249
0.00259127
0.00267944
0.00269413
0.00274312
0.00265005
0.00265985
0.00261086
0.00260596
0.00257167
0.00250799
0.0024786
0.00246881
0.00241003
0.00241982
0.0025031
0.0024982
0.00258147
0.00263045
0.00266474
0.00268924
0.00268924
0.00273332
0.00268924
0.00271373
0.00270883
0.00261086
0.00260106
0.00262556
0.00261576
0.00261086
0.00265985
0.00269903
0.00272352
0.00283129
0.00288517
0.00289007
0.00289007
0.00300274
0.00296355
0.00283129
0.00283129
0.002797
0.0028166
0.00268924
0.00267944
0.00262066
0.00265985
0.00268924
0.00271863
0.00270883
0.00276761
0.00306152
0.00932171
0.0130935
0.0214306
0.0282835
0.0313499
0.0367774
0.0393099
0.0403581
0.0429347
0.04461
0.0447765
0.0463244
0.0509191
0.0543284
0.0649727
0.0753133
0.0804615
0.0901457
0.100692
0.106911
0.120799
0.130956
0.137105
0.148865
0.159077
0.164199
0.174929
0.179071
0.1817
0.185243
0.188413
0.190353
0.195381
0.197344
0.19957
0.202368
0.198872
0.194914
0.190419
0.191791
0.187908
0.182931
0.179843
0.179851
0.178361
0.182206
0.182037
0.183468
0.185572
0.189495
0.182895
0.185419
0.184075
0.179153
0.16983
0.162216
0.161503
0.159975
0.159716
0.157753
0.150225
0.146647
0.14283
0.137509
0.136694
0.129479
0.121289
0.118103
0.11324
0.10581
0.103133
0.0972318
0.0918318
0.0875839
0.0811571
0.0756866
0.0716973
0.0674415
0.0632994
0.0615282
0.0602389
0.0607601
0.0613949
0.0611911
0.0607718
0.0611284
0.0615673
0.0607758
0.061873
0.0630565
0.0634914
0.0635071
0.0643026
0.0639186
0.0614028
0.0629546
0.0645809
0.0640557
0.0641498
0.0663051
0.0664227
0.0686132
0.06935
0.0713132
0.0771247
0.0807927
0.0825992
0.0866394
0.0912361
0.0919611
0.0965735
0.101746
0.10215
0.104219
0.106159
0.104815
0.105751
0.107714
0.108455
0.109529
0.110959
0.11119
0.113013
0.116814
0.11719
0.119957
0.120509
0.120192
0.121383
0.122868
0.123385
0.125239
0.125227
0.125733
0.127265
0.128096
0.1277
0.128836
0.128476
0.128621
0.13029
0.131513
0.132026
0.132728
0.132939
0.132493
0.133508
0.135526
0.135393
0.137085
0.138257
0.138238
0.140593
0.14004
0.140115
0.143732
0.145812
0.146765
0.145891
0.14475
0.145973
0.145421
0.144696
0.145209
0.145836
0.146882
0.147117
0.146894
0.146816
0.146792
0.147082
0.146596
0.146769
0.146682
0.147141
0.146596
0.145287
0.145127
0.143975
0.144143
0.144484
0.14352
0.143896
0.144347
0.143512
0.144884
0.144104
0.144174
0.145526
0.143822
0.142623
0.141247
0.140095
0.139825
0.138206
0.138277
0.138625
0.138723
0.138132
0.137951
0.137328
0.136635
0.135036
0.133751
0.13225
0.131509
0.131748
0.131803
0.131717
0.131031
0.134699
0.133312
0.131364
0.130643
0.129526
0.128206
0.127014
0.126426
0.124643
0.123809
0.123001
0.122041
0.121403
0.120568
0.119843
0.122735
0.124349
0.12712
0.131141
0.132179
0.133664
0.130968
0.129362
0.125521
0.122398
0.123472
0.119318
0.115626
0.113888
0.113996
0.114511
0.115079
0.115397
0.116029
0.11647
0.116984
0.117072
0.117195
0.117087
0.116347
0.116225
0.115858
0.114692
0.113727
0.114344
0.117092
0.118072
0.119884
0.121016
0.121417
0.119061
0.120829
0.12107
0.121731
0.123235
0.123044
0.122926
0.122328
0.12275
0.121133
0.121437
0.121824
0.122436
0.122426
0.12297
0.122828
0.122559
0.122617
0.122172
0.122044
0.121633
0.122583
0.123778
0.123994
0.124415
0.120932
0.121305
0.121295
0.122025
0.122304
0.122627
0.123235
0.122882
0.122348
0.122441
0.123019
0.123279
0.124146
0.124469
0.124768
0.124332
0.124165
0.123901
0.124317
0.124087
0.126335
0.127467
0.128099
0.128353
0.128417
0.128104
0.12852
0.128226
0.128373
0.129367
0.13068
0.133012
0.137656
0.142182
0.144739
0.151841
0.159865
0.163696
0.172111
0.179111
0.183049
0.190049
0.195555
0.198063
0.205318
0.212332
0.216123
0.225259
0.233821
0.23847
0.246636
0.253738
0.256913
0.265774
0.273195
0.276369
0.283991
0.291652
0.295018
0.301474
0.307166
0.310648
0.318868
0.325402
0.328866
0.335376
0.341352
0.343806
0.348734
0.353034
0.355572
0.361136
0.365374
0.367534
0.37277
0.382587
0.383831
0.38868
0.394426
0.397909
0.404879
0.413368
0.417557
0.425345
0.431101
0.434001
0.438233
0.446457
0.449293
0.4555
0.461897
0.465615
0.472693
0.477023
0.478664
0.481574
0.486365
0.489289
0.493071
0.496451
0.517889
0.520072
0.525977
0.527725
0.54485
0.553072
0.557692
0.565874
0.570243
0.573535
0.578837
0.585817
0.58856
0.59626
0.601288
0.600731
0.60657
0.611151
0.6121
0.616869
0.623766
0.623264
0.625721
0.63138
0.631282
0.647725
0.648994
0.644366
0.64544
0.624369
0.617225
0.614263
0.612225
0.609243
0.608953
0.609509
0.606457
0.60737
0.607107
0.606108
0.606221
0.604203
0.60204
0.603
0.602354
0.597902
0.596483
0.595202
0.598039
0.603039
0.611335
0.608972
0.605696
0.608271
0.606891
0.608036
0.609701
0.607562
0.607969
0.606464
0.603678
0.603653
0.605739
0.606469
0.606117
0.60669
0.606773
0.604206
0.604378
0.603628
0.603628
0.603834
0.604319
0.605592
0.606553
0.598725
0.599685
0.600988
0.603231
0.608032
0.615605
0.618289
0.621155
0.623276
0.623286
0.622708
0.622766
0.622693
0.619382
0.619494
0.618779
0.618098
0.615884
0.615855
0.613557
0.610736
0.609212
0.60596
0.603413
0.604245
0.601287
0.600689
0.599504
0.598842
0.597162
0.594693
0.593817
0.591852
0.591671
0.590838
0.588727
0.588203
0.58785
0.587169
0.586694
0.587365
0.587552
0.587135
0.588262
0.589232
0.586959
0.588879
0.588908
0.589628
0.59149
0.589913
0.590339
0.590755
0.59172
0.591681
0.593028
0.595198
0.594919
0.596712
0.597858
0.598191
0.599107
0.599322
0.599705
0.601399
0.60258
0.603295
0.605103
0.607008
0.607522
0.609692
0.612612
0.613317
0.615208
0.616423
0.616609
0.617246
0.617515
0.616996
0.617197
0.617407
0.61727
0.617177
0.616389
0.616286
0.616369
0.617231
0.616536
0.616942
0.617074
0.616393
0.615889
0.616712
0.617657
0.617643
0.6173
0.616859
0.614836
0.615233
0.615953
0.618774
0.620758
0.621983
0.623413
0.624765
0.625945
0.628537
0.630859
0.631647
0.633063
0.63538
0.635786
0.636183
0.636252
0.636506
0.637349
0.638505
0.637966
0.638221
0.638436
0.638373
0.639191
0.639592
0.639078
0.639539
0.64089
0.641865
0.641513
0.641718
0.642835
0.642409
0.642438
0.64262
0.642933
0.643467
0.643477
0.643683
0.643908
0.644202
0.644114
0.64428
0.644726
0.645774
0.645613
0.646279
0.646132
0.645666
0.645446
0.645108
0.644584
0.644907
0.643717
0.644123
0.643433
0.643957
0.643643
0.643883
0.643472
0.643492
0.643594
0.643879
0.643565
0.643594
0.644231
0.644937
0.644412
0.644021
0.64452
0.64451
0.643874
0.643369
0.64309
0.643653
0.644579
0.645118
0.645245
0.645098
0.644981
0.645608
0.645897
0.645794
0.645377
0.645495
0.645995
0.647298
0.647939
0.647974
0.648008
0.649051
0.649223
0.650031
0.650697
0.65008
0.649864
0.649639
0.650134
0.650065
0.650482
0.650545
0.650462
0.647009
0.647214
0.648414
0.648023
0.646803
0.646582
0.647107
0.647489
0.648419
0.647699
0.647048
0.646661
0.646984
0.647077
0.646945
0.646019
0.645813
0.646514
0.646587
0.646274
0.646132
0.646186
0.646107
0.646377
0.647258
0.648214
0.647386
0.646053
0.645397
0.645324
0.644138
0.644251
0.643962
0.642727
0.641194
0.640161
0.639347
0.638882
0.63752
0.638196
0.639651
0.63997
0.639974
0.640386
0.640136
0.640166
0.640567
0.63946
0.638965
0.638789
0.634131
0.634258
0.634322
0.634748
0.634371
0.634621
0.635816
0.636115
0.635507
0.635203
0.634689
0.634532
0.633646
0.633043
0.63345
0.63271
0.631348
0.631231
0.63129
0.63271
0.632553
0.633038
0.634199
0.634126
0.634189
0.633318
0.632671
0.633097
0.632779
0.632813
0.632269
0.631632
0.630844
0.629605
0.62838
0.62766
0.627792
0.628076
0.627919
0.628101
0.627332
0.627626
0.62716
0.626994
0.627043
0.627219
0.626597
0.626548
0.626837
0.626847
0.628424
0.628439
0.628551
0.629007
0.630016
0.630702
0.631001
0.631241
0.63177
0.632083
0.632289
0.632455
0.633038
0.633063
0.633827
0.634278
0.635091
0.636477
0.636839
0.638294
0.639641
0.640366
0.641067
0.642056
0.642056
0.641709
0.641351
0.641557
0.640288
0.639744
0.639005
0.638872
0.638965
0.639343
0.638931
0.638907
0.638618
0.638402
0.638363
0.63828
0.638079
0.638133
0.63802
0.638255
0.638397
0.638162
0.638569
0.639441
0.639852
0.640406
0.648591
0.648204
0.647998
0.647787
0.64767
0.648125
0.648057
0.647738
0.64765
0.647611
0.648361
0.648591
0.648963
0.649477
0.649879
0.650041
0.649923
0.650237
0.650629
0.651079
0.651363
0.651481
0.651716
0.65176
0.650873
0.65346
0.652372
0.652176
0.652176
0.652813
0.652137
0.652088
0.651251
0.649801
0.649252
0.647665
0.646308
0.645603
0.643859
0.642747
0.642458
0.642399
0.642189
0.642223
0.642247
0.642517
0.642007
0.642257
0.642154
0.642914
0.644354
0.643668
0.643776
0.643834
0.643408
0.643648
0.643212
0.643619
0.643178
0.643247
0.643398
0.643761
0.643364
0.643428
0.643687
0.643761
0.643883
0.643879
0.643776
0.643389
0.64358
0.643565
0.643511
0.643428
0.643345
0.643555
0.643134
0.643467
0.643335
0.642967
0.642958
0.642174
0.642105
0.64214
0.642144
0.641919
0.64212
0.641895
0.641988
0.642419
0.642242
0.642355
0.642874
0.64283
0.642453
0.642262
0.642282
0.642203
0.642399
0.642277
0.640175
0.640582
0.640308
0.640023
0.639534
0.639588
0.639847
0.640259
0.641219
0.641689
0.64306
0.643918
0.644119
0.644731
0.645745
0.645921
0.646254
0.647018
0.647058
0.647146
0.647675
0.64789
0.647885
0.647797
0.647415
0.647435
0.647665
0.647508
0.646974
0.646582
0.646009
0.64548
0.645377
0.645255
0.647685
0.647249
0.647641
0.647729
0.647626
0.647425
0.647562
0.647959
0.64817
0.648772
0.648801
0.649433
0.649943
0.65032
0.650702
0.651226
0.651598
0.652348
0.652461
0.652054
0.652446
0.65223
0.652044
0.651647
0.651549
0.649575
0.649291
0.64838
0.648615
0.647484
0.646406
0.646044
0.645098
0.644525
0.644329
0.645245
0.645784
0.645975
0.647175
0.64789
0.647871
0.648419
0.649105
0.649673
0.650384
0.651084
0.652284
0.652999
0.653935
0.655067
0.656448
0.659186
0.6595
0.660406
0.658975
0.659059
0.657467
0.656237
0.656316
0.65512
0.654846
0.653749
0.653749
0.654719
0.65464
0.655659
0.656614
0.657036
0.658319
0.659186
0.659367
0.659612
0.65854
0.657795
0.657756
0.655596
0.655855
0.65612
0.655316
0.654934
0.654376
0.653803
0.653519
0.65299
0.652725
0.65227
0.650898
0.650545
0.650467
0.649737
0.64815
0.648214
0.648125
0.647665
0.647356
0.646867
0.646803
0.646656
0.646426
0.64572
0.644559
0.64355
0.64381
0.64355
0.642566
0.641258
0.641919
0.642213
0.641537
0.641581
0.641846
0.64142
0.641091
0.641165
0.640724
0.641165
0.641767
0.64286
0.642953
0.64283
0.642385
0.642419
0.642096
0.64187
0.641586
0.64261
0.642047
0.642301
0.641914
0.641978
0.642311
0.642091
0.642419
0.642634
0.643188
0.643222
0.643114
0.64334
0.643261
0.643281
0.643629
0.643658
0.643751
0.644084
0.64403
0.643305
0.644021
0.643712
0.643129
0.642737
0.639122
0.639568
0.639333
0.639323
0.63948
0.639205
0.638294
0.638167
0.637515
0.637153
0.636918
0.636041
0.63611
0.635664
0.6349
0.634258
0.634028
0.633053
0.632994
0.632519
0.632715
0.632245
0.631583
0.631099
0.629928
0.628659
0.628507
0.628747
0.628453
0.627616
0.62743
0.627136
0.626558
0.626768
0.626362
0.62571
0.625735
0.625514
0.625358
0.62499
0.62477
0.624642
0.624202
0.623575
0.623633
0.622903
0.622668
0.620895
0.621463
0.621537
0.61851
0.61943
0.618946
0.621669
0.623388
0.62333
0.623085
0.623922
0.623981
0.624579
0.625882
0.627248
0.628586
0.629316
0.629404
0.630256
0.631402
0.632034
0.633327
0.634165
0.634464
0.635468
0.636913
0.637251
0.637888
0.638706
0.639279
0.640332
0.641356
0.641375
0.642159
0.642776
0.643702
0.644261
0.644981
0.64548
0.645794
0.645843
0.645696
0.647028
0.647352
0.6484
0.648787
0.649037
0.649125
0.648948
0.648767
0.648532
0.648503
0.648557
0.660421
0.660264
0.660695
0.660416
0.660445
0.660587
0.660719
0.661346
0.661337
0.661998
0.663771
0.664898
0.665392
0.666318
0.667415
0.668214
0.668699
0.669777
0.670031
0.670795
0.671271
0.671511
0.672211
0.673093
0.673411
0.672333
0.672818
0.673514
0.673847
0.673989
0.674303
0.674308
0.674327
0.674557
0.674709
0.675047
0.674783
0.674949
0.67517
0.674489
0.674425
0.674592
0.67442
0.674121
0.673646
0.67348
0.673808
0.673622
0.673107
0.673832
0.676527
0.676208
0.677183
0.676982
0.677242
0.677683
0.677403
0.677124
0.67708
0.677281
0.677516
0.677947
0.677712
0.676722
0.676164
0.676914
0.677261
0.67682
0.677825
0.67803
0.677874
0.678197
0.677957
0.677203
0.67587
0.676017
0.675831
0.674837
0.676825
0.676487
0.674214
0.673872
0.674023
0.676693
0.677374
0.677712
0.679382
0.679039
0.678795
0.679314
0.679387
0.680049
0.679617
0.679417
0.679622
0.680318
0.679985
0.680146
0.680142
0.680411
0.679559
0.67976
0.679985
0.679647
0.680646
0.680974
0.680827
0.680435
0.681249
0.681283
0.680293
0.681234
0.680014
0.682228
0.681503
0.680955
0.681983
0.68165
0.682027
0.682419
0.682233
0.682263
0.682346
0.683169
0.683379
0.682263
0.682194
0.682042
0.682287
0.682591
0.683306
0.683306
0.683551
0.683551
0.683957
0.683644
0.683644
0.683291
0.682914
0.683497
0.682542
0.682272
0.682713
0.68191
0.682532
0.681841
0.682919
0.682914
0.682948
0.683453
0.687832
0.687386
0.687063
0.686622
0.686901
0.686318
0.686539
0.686573
0.686049
0.685838
0.684957
0.683286
0.680715
0.680235
0.67759
0.677173
0.676144
0.678986
0.678858
0.681787
0.682899
0.683742
0.684457
0.684545
0.684692
0.680279
0.680793
0.681249
0.681361
0.681802
0.681587
0.68143
0.681787
0.681959
0.681822
0.682052
0.681724
0.681719
0.6819
0.681503
0.681503
0.681538
0.681562
0.681694
0.682199
0.682062
0.682003
0.682199
0.682326
0.681974
0.681851
0.682096
0.681768
0.681925
0.681944
0.681484
0.682052
0.682155
0.682748
0.682841
0.682419
0.682645
0.683277
0.683531
0.683908
0.68407
0.683967
0.684193
0.684173
0.683933
0.683605
0.683605
0.683286
0.683012
0.683198
0.681768
0.681685
0.681699
0.682047
0.681454
0.681503
0.681415
0.681131
0.681097
0.681895
0.681866
0.681753
0.681787
0.681724
0.68096
0.681195
0.681303
0.681547
0.681317
0.681601
0.681724
0.682145
0.682042
0.682346
0.682596
0.682419
0.682424
0.682238
0.68239
0.682189
0.681934
0.682581
0.68239
0.682669
0.682645
0.682723
0.682512
0.682537
0.682356
0.681988
0.681494
0.681513
0.681513
0.681596
0.681508
0.68119
0.68117
0.681087
0.680646
0.680553
0.683492
0.683575
0.684188
0.684251
0.684761
0.684996
0.685221
0.685074
0.685035
0.684511
0.685006
0.685182
0.684727
0.68454
0.684761
0.684751
0.684692
0.685417
0.685657
0.68526
0.685148
0.685246
0.685579
0.686465
0.68673
0.687489
0.688371
0.688214
0.688498
0.688689
0.688704
0.688552
0.688586
0.688939
0.68914
0.689615
0.689708
0.689272
0.689429
0.688973
0.689042
0.688934
0.688964
0.688097
0.688234
0.688283
0.689091
0.69059
0.691966
0.693745
0.693588
0.692975
0.695616
0.6959
0.696664
0.698775
0.700323
0.7012
0.702743
0.703287
0.704477
0.70506
0.707039
0.707323
0.709375
0.709464
0.71062
0.711423
0.712349
0.713054
0.713583
0.716008
0.718075
0.719456
0.721078
0.720221
0.723953
0.726677
0.729929
0.73373
0.738051
0.738923
0.742851
0.747867
0.75112
0.753466
0.756376
0.758134
0.761093
0.762763
0.765257
0.767804
0.771316
0.77137
0.777223
0.780995
0.78317
0.786829
0.7926
0.793908
0.789102
0.790312
0.792129
0.795353
0.800006
0.801799
0.808113
0.809744
0.809519
0.80946
0.813393
0.814138
0.816886
0.820168
0.824435
0.830043
0.832923
0.83359
0.83769
0.841266
0.840619
0.841354
0.843156
0.845076
0.848525
0.850465
0.852458
0.851915
0.853835
0.852155
0.854663
0.853717
0.85067
0.846105
0.835015
0.83669
0.832115
0.830822
0.827413
0.823905
0.818184
0.814662
0.806746
0.801211
0.798625
0.752119
0.750111
0.748416
0.704962
0.699608
0.697467
0.696213
0.689801
0.687186
0.689651
0.701145
0.70015
0.716769
0.724838
0.732687
0.74951
0.753684
0.751297
0.764821
0.771808
0.773975
0.78751
0.792456
0.7911
0.798831
0.800348
0.797307
0.797934
0.797268
0.789587
0.784258
0.789023
0.787914
0.79097
0.794779
0.794917
0.790073
0.791923
0.795446
0.797969
0.800497
0.798538
0.798244
0.796856
0.786005
0.783027
0.782976
0.77575
0.762238
0.754189
0.748742
0.741481
0.747629
0.757457
0.770087
0.77544
0.770464
0.774328
0.776863
0.775535
0.782761
0.780261
0.772576
0.769041
0.764088
0.758233
0.758045
0.751901
0.74826
0.75058
0.753754
0.752622
0.751599
0.753507
0.750878
0.754087
0.755141
0.752892
0.757367
0.749753
0.742954
0.737542
0.736265
0.737401
0.739208
0.733271
0.725606
0.723031
0.726813
0.725931
0.725665
0.728255
0.731911
0.73748
0.744964
0.748331
0.752296
0.761235
0.754064
0.759887
0.753241
0.750694
0.748033
0.744859
0.7394
0.758676
0.758751
0.753256
0.749687
0.749976
0.748291
0.744189
0.746826
0.745787
0.751446
0.75422
0.74989
0.751015
0.749165
0.744792
0.740771
0.740168
0.73681
0.735375
0.736026
0.730967
0.731594
0.735352
0.729717
0.729152
0.723897
0.717886
0.718246
0.715233
0.713485
0.707834
0.7091
0.702493
0.705138
0.713132
0.705726
0.699973
0.694276
0.693131
0.692351
0.693558
0.692202
0.690173
0.688848
0.683142
0.6848
0.685102
0.678456
0.682637
0.691286
0.689812
0.683554
0.684055
0.679376
0.685274
0.686477
0.679964
0.675995
0.676649
0.672593
0.671245
0.662957
0.660159
0.657616
0.669995
0.666405
0.674345
0.674298
0.676919
0.681771
0.68029
0.678393
0.676136
0.668384
0.665437
0.664556
0.66126
0.658109
0.65171
0.645906
0.643457
0.646957
0.651691
0.645123
0.647141
0.642133
0.638888
0.636654
0.643277
0.643465
0.642082
0.642211
0.636498
0.637889
0.648242
0.649457
0.65035
0.657639
0.660966
0.66802
0.673361
0.673882
0.675317
0.678126
0.674388
0.679039
0.687183
0.692669
0.697144
0.696164
0.694115
0.696321
0.696153
0.691297
0.699256
0.702172
0.699288
0.701435
0.693386
0.688049
0.688542
0.682841
0.679345
0.67844
0.673816
0.675779
0.6765
0.677711
0.674235
0.676747
0.677754
0.678361
0.684255
0.682319
0.688209
0.690235
0.686579
0.683303
0.692594
0.692516
0.688597
0.692877
0.691097
0.686097
0.683381
0.682174
0.682645
0.670269
0.6636
0.664168
0.660856
0.648947
0.638861
0.634366
0.626752
0.623766
0.622237
0.620141
0.618624
0.619008
0.608486
0.60367
0.606621
0.609497
0.608537
0.600625
0.59231
0.588172
0.585479
0.578579
0.574801
0.574056
0.5733
0.569965
0.578598
0.586592
0.58254
0.58506
0.586616
0.585813
0.603126
0.614251
0.61641
0.62685
0.624471
0.62403
0.623268
0.629173
0.629072
0.638057
0.63821
0.632767
0.635749
0.629064
0.624424
0.623985
0.6196
0.612182
0.617923
0.619827
0.610179
0.608812
0.609595
0.605379
0.595135
0.586984
0.577344
0.570157
0.565043
0.555094
0.549862
0.54262
0.535547
0.529136
0.527243
0.521075
0.518524
0.523665
0.522227
0.527231
0.533231
0.532318
0.535633
0.538169
0.535437
0.535704
0.547918
0.540187
0.542554
0.536354
0.531479
0.524194
0.512736
0.504769
0.502771
0.505949
0.500835
0.497222
0.494024
0.490399
0.494863
0.49007
0.484686
0.486061
0.486034
0.475864
0.473607
0.474477
0.4705
0.469912
0.463015
0.456165
0.454782
0.447183
0.44272
0.435482
0.430611
0.422358
0.428373
0.427123
0.424067
0.421625
0.416249
0.413564
0.422068
0.417695
0.408917
0.404257
0.402024
0.393567
0.39015
0.383747
0.373483
0.36451
0.355442
0.357244
0.350908
0.347146
0.341495
0.344932
0.341624
0.340104
0.338889
0.336126
0.334249
0.344363
0.342572
0.341213
0.346942
0.351715
0.346711
0.346483
0.344402
0.336722
0.333258
0.329472
0.327873
0.334347
0.341659
0.341197
0.351209
0.354991
0.354779
0.361645
0.361347
0.361606
0.363538
0.357311
0.354654
0.353417
0.350884
0.348254
0.347832
0.344408
0.341479
0.332559
0.328753
0.326627
0.320984
0.319181
0.317908
0.314263
0.305539
0.300239
0.289531
0.278647
0.278779
0.273881
0.27004
0.26548
0.253787
0.243268
0.235722
0.232938
0.229305
0.222228
0.216114
0.216412
0.21726
0.222325
0.224634
0.227436
0.24239
0.250165
0.250329
0.258645
0.26417
0.260718
0.258642
0.258593
0.272435
0.266353
0.263218
0.257912
0.256035
0.251783
0.250396
0.2533
0.256599
0.256583
0.260091
0.26426
0.26448
0.277423
0.281652
0.280778
0.28637
0.291064
0.295649
0.303436
0.308546
0.311046
0.322877
0.329676
0.331471
0.334043
0.337761
0.340818
0.344629
0.347921
0.349498
0.34988
0.351893
0.35205
0.354631
0.355298
0.353304
0.351482
0.350375
0.347729
0.341366
0.335263
0.335111
0.330943
0.326108
0.324359
0.318408
0.313362
0.3125
0.313396
0.308738
0.304344
0.296031
0.29009
0.289326
0.278236
0.269634
0.264598
0.252607
0.240523
0.234777
0.223167
0.214027
0.208408
0.198215
0.222157
0.215832
0.212376
0.208026
0.202046
0.202231
0.20504
0.201639
0.2014
0.199178
0.204837
0.19569
0.188778
0.18335
0.175842
0.173095
0.170504
0.163572
0.158356
0.149414
0.142431
0.141259
0.133927
0.131795
0.122261
0.114337
0.107111
0.100586
0.0982624
0.0942065
0.0955076
0.0929721
0.0923843
0.0911773
0.0866512
0.0995948
0.0958524
0.0923295
0.0920943
0.0893708
0.0857852
0.0826462
0.0766976
0.0735744
0.0686211
0.0659642
0.0636286
0.0603408
0.0581032
0.0563006
0.055023
0.052323
0.0497798
0.0476989
0.0454221
0.0437802
0.0429886
0.0405707
0.0386427
0.036891
0.0386584
0.0357428
0.032984
0.0310599
0.0290222
0.0274508
0.0260087
0.0252876
0.0235751
0.0206008
0.0188139
0.0175481
0.017266
0.0160198
0.0173953
0.0155261
0.0139977
0.0130847
0.0123989
0.0123048
0.0106982
0.00951862
0.00886419
0.00878974
0.0082803
0.00819409
0.00857029
0.00813531
0.00755141
0.00648944
0.0054784
0.00462803
0.00395401
0.00416954
0.00431845
0.00430082
0.00428122
0.00413427
0.00431062
0.0043449
0.00409998
0.00391874
0.00393344
0.00386486
0.00368362
0.00358075
0.00327215
0.00328195
0.00322316
0.00328195
0.00331623
0.00320357
0.00326725
0.00307131
0.0031252
0.00308111
0.00305172
0.00303702
0.00286068
0.00267944
0.00259617
0.00236594
0.00287538
0.0028019
0.00266474
0.00276271
0.00262066
0.00284599
0.00270883
0.0027872
0.00251289
0.0025031
0.00254718
0.00240513
0.00219939
0.00211612
0.00176833
0.00173404
0.0015528
0.00270883
0.004051
0.00483965
0.00633367
0.00803832
0.00878778
0.0105071
0.0124077
0.0132649
0.0138772
0.0128584
0.0121628
0.0105071
0.00891514
0.00827344
0.00680881
0.00545195
0.00469759
0.00758276
0.015577
0.019917
0.0271471
0.0317467
0.032937
0.0360132
0.0385898
0.0395989
0.0411468
0.0494055
0.0551857
0.0665745
0.0736331
0.0794966
0.0887007
0.0926145
0.0937853
0.0949413
0.095921
0.0949658
0.0949854
0.101523
0.099728
0.102205
0.10539
0.108108
0.113154
0.115593
0.117175
0.116068
0.114863
0.111905
0.109108
0.103117
0.100447
0.0972044
0.0931436
0.0910079
0.0874859
0.0860124
0.0858351
0.0842235
0.083866
0.0808926
0.0753182
0.0682743
0.0644584
0.0599518
0.0537798
0.0551514
0.0576104
0.0595257
0.058644
0.0596628
0.0588007
0.0589036
0.0609364
0.0639441
0.0653744
0.0660112
0.0663149
0.0661386
0.0667704
0.068529
0.0685878
0.0692393
0.0702777
0.0711986
0.0731384
0.0735401
0.0742112
0.0742944
0.0756513
0.0764154
0.0784483
0.0822201
0.0833173
0.0827197
0.0850906
0.0856588
0.0862809
0.0833761
0.08102
0.0779731
0.0769445
0.0761509
0.0779095
0.0778115
0.0777135
0.0744169
0.0712721
0.0697536
0.0649629
0.058399
0.0542599
0.0462999
0.0415289
0.0394176
0.0323051
0.0260841
0.0225866
0.0189618
0.018227
0.0189961
0.0188687
0.0181438
0.0159885
0.0124812
0.00957642
0.00845468
0.00859674
0.00905229
0.00938049
0.010081
0.0105708
0.0108696
0.0112811
0.0118003
0.0120795
0.0125645
0.0130053
0.0129808
0.0137695
0.0141418
0.014514
0.0148716
0.0156701
0.0165273
0.0226062
0.0303653
0.0342694
0.0448402
0.0579288
0.0637383
0.0759158
0.0879904
0.0945543
0.106585
0.118821
0.126198
0.137719
0.149941
0.159787
0.174043
0.189087
0.197524
0.216025
0.229615
0.23641
0.254126
0.272274
0.278011
0.295606
0.308965
0.31328
0.324883
0.335119
0.333779
0.33959
0.337004
0.329637
0.328332
0.319178
0.31491
0.309028
0.303091
0.30177
0.295826
0.287479
0.278521
0.270001
0.260342
0.257496
0.255649
0.254635
0.252891
0.254537
0.259808
0.258358
0.253587
0.248095
0.243026
0.231945
0.221497
0.216633
0.20691
0.195614
0.189344
0.172131
0.156343
0.149422
0.132076
0.116622
0.109137
0.0941184
0.0812208
0.0767632
0.0657712
0.055891
0.0511151
0.0418277
0.0351364
0.0313891
0.0225377
0.0149059
0.0112566
0.00402651
2.44921e-05
1.95937e-05
1.95937e-05
1.95937e-05
9.79685e-05
0.000866042
0.00218274
0.00269218
0.00321729
0.00372672
0.00318986
0.00201815
0.000519233
0.000658348
4.40858e-05
0
3.91874e-06
3.91874e-06
0
7.83748e-06
0
3.91874e-06
0
0
0
0
0
3.91874e-06
0
0
3.91874e-06
3.91874e-06
3.91874e-06
7.83748e-06
2.44921e-05
1.46953e-05
1.46953e-05
1.17562e-05
1.17562e-05
9.79685e-06
9.79685e-06
1.46953e-05
1.46953e-05
1.46953e-05
1.46953e-05
1.46953e-05
1.46953e-05
4.89843e-06
4.89843e-06
4.89843e-06
4.89843e-06
4.89843e-06
4.89843e-06
4.89843e-06
0
1.17562e-05
7.83748e-06
0
3.91874e-06
1.95937e-05
2.44921e-05
1.46953e-05
1.46953e-05
1.46953e-05
9.79685e-06
9.79685e-06
9.79685e-06
3.91874e-06
0
7.83748e-06
3.4289e-05
3.4289e-05
3.4289e-05
2.93906e-05
3.4289e-05
2.93906e-05
2.93906e-05
2.93906e-05
2.93906e-05
2.93906e-05
1.95937e-05
9.79685e-06
9.79685e-06
9.79685e-06
9.79685e-06
9.79685e-06
9.79685e-06
9.79685e-06
9.79685e-06
9.79685e-06
9.79685e-06
9.79685e-06
9.79685e-06
9.79685e-06
9.79685e-06
7.34764e-05
4.40858e-05
3.4289e-05
2.44921e-05
3.91874e-05
3.91874e-05
1.46953e-05
1.46953e-05
9.79685e-06
1.17562e-05
9.79685e-06
0
3.91874e-06
0
7.83748e-06
0
0
0
0
0
7.83748e-06
3.91874e-06
0
0
0
1.95937e-05
1.95937e-05
1.95937e-05
9.79685e-06
9.79685e-06
9.79685e-06
9.79685e-06
9.79685e-06
9.79685e-06
1.46953e-05
9.79685e-06
0
0
0.00338971
0.00725947
0.0157582
0.0244676
0.0280092
0.0337257
0.0392266
0.0420873
0.0446149
0.0464028
0.0487452
0.0507751
0.0508506
0.0516147
0.0530402
0.0535398
0.0539954
0.0555677
0.0567826
0.0577965
0.0590456
0.0598
0.0603927
0.0612009
0.0613626
0.0615585
0.0623325
0.0635473
0.064909
0.0664129
0.0678971
0.0692295
0.0764301
0.0856245
0.0908658
0.100821
0.113185
0.116735
0.125596
0.138461
0.141831
0.148128
0.153105
0.155057
0.161926
0.169399
0.170093
0.177127
0.180544
0.181018
0.182378
0.185662
0.18636
0.18835
0.190929
0.192496
0.195126
0.196913
0.194475
0.192743
0.194871
0.191525
0.192861
0.191963
0.190604
0.189064
0.185019
0.18257
0.181508
0.178977
0.177868
0.179702
0.180501
0.181402
0.18453
0.188221
0.190086
0.191705
0.193249
0.19415
0.197175
0.197528
0.196776
0.198715
0.199926
0.200397
0.201976
0.205526
0.204829
0.206243
0.206055
0.206533
0.207482
0.208422
0.21095
0.214947
0.219301
0.222067
0.229576
0.236778
0.240297
0.248789
0.25558
0.259577
0.267403
0.264797
0.262062
0.26553
0.265048
0.264425
0.260671
0.260839
0.268265
0.266302
0.265808
0.26379
0.264252
0.265177
0.264107
0.264727
0.265463
0.264315
0.264684
0.265828
0.264209
0.265495
0.261635
0.25937
0.26408
0.267615
0.270448
0.278054
0.284724
0.286354
0.291155
0.294921
0.295281
0.303495
0.300763
0.302223
0.304731
0.305363
0.304785
0.303585
0.302395
0.302115
0.29971
0.298535
0.297462
0.296369
0.295885
0.296012
0.296992
0.297437
0.297442
0.298549
0.298167
0.298789
0.298593
0.302179
0.304491
0.310257
0.317952
0.321856
0.327455
0.333387
0.336057
0.340681
0.34383
0.345192
0.347529
0.348513
0.348508
0.35398
0.361136
0.36292
0.363884
0.367754
0.37063
0.377948
0.382459
0.384399
0.391183
0.397507
0.400059
0.405506
0.409797
0.409082
0.416596
0.419506
0.418825
0.42028
0.421113
0.420211
0.420496
0.41859
0.417846
0.415832
0.41475
0.414936
0.413814
0.412741
0.41162
0.411556
0.411688
0.41111
0.4092
0.408328
0.407583
0.404208
0.401793
0.401495
0.39498
0.39329
0.392232
0.391663
0.391203
0.391041
0.390267
0.390581
0.390914
0.394612
0.399996
0.402754
0.409695
0.417072
0.419629
0.427182
0.43429
0.437856
0.445625
0.45355
0.456729
0.46587
0.472757
0.478023
0.485091
0.491498
0.495314
0.499757
0.503499
0.508755
0.514408
0.51965
0.524984
0.534859
0.536892
0.53746
0.539307
0.544504
0.546008
0.548957
0.550681
0.551093
0.551323
0.550113
0.548741
0.547556
0.544587
0.543823
0.540664
0.539131
0.530171
0.5324
0.53577
0.536515
0.539669
0.541345
0.542736
0.544622
0.549275
0.5517
0.554595
0.557794
0.559924
0.564931
0.566552
0.56834
0.570951
0.574277
0.576315
0.580194
0.583971
0.585651
0.588786
0.592087
0.593919
0.59006
0.592646
0.594267
0.594973
0.597295
0.598132
0.598568
0.599523
0.600023
0.601419
0.604133
0.606396
0.608208
0.610094
0.611789
0.615468
0.617608
0.618965
0.620665
0.622663
0.624437
0.627919
0.631647
0.633954
0.636898
0.636399
0.638329
0.641493
0.64309
0.644922
0.649536
0.653573
0.655267
0.658466
0.662414
0.665632
0.66911
0.671089
0.67202
0.669483
0.670546
0.670506
0.674352
0.673857
0.673406
0.675753
0.676546
0.677443
0.678701
0.679681
0.673289
0.674126
0.672427
0.671883
0.667543
0.667028
0.665216
0.664271
0.66453
0.66405
0.663271
0.660381
0.660651
0.662022
0.663169
0.66405
0.665838
0.667611
0.669017
0.66863
0.669644
0.671413
0.672044
0.673617
0.674342
0.66814
0.669355
0.670604
0.671981
0.672926
0.673225
0.673901
0.674161
0.674773
0.674841
0.673901
0.673343
0.671883
0.672451
0.671579
0.670766
0.668606
0.668072
0.666117
0.665662
0.665789
0.665956
0.665319
0.664961
0.663017
0.668699
0.668493
0.668978
0.670075
0.670173
0.670619
0.670722
0.668856
0.66624
0.666024
0.664741
0.664545
0.664138
0.664036
0.663923
0.664359
0.664721
0.665515
0.66549
0.665721
0.66742
0.667866
0.666348
0.666882
0.666558
0.667886
0.668366
0.668924
0.668557
0.669052
0.669282
0.669821
0.670144
0.670178
0.670208
0.670433
0.67031
0.670257
0.671158
0.671902
0.672074
0.672622
0.673264
0.674293
0.674856
0.674214
0.673759
0.673881
0.671853
0.672196
0.667371
0.667597
0.6679
0.667866
0.668601
0.669453
0.66984
0.671153
0.67177
0.672804
0.672843
0.673352
0.674102
0.674347
0.674788
0.675429
0.676375
0.67877
0.680166
0.681317
0.683595
0.684839
0.684873
0.685883
0.686216
0.706662
0.706814
0.707298
0.707068
0.706431
0.706167
0.706187
0.7065
0.706887
0.706794
0.707029
0.706476
0.705942
0.705319
0.705246
0.705447
0.705672
0.705912
