0.136576
0.134852
0.133194
0.135882
0.141306
0.144453
0.150209
0.156938
0.159947
0.166053
0.168459
0.169701
0.171586
0.171805
0.17119
0.171018
0.171167
0.171327
0.172479
0.171711
0.172879
0.173381
0.174521
0.175023
0.175669
0.178099
0.179231
0.182496
0.184976
0.186332
0.186838
0.187406
0.187551
0.187069
0.187457
0.187151
0.18603
0.186238
0.185525
0.184965
0.184945
0.185337
0.184796
0.183969
0.181254
0.181324
0.181465
0.180826
0.181199
0.180689
0.180877
0.18007
0.18105
0.181751
0.184012
0.186485
0.187606
0.190188
0.192034
0.193194
0.196482
0.197955
0.198065
0.197062
0.19578
0.195298
0.193551
0.191129
0.190302
0.186669
0.184992
0.185051
0.184906
0.185835
0.186038
0.186908
0.187484
0.18719
0.187222
0.188852
0.190666
0.193386
0.195224
0.195725
0.198735
0.202517
0.204292
0.208787
0.214704
0.216518
0.220053
0.224273
0.226292
0.228208
0.221374
0.223443
0.224626
0.226006
0.227064
0.227024
0.227299
0.226629
0.22503
0.223466
0.223082
0.22041
0.217467
0.216797
0.217435
0.219089
0.220903
0.223987
0.227271
0.228854
0.232068
0.234693
0.236574
0.238832
0.241461
0.242021
0.242339
0.243154
0.243162
0.242574
0.243326
0.243522
0.242825
0.24284
0.243436
0.242782
0.243761
0.243667
0.243703
0.243542
0.244925
0.246497
0.247269
0.247684
0.247492
0.24819
0.24824
0.24848
0.249451
0.249589
0.247045
0.247778
0.247363
0.246587
0.24491
0.244729
0.243773
0.242672
0.24297
0.241688
0.241602
0.241124
0.240199
0.238769
0.238146
0.237527
0.237292
0.236884
0.236171
0.23525
0.23496
0.234674
0.234478
0.23487
0.233573
0.23159
0.231613
0.231237
0.231598
0.231312
0.231147
0.230743
0.230461
0.229928
0.229744
0.229235
0.229768
0.228913
0.228741
0.229227
0.229023
0.229117
0.228604
0.228996
0.229364
0.229141
0.229184
0.229117
0.228423
0.228333
0.227616
0.22782
0.228349
0.228423
0.228318
0.22876
0.229094
0.228976
0.229901
0.230191
0.230206
0.229866
0.22983
0.229975
0.229458
0.229344
0.230144
0.230097
0.229791
0.229364
0.229752
0.22934
0.229693
0.229709
0.22994
0.227816
0.228396
0.229313
0.229329
0.229195
0.229321
0.229481
0.229803
0.229818
0.22992
0.230038
0.230371
0.230246
0.230822
0.231406
0.231754
0.231735
0.231703
0.231217
0.229858
0.229344
0.228396
0.228145
0.228071
0.228447
0.223768
0.223909
0.224959
0.225386
0.225355
0.225774
0.225947
0.225864
0.226268
0.226335
0.22646
0.226962
0.227432
0.226946
0.226828
0.227068
0.227452
0.227526
0.22744
0.22735
0.227032
0.227009
0.22693
0.226781
0.226695
0.224951
0.225147
0.22514
0.22523
0.225578
0.225312
0.224924
0.224728
0.226734
0.227965
0.230822
0.234721
0.236602
0.239482
0.241959
0.243354
0.246117
0.248926
0.249338
0.250694
0.250427
0.250235
0.249126
0.24799
0.247488
0.245
0.243973
0.243495
0.242421
0.240078
0.239204
0.237268
0.236273
0.235512
0.234317
0.234019
0.234015
0.23353
0.234027
0.2342
0.234337
0.236163
0.235783
0.234678
0.234219
0.23407
0.234106
0.232961
0.232448
0.230967
0.226123
0.226268
0.225923
0.225398
0.225328
0.224975
0.225085
0.224979
0.224842
0.2253
0.225375
0.225841
0.225657
0.22561
0.225986
0.226464
0.226307
0.226417
0.226378
0.226617
0.227346
0.227698
0.227695
0.228153
0.229223
0.226084
0.227514
0.229775
0.23081
0.231484
0.231214
0.23081
0.230195
0.229893
0.229536
0.229623
0.230457
0.230485
0.23041
0.230779
0.23054
0.230857
0.230763
0.230908
0.231261
0.231241
0.231386
0.231378
0.23121
0.231386
0.230743
0.230442
0.230528
0.230747
0.23059
0.23081
0.230669
0.230598
0.230837
0.230532
0.230442
0.230845
0.231112
0.230567
0.2309
0.231782
0.233212
0.234184
0.23552
0.237378
0.23795
0.240058
0.241849
0.242492
0.242833
0.243405
0.244153
0.244929
0.245239
0.245431
0.245184
0.245885
0.246599
0.246998
0.248358
0.248856
0.251665
0.255259
0.257324
0.262948
0.269394
0.273379
0.279246
0.284477
0.286973
0.292906
0.298722
0.301567
0.306994
0.312853
0.306755
0.312833
0.319319
0.322011
0.326764
0.333328
0.336592
0.342949
0.349109
0.351323
0.357895
0.363193
0.366434
0.371301
0.37509
0.377136
0.382536
0.384754
0.385244
0.388257
0.389413
0.38926
0.391004
0.392509
0.392646
0.38475
0.389241
0.391145
0.394649
0.396749
0.39729
0.399998
0.402278
0.403195
0.403787
0.405127
0.405351
0.406738
0.407898
0.407882
0.408619
0.40992
0.410406
0.411715
0.412326
0.412592
0.412992
0.41193
0.410978
0.412604
0.412063
0.412103
0.41146
0.413137
0.412592
0.413384
0.412424
0.411809
0.412788
0.412851
0.412459
0.412882
0.41242
0.411652
0.413278
0.414168
0.414568
0.414281
0.413811
0.413165
0.413043
0.413643
0.412373
0.41298
0.412255
0.415802
0.415136
0.416002
0.415183
0.415602
0.415677
0.41648
0.419705
0.422958
0.42476
0.428785
0.432053
0.433859
0.436846
0.439365
0.441286
0.444871
0.447904
0.45013
0.453222
0.455021
0.456459
0.460609
0.463944
0.465707
0.471017
0.475116
0.477518
0.480418
0.484286
0.486022
0.48978
0.490493
0.492351
0.493942
0.495254
0.495838
0.496826
0.496477
0.496732
0.497794
0.498217
0.497986
0.49902
0.501481
0.501379
0.500878
0.503127
0.503515
0.502688
0.501763
0.502014
0.501532
0.500596
0.498969
0.497425
0.496501
0.496066
0.494827
0.495305
0.494012
0.494416
0.494102
0.493491
0.49219
0.491336
0.491046
0.49054
0.491826
0.49083
0.489995
0.489047
0.490379
0.48956
0.489858
0.484846
0.486022
0.486825
0.487252
0.490489
0.4919
0.492974
0.494196
0.496677
0.498052
0.499761
0.502261
0.503554
0.505988
0.508312
0.509479
0.511509
0.514613
0.515793
0.518226
0.521185
0.522384
0.525029
0.53251
0.534101
0.543925
0.550387
0.55402
0.558009
0.561599
0.564628
0.566724
0.569691
0.570506
0.572661
0.574429
0.575491
0.580949
0.584437
0.586432
0.589896
0.592079
0.59374
0.595151
0.597698
0.598541
0.600794
0.602122
0.60284
0.602581
0.607115
0.60733
0.607181
0.606319
0.606496
0.607601
0.607746
0.607401
0.60824
0.609803
0.610681
0.612487
0.613706
0.614506
0.614909
0.615513
0.615603
0.615372
0.615995
0.615995
0.615756
0.615658
0.61547
0.615278
0.615121
0.615681
0.615156
0.61498
0.61543
0.615975
0.617433
0.618366
0.619259
0.619941
0.621007
0.621618
0.621646
0.621469
0.621634
0.621512
0.621951
0.621916
0.622535
0.623068
0.62337
0.62357
0.623715
0.623593
0.62422
0.624263
0.622586
0.622512
0.622468
0.621826
0.621575
0.621422
0.621136
0.621254
0.621751
0.621708
0.621939
0.622155
0.622421
0.622359
0.623201
0.622943
0.623131
0.622621
0.622512
0.622425
0.622237
0.621704
0.622186
0.621885
0.621626
0.61951
0.620153
0.620219
0.620298
0.620705
0.62036
0.620709
0.620443
0.621262
0.621238
0.621544
0.621955
0.623519
0.623895
0.624114
0.623915
0.622872
0.623076
0.62384
0.624016
0.62364
0.623954
0.623421
0.62346
0.623856
0.616837
0.617488
0.617672
0.618942
0.618514
0.61911
0.619721
0.619882
0.619874
0.619236
0.619623
0.619953
0.620023
0.619212
0.618765
0.619761
0.619866
0.620137
0.620548
0.620274
0.620329
0.62058
0.620752
0.62125
0.62143
0.623409
0.623805
0.624189
0.624628
0.625008
0.624957
0.6252
0.62489
0.625313
0.625114
0.625121
0.624577
0.624397
0.625004
0.625556
0.625541
0.625466
0.62509
0.625654
0.625619
0.626031
0.625984
0.626223
0.625937
0.625796
0.620149
0.620725
0.621685
0.622418
0.622676
0.622425
0.623001
0.623327
0.623566
0.623985
0.623891
0.624389
0.625494
0.625313
0.626093
0.625462
0.625513
0.625458
0.625027
0.62558
0.624831
0.62462
0.624792
0.62433
0.623417
0.618373
0.618103
0.618072
0.617993
0.61788
0.618001
0.617923
0.61786
0.617974
0.618264
0.61833
0.618119
0.618346
0.617864
0.617092
0.617441
0.617515
0.618667
0.620877
0.62286
0.623609
0.624777
0.62576
0.626842
0.627116
0.637387
0.637344
0.637611
0.641337
0.642815
0.644084
0.644758
0.647478
0.647497
0.648975
0.650319
0.650527
0.651401
0.651973
0.652384
0.652588
0.652466
0.652655
0.653176
0.653101
0.653176
0.653172
0.653168
0.652898
0.652847
0.650966
0.652102
0.652239
0.65229
0.652376
0.652067
0.651957
0.651401
0.651914
0.651859
0.651608
0.652004
0.651969
0.651894
0.652235
0.651487
0.651475
0.651287
0.650993
0.651165
0.650899
0.651722
0.652047
0.651702
0.651773
0.650601
0.651691
0.652905
0.653117
0.652925
0.653015
0.652772
0.652784
0.653152
0.652792
0.648532
0.648736
0.649406
0.649465
0.649657
0.649394
0.649751
0.649614
0.650762
0.650954
0.650785
0.650605
0.650797
0.65075
0.65046
0.65102
0.65133
0.651871
0.65222
0.652196
0.652368
0.652549
0.652188
0.652118
0.652333
0.649527
0.649269
0.650056
0.650425
0.651099
0.650613
0.651001
0.650421
0.650621
0.650327
0.650781
0.651659
0.650926
0.651032
0.650578
0.650711
0.650546
0.650452
0.650542
0.650327
0.650613
0.650676
0.650852
0.651134
0.651158
0.6499
0.65037
0.651099
0.650629
0.650872
0.651087
0.651095
0.651299
0.651749
0.65211
0.652561
0.652756
0.652588
0.65251
0.652674
0.652478
0.652694
0.653129
0.653086
0.653137
0.653172
0.652717
0.652945
0.653289
0.653278
0.652627
0.652866
0.653125
0.652823
0.652678
0.651992
0.652161
0.652925
0.652368
0.652243
0.651659
0.651934
0.65164
0.652263
0.65249
0.652702
0.652455
0.652611
0.652568
0.652478
0.652925
0.652474
0.652482
0.652682
0.652012
0.646369
0.647012
0.64736
0.648446
0.647878
0.64903
0.648473
0.649183
0.649418
0.6499
0.650068
0.651647
0.651326
0.651334
0.651502
0.651769
0.650985
0.651107
0.651107
0.651647
0.651628
0.652051
0.652416
0.652984
0.652984
0.649723
0.649665
0.649488
0.649665
0.650566
0.650096
0.643218
0.643794
0.644997
0.644515
0.644856
0.646385
0.645957
0.645997
0.646408
0.646279
0.646671
0.646126
0.646353
0.645875
0.64546
0.645793
0.645781
0.645699
0.645848
0.645805
0.645519
0.645417
0.645691
0.645554
0.645515
0.64352
0.643755
0.643724
0.643696
0.6435
0.643575
0.644002
0.644402
0.644617
0.644888
0.645087
0.645805
0.646694
0.647039
0.646914
0.646624
0.646447
0.646533
0.646714
0.647294
0.647678
0.647733
0.647897
0.648591
0.648454
0.642548
0.642826
0.643297
0.643246
0.643853
0.644727
0.644903
0.644249
0.644123
0.643732
0.643614
0.643884
0.643355
0.643418
0.643994
0.643332
0.64372
0.643771
0.643802
0.643641
0.643743
0.643567
0.64372
0.644966
0.644946
0.644084
0.644594
0.644037
0.644288
0.6439
0.644057
0.643763
0.644221
0.644535
0.645029
0.645338
0.645029
0.644884
0.644892
0.644566
0.64408
0.644057
0.6435
0.643998
0.644073
0.64361
0.644327
0.643661
0.643461
0.642893
0.637277
0.637924
0.63843
0.638433
0.638865
0.638226
0.638966
0.63908
0.638445
0.639205
0.638927
0.640036
0.639903
0.64026
0.640593
0.641596
0.641537
0.64071
0.640938
0.64147
0.641529
0.64171
0.642446
0.64296
0.645989
0.646001
0.647897
0.649222
0.649692
0.64901
0.649547
0.649594
0.649614
0.649629
0.649829
0.648947
0.647631
0.647533
0.647345
0.647333
0.647176
0.646953
0.646886
0.647035
0.646898
0.646463
0.647137
0.647537
0.648732
0.649512
0.643277
0.644131
0.643144
0.642928
0.642717
0.642458
0.642289
0.642305
0.641
0.641533
0.641228
0.642811
0.643058
0.643018
0.642638
0.642579
0.642442
0.642344
0.642078
0.641792
0.641804
0.642807
0.643434
0.644194
0.644073
0.646012
0.646204
0.646984
0.646882
0.646859
0.646808
0.646008
0.646898
0.647129
0.647247
0.647211
0.649872
0.649672
0.649978
0.649892
0.650029
0.6499
0.649527
0.649825
0.649535
0.649484
0.648967
0.649414
0.648967
0.649143
0.646925
0.64756
0.647407
0.647419
0.647121
0.646886
0.647015
0.646718
0.646287
0.646255
0.645914
0.645718
0.645605
0.64562
0.645734
0.64573
0.646142
0.645903
0.646118
0.646012
0.646291
0.645965
0.645738
0.645883
0.64524
0.640632
0.64111
0.641647
0.641604
0.641161
0.64218
0.643336
0.643512
0.643128
0.643532
0.644057
0.644813
0.644343
0.643645
0.643355
0.642568
0.642337
0.642638
0.641984
0.642047
0.641858
0.6414
0.641804
0.641584
0.64169
0.635753
0.636051
0.636603
0.637352
0.637375
0.638265
0.639311
0.639962
0.639778
0.640048
0.640655
0.641008
0.64091
0.642078
0.642591
0.644151
0.643994
0.644602
0.643779
0.643563
0.643845
0.643759
0.643857
0.643928
0.643238
0.646408
0.6468
0.647411
0.64718
0.648023
0.647768
0.647623
0.646937
0.647157
0.647364
0.647274
0.647537
0.647568
0.647486
0.648583
0.649175
0.649496
0.650864
0.650503
0.650319
0.650433
0.649774
0.649778
0.648928
0.649308
0.641173
0.642764
0.642031
0.642195
0.641557
0.640812
0.640318
0.640612
0.640236
0.640213
0.640553
0.640263
0.64051
0.640075
0.63993
0.639723
0.640734
0.641047
0.64149
0.642043
0.642219
0.642501
0.642329
0.642517
0.642478
0.640271
0.6408
0.641325
0.641898
0.642952
0.64428
0.643786
0.644939
0.645903
0.646604
0.647439
0.647521
0.647921
0.647454
0.648344
0.648822
0.649684
0.6499
0.650323
0.65086
0.651216
0.65231
0.652368
0.652784
0.653219
0.648117
0.650256
0.652114
0.65222
0.653297
0.653591
0.65296
0.653121
0.652882
0.652702
0.653031
0.653003
0.653054
0.652333
0.652231
0.652408
0.651977
0.651757
0.65153
0.651522
0.65075
0.65037
0.650809
0.650597
0.650758
0.643242
0.643861
0.64457
0.645832
0.646059
0.646146
0.647258
0.648203
0.648054
0.647631
0.648277
0.648775
0.649755
0.649371
0.649759
0.649841
0.649531
0.650076
0.650245
0.650397
0.650468
0.650648
0.650836
0.65095
0.651197
0.647533
0.647317
0.64738
0.647443
0.64834
0.648462
0.650272
0.65026
0.649994
0.650742
0.650966
0.650648
0.65189
0.652212
0.653697
0.654328
0.655143
0.657251
0.65865
0.659042
0.662467
0.664313
0.665912
0.666452
0.668353
0.663909
0.669587
0.67041
0.671198
0.672319
0.672958
0.67333
0.675285
0.676575
0.677276
0.679306
0.681481
0.683522
0.685113
0.684647
0.685595
0.688009
0.690463
0.694005
0.695573
0.698668
0.700902
0.702274
0.703665
0.705844
0.704217
0.705695
0.707062
0.709986
0.710613
0.70959
0.708955
0.710346
0.708269
0.71169
0.713093
0.715484
0.715507
0.715699
0.716126
0.717933
0.716181
0.717506
0.716032
0.717416
0.716256
0.719912
0.718893
0.72298
0.724152
0.720684
0.719728
0.723321
0.72369
0.722451
0.724081
0.728757
0.729215
0.730453
0.728106
0.730187
0.727855
0.725159
0.722408
0.720417
0.71856
0.718587
0.723262
0.723266
0.72579
0.725845
0.728137
0.725574
0.72811
0.726535
0.725198
0.724356
0.725014
0.727154
0.73054
0.724744
0.725096
0.723815
0.725665
0.724418
0.726296
0.70966
0.711173
0.710331
0.710092
0.709617
0.712349
0.714339
0.714994
0.71374
0.714849
0.713701
0.713748
0.715155
0.717161
0.712556
0.714919
0.713321
0.707603
0.70381
0.702877
0.697736
0.695212
0.695165
0.692206
0.693668
0.693221
0.69221
0.692579
0.67931
0.677245
0.674776
0.674117
0.674392
0.673918
0.6738
0.676806
0.681802
0.681818
0.683409
0.682014
0.6817
0.678714
0.671688
0.671876
0.670771
0.672472
0.6717
0.676308
0.677409
0.676238
0.67215
0.670485
0.671837
0.673957
0.674074
0.672836
0.675371
0.678448
0.681912
0.683907
0.684447
0.686364
0.687692
0.685153
0.683072
0.682692
0.682472
0.681841
0.682186
0.682284
0.682543
0.67755
0.671766
0.670783
0.665426
0.658364
0.653548
0.652611
0.649453
0.648693
0.645973
0.639045
0.636153
0.633837
0.631431
0.631968
0.628637
0.62518
0.625886
0.613326
0.611512
0.609407
0.60264
0.596624
0.596209
0.593681
0.589481
0.589841
0.587102
0.582254
0.580558
0.577716
0.572379
0.573237
0.569558
0.566325
0.565239
0.561516
0.555164
0.555207
0.555572
0.553518
0.551774
0.554666
0.551112
0.55505
0.561105
0.566191
0.564557
0.560788
0.557249
0.555501
0.549784
0.550227
0.549016
0.542953
0.539462
0.53644
0.538063
0.537714
0.539219
0.541746
0.543302
0.545669
0.546602
0.547891
0.547009
0.547852
0.549882
0.540637
0.544395
0.549502
0.548851
0.554247
0.557809
0.558875
0.563864
0.566724
0.569816
0.574531
0.580467
0.583356
0.585315
0.587745
0.587564
0.586506
0.589253
0.591217
0.596695
0.602283
0.604556
0.609157
0.611625
0.612958
0.6057
0.606954
0.608929
0.614784
0.618221
0.618844
0.618836
0.609341
0.604713
0.597389
0.588724
0.588242
0.587748
0.585675
0.580985
0.581302
0.581733
0.581537
0.579123
0.575404
0.57649
0.580142
0.582051
0.583379
0.580824
0.579119
0.581678
0.587792
0.588732
0.591569
0.591624
0.590746
0.588191
0.588763
0.589277
0.591271
0.592917
0.598682
0.602714
0.613177
0.620423
0.619671
0.620544
0.621806
0.620909
0.597651
0.576819
0.572371
0.560196
0.559232
0.535394
0.540336
0.537252
0.536613
0.534246
0.522352
0.5193
0.516271
0.499926
0.493287
0.48545
0.480422
0.462956
0.452391
0.441791
0.435713
0.429083
0.418208
0.415524
0.413008
0.412926
0.410986
0.408055
0.401326
0.397545
0.392023
0.384824
0.381642
0.378041
0.37353
0.370623
0.376685
0.375678
0.379197
0.380196
0.380506
0.384691
0.385001
0.3825
0.381591
0.3881
0.390228
0.391925
0.39006
0.388692
0.388151
0.386909
0.382516
0.381834
0.377042
0.380996
0.382344
0.375917
0.367856
0.363687
0.355453
0.350038
0.345586
0.339665
0.334128
0.331306
0.32714
0.322975
0.32473
0.324433
0.325871
0.326529
0.323939
0.323974
0.324715
0.321341
0.31935
0.317547
0.312861
0.306845
0.300881
0.298279
0.297789
0.296664
0.294681
0.292079
0.29139
0.286127
0.2793
0.277208
0.277082
0.269112
0.266596
0.263473
0.262599
0.259244
0.250431
0.24143
0.240427
0.239752
0.244396
0.248311
0.254083
0.251967
0.252892
0.251556
0.2529
0.250811
0.250176
0.248013
0.246983
0.248354
0.247018
0.247617
0.244416
0.243119
0.24326
0.239412
0.23313
0.229587
0.221844
0.21519
0.212423
0.205573
0.199088
0.200561
0.197693
0.200083
0.199264
0.197661
0.195882
0.196713
0.195937
0.194197
0.194295
0.19223
0.190725
0.192496
0.197152
0.202959
0.205789
0.213258
0.216569
0.217235
0.219034
0.221809
0.221758
0.230559
0.239459
0.242923
0.248389
0.257559
0.26319
0.273606
0.285735
0.290547
0.305677
0.320972
0.328038
0.337792
0.349136
0.351225
0.355986
0.359368
0.359117
0.358036
0.357867
0.361077
0.370109
0.388484
0.397803
0.417362
0.430556
0.437343
0.447869
0.467192
0.472569
0.475116
0.476147
0.474383
0.464312
0.456706
0.454488
0.447904
0.443688
0.441521
0.434459
0.430309
0.427413
0.419074
0.407721
0.399233
0.388057
0.37828
0.364216
0.357691
0.354807
0.346072
0.338422
0.327583
0.321744
0.313386
0.306179
0.303738
0.302578
0.296402
0.292828
0.286064
0.280601
0.276138
0.271898
0.268504
0.2668
0.257657
0.255643
0.255635
0.256642
0.253002
0.250776
0.247363
0.242253
0.239227
0.231782
0.226268
0.222569
0.213325
0.205609
0.201768
0.195914
0.190443
0.184126
0.179228
0.172178
0.168921
0.160202
0.150084
0.146291
0.138132
0.131352
0.128566
0.122939
0.116402
0.113722
0.112491
0.112107
0.111994
0.112742
0.113408
0.113267
0.113416
0.112895
0.112632
0.112299
0.11199
0.111543
0.106562
0.107554
0.107848
0.107601
0.106535
0.107123
0.107503
0.106699
0.106829
0.106617
0.106437
0.106123
0.105955
0.105708
0.104775
0.104881
0.114325
0.121191
0.136815
0.152604
0.160935
0.173538
0.186501
0.190447
0.195631
0.194903
0.192681
0.193065
0.196756
0.201333
0.20939
0.220974
0.228372
0.232558
0.232421
0.23387
0.238283
0.24893
0.255247
0.273967
0.294015
0.305043
0.322798
0.333019
0.332552
0.329366
0.329884
0.328324
0.322199
0.315286
0.310161
0.305889
0.302762
0.305266
0.303726
0.301845
0.298075
0.299039
0.288474
0.288815
0.285998
0.278564
0.277145
0.274719
0.275938
0.269598
0.261999
0.250999
0.246986
0.237131
0.227887
0.225833
0.221287
0.21111
0.206267
0.19821
0.192061
0.191133
0.186222
0.180395
0.179024
0.172515
0.170888
0.16688
0.160778
0.158721
0.156432
0.148093
0.139919
0.136776
0.129844
0.123244
0.119886
0.115348
0.115207
0.115007
0.114596
0.114294
0.114223
0.113455
0.109458
0.109482
0.109905
0.110015
0.109466
0.109031
0.108612
0.108416
0.108122
0.108392
0.108604
0.109403
0.110665
0.112389
0.11701
0.123421
0.127343
0.134934
0.143434
0.148297
0.157823
0.168012
0.172813
0.182668
0.192594
0.197285
0.209512
0.221221
0.226225
0.239776
0.254158
0.262411
0.277314
0.289297
0.294791
0.305595
0.317739
0.325154
0.338058
0.345476
0.348004
0.358145
0.370266
0.375223
0.382924
0.392207
0.39524
0.402357
0.407404
0.407937
0.404912
0.404622
0.404931
0.403693
0.400433
0.397866
0.38968
0.380384
0.377426
0.367182
0.360657
0.35697
0.348325
0.342337
0.338246
0.32772
0.299615
0.29699
0.282674
0.280551
0.283928
0.286017
0.287193
0.286962
0.291096
0.286683
0.287479
0.284285
0.280989
0.281483
0.275844
0.270875
0.267399
0.261968
0.259671
0.259064
0.256803
0.251054
0.248589
0.244761
0.238342
0.233067
0.225923
0.218595
0.213391
0.204464
0.200267
0.198535
0.194777
0.189651
0.181837
0.178428
0.172331
0.170316
0.162867
0.158823
0.156515
0.150805
0.144347
0.141772
0.13573
0.130396
0.128613
0.125611
0.122919
0.121454
0.119212
0.116234
0.115376
0.11351
0.111641
0.11063
0.108412
0.106061
0.10494
0.0997868
0.0998338
0.1001
0.100249
0.100351
0.100308
0.100508
0.100817
0.100445
0.100484
0.100234
0.100183
0.100269
0.100453
0.100896
0.100429
0.100406
0.100473
0.100915
0.101456
0.101527
0.101194
0.100911
0.1009
0.100998
0.100798
0.100955
0.101154
0.101064
0.101194
0.101249
0.101092
0.101582
0.10108
0.101045
0.101201
0.101002
0.101017
0.100951
0.101966
0.101879
0.102068
0.102381
0.10311
0.103447
0.10329
0.102589
0.102663
0.103137
0.103757
0.103145
0.10349
0.104227
0.103949
0.104395
0.10512
0.105598
0.10795
0.111594
0.113299
0.118205
0.125643
0.12924
0.134056
0.141161
0.14401
0.147666
0.149433
0.150597
0.15231
0.152866
0.153133
0.154167
0.154645
0.155766
0.154645
0.156714
0.16086
0.16244
0.162342
0.16231
0.162949
0.161076
0.158815
0.156444
0.154751
0.153184
0.151001
0.152772
0.156099
0.165677
0.170363
0.170634
0.172276
0.173612
0.174027
0.172593
0.167981
0.166068
0.163439
0.159873
0.158254
0.154351
0.15508
0.155347
0.153086
0.151067
0.149284
0.145154
0.143359
0.143344
0.14256
0.139158
0.137505
0.136349
0.135765
0.134593
0.133817
0.132743
0.130322
0.127508
0.124009
0.121602
0.120501
0.118275
0.114604
0.11371
0.114623
0.114419
0.114494
0.114968
0.115074
0.114227
0.113518
0.11306
0.112147
0.110528
0.110673
0.110732
0.110728
0.111331
0.111986
0.112382
0.112037
0.111108
0.110077
0.109556
0.108902
0.108686
0.108514
0.105978
0.106272
0.107401
0.109086
0.110093
0.110113
0.11112
0.1119
0.112476
0.111594
0.110234
0.109121
0.109
0.107503
0.107362
0.108294
0.108439
0.108812
0.108247
0.10831
0.108455
0.108945
0.108494
0.110783
0.118213
0.125388
0.130988
0.137387
0.145871
0.150319
0.154269
0.156252
0.157784
0.161252
0.16514
0.166637
0.16648
0.167158
0.167816
0.164242
0.162832
0.16057
0.155429
0.147121
0.146479
0.147435
0.150127
0.150676
0.153133
0.14872
0.144966
0.142681
0.140812
0.139107
0.143351
0.148967
0.150241
0.148493
0.144194
0.14205
0.135855
0.128554
0.125517
0.119216
0.114318
0.111958
0.107229
0.103282
0.102256
0.102953
0.103541
0.103423
0.1057
0.113914
0.118264
0.122982
0.128934
0.13127
0.132191
0.132293
0.132547
0.133174
0.134773
0.135553
0.137019
0.137438
0.138093
0.138962
0.137744
0.137838
0.133982
0.127927
0.124252
0.120149
0.119878
0.122684
0.12743
0.13553
0.136717
0.141357
0.139848
0.13848
0.136474
0.133758
0.132649
0.130114
0.127837
0.126242
0.123628
0.120717
0.118765
0.116806
0.113518
0.111712
0.109133
0.106041
0.105293
0.106331
0.109443
0.109917
0.110309
0.11065
0.110967
0.11121
0.110626
0.107613
0.107456
0.108044
0.108502
0.10967
0.110955
0.111261
0.112135
0.112472
0.112319
0.11206
0.112519
0.112813
0.112625
0.112832
0.113044
0.112499
0.113459
0.113894
0.11527
0.116246
0.116085
0.115654
0.118507
0.121113
0.124643
0.130212
0.13185
0.138919
0.143822
0.146004
0.147157
0.147278
0.148081
0.149535
0.1493
0.150166
0.153963
0.155417
0.155735
0.157384
0.159054
0.159822
0.161284
0.162326
0.162534
0.160778
0.161366
0.160868
0.157189
0.152596
0.151138
0.151216
0.146443
0.144331
0.142148
0.144586
0.144378
0.140636
0.144555
0.146573
0.147823
0.14747
0.146447
0.147795
0.1524
0.154171
0.155084
0.150872
0.149343
0.14466
0.13919
0.136799
0.130968
0.124933
0.120203
0.115223
0.111704
0.109403
0.10505
0.102193
0.101648
0.100473
0.099877
0.0997868
0.0998691
0.0999122
0.0999906
0.100018
0.10012
0.100214
0.100351
0.100445
0.100457
0.100457
0.100379
0.10032
0.100382
0.100414
0.100429
0.0985054
0.0987288
0.0988659
0.0988542
0.0988659
0.0990383
0.099297
0.0994145
0.0994185
0.0994812
0.0994459
0.0993989
0.0994537
0.0993949
0.0994537
0.0994851
0.099536
0.0995243
0.0996105
0.0995948
0.0996262
0.0997359
0.0996889
0.0996732
0.0996497
0.0986504
0.0985407
0.0984113
0.0985171
0.0986817
0.0986386
0.0984231
0.098623
0.0986425
0.0986504
0.0985916
0.0985328
0.0985446
0.0986974
0.0989208
0.103941
0.106993
0.114016
0.120611
0.123726
0.129068
0.132516
0.133186
0.134734
0.133747
0.13232
0.132779
0.135287
0.137191
0.145272
0.154873
0.160077
0.170097
0.180015
0.185701
0.194138
0.20332
0.205464
0.207297
0.207309
0.208544
0.210538
0.208743
0.209159
0.210111
0.215832
0.220127
0.228604
0.232064
0.23255
0.237323
0.231535
0.231155
0.228082
0.221393
0.217561
0.212349
0.205322
0.204907
0.203422
0.206185
0.20667
0.202956
0.200663
0.199503
0.195588
0.196744
0.193511
0.192065
0.192802
0.191501
0.187281
0.188311
0.189244
0.192963
0.190325
0.190349
0.190627
0.18848
0.188531
0.1875
0.186552
0.183981
0.181273
0.174874
0.171057
0.162667
0.158748
0.15519
0.151851
0.147262
0.144433
0.1416
0.138774
0.137689
0.136517
0.136968
0.13656
0.136243
0.136619
0.134969
0.13504
0.13533
0.135373
0.135498
0.136482
0.136697
0.136266
0.13723
0.137058
0.136839
0.136
0.135831
0.135236
0.135855
0.135624
0.134985
0.13511
0.13618
0.139131
0.141255
0.142721
0.147564
0.15044
0.152623
0.152361
0.154971
0.155762
0.156808
0.158
0.157479
0.156777
0.155609
0.155323
0.153818
0.152658
0.152231
0.152474
0.152655
0.153105
0.154524
0.15557
0.156307
0.15758
0.158145
0.158356
0.158756
0.158858
0.159653
0.160986
0.157659
0.158482
0.159947
0.16086
0.16126
0.163106
0.164262
0.163321
0.163517
0.163623
0.164564
0.165778
0.165598
0.165202
0.165218
0.166464
0.166805
0.166789
0.166335
0.166221
0.166672
0.165218
0.165778
0.165242
0.165155
0.161958
0.160378
0.159446
0.159113
0.159618
0.158082
0.158055
0.156887
0.156283
0.155268
0.155453
0.156765
0.156899
0.157596
0.157561
0.157365
0.156801
0.157055
0.156844
0.156162
0.156272
0.156033
0.156949
0.157236
0.157275
0.153709
0.154567
0.156009
0.157196
0.157294
0.15791
0.157812
0.157529
0.157753
0.157792
0.157929
0.158693
0.158607
0.158348
0.158627
0.158313
0.158137
0.158235
0.157659
0.157698
0.157925
0.158278
0.15787
0.157949
0.157604
0.156354
0.156671
0.157651
0.157576
0.157859
0.157604
0.158254
0.158446
0.158254
0.158372
0.158501
0.158482
0.158623
0.158392
0.159168
0.162107
0.163611
0.166942
0.170081
0.171382
0.174168
0.172907
0.172707
0.170551
0.168243
0.16262
0.160927
0.159324
0.158733
0.15874
0.158685
0.158772
0.15923
0.159908
0.160233
0.160759
0.160378
0.160398
0.160182
0.160022
0.160104
0.159034
0.158011
0.157784
0.158721
0.161491
0.162898
0.165061
0.166742
0.166405
0.167287
0.168404
0.168522
0.168623
0.16889
0.169274
0.168761
0.168145
0.168008
0.166699
0.166464
0.168024
0.168216
0.168862
0.169474
0.168788
0.168706
0.169454
0.169094
0.169121
0.169047
0.169341
0.170548
0.170916
0.17101
0.167479
0.16784
0.167738
0.167793
0.168055
0.168298
0.168839
0.168827
0.168459
0.168392
0.168498
0.168478
0.169054
0.169113
0.169576
0.16918
0.169054
0.168498
0.168161
0.168141
0.169603
0.170187
0.170841
0.170536
0.170085
0.167589
0.166535
0.166135
0.166523
0.167577
0.170077
0.171817
0.176018
0.179956
0.181786
0.186849
0.192653
0.195855
0.201741
0.209598
0.214002
0.219951
0.225347
0.228075
0.234768
0.241097
0.244941
0.2529
0.260099
0.265553
0.278148
0.28501
0.288255
0.295794
0.301872
0.305156
0.311387
0.318727
0.323762
0.329695
0.335781
0.338952
0.346703
0.352887
0.356754
0.362205
0.367758
0.37125
0.375893
0.380851
0.382837
0.389292
0.394359
0.397968
0.403078
0.418866
0.420971
0.424447
0.426582
0.430254
0.436258
0.441854
0.446486
0.450977
0.454284
0.455174
0.458865
0.468364
0.471648
0.479607
0.486049
0.48976
0.494173
0.499314
0.501399
0.505169
0.508249
0.510867
0.513379
0.515859
0.525358
0.526926
0.52892
0.529477
0.538455
0.549137
0.554318
0.563907
0.56964
0.572532
0.5766
0.582799
0.586788
0.592157
0.59715
0.599446
0.601303
0.605304
0.605951
0.611002
0.615752
0.618107
0.621148
0.623499
0.624863
0.637536
0.640988
0.642419
0.646447
0.64265
0.639582
0.639507
0.639433
0.64044
0.643022
0.647027
0.647799
0.650856
0.652925
0.654998
0.656609
0.657392
0.657968
0.659246
0.660472
0.661013
0.661103
0.660186
0.659532
0.660378
0.663204
0.663796
0.663012
0.663988
0.662267
0.661362
0.660363
0.658619
0.657573
0.65742
0.656095
0.656585
0.656949
0.65644
0.655895
0.655562
0.65508
0.651875
0.650444
0.649441
0.648109
0.64794
0.647756
0.647678
0.646549
0.648077
0.647055
0.645954
0.647388
0.644178
0.645338
0.645252
0.644261
0.643465
0.6439
0.643865
0.642975
0.641478
0.640013
0.64044
0.640001
0.64013
0.639174
0.638637
0.638206
0.636995
0.636748
0.634722
0.633284
0.633265
0.634648
0.635345
0.635851
0.63609
0.633982
0.633543
0.634323
0.634479
0.634338
0.635298
0.634495
0.634554
0.634432
0.635165
0.63484
0.633884
0.633903
0.634037
0.633707
0.632285
0.631168
0.629099
0.629518
0.629953
0.63051
0.62884
0.629107
0.627963
0.626238
0.626861
0.627069
0.626928
0.624612
0.624604
0.623436
0.622527
0.622696
0.62192
0.621226
0.621446
0.62038
0.620262
0.619138
0.619349
0.619416
0.61842
0.618001
0.617374
0.616861
0.616085
0.618687
0.618009
0.617065
0.616559
0.616324
0.616285
0.615254
0.614278
0.613118
0.612828
0.612969
0.613428
0.612973
0.612969
0.612911
0.612425
0.612256
0.612958
0.613201
0.612781
0.613408
0.612993
0.61141
0.61052
0.610763
0.61045
0.61092
0.610763
0.610759
0.611041
0.611041
0.611602
0.611371
0.611735
0.611966
0.612021
0.611653
0.611578
0.611116
0.611233
0.610838
0.61101
0.61045
0.61081
0.61139
0.610708
0.610877
0.610653
0.610391
0.61061
0.612107
0.612534
0.611939
0.612088
0.612723
0.61132
0.610896
0.610842
0.611132
0.611488
0.610767
0.611539
0.611469
0.611167
0.611551
0.611825
0.612076
0.612503
0.612045
0.612597
0.611551
0.61063
0.610215
0.609078
0.608204
0.609121
0.608784
0.609827
0.608855
0.609842
0.609106
0.609686
0.609635
0.608965
0.608569
0.607675
0.606766
0.605861
0.605504
0.60434
0.603949
0.604442
0.604995
0.604971
0.60476
0.604983
0.604521
0.604348
0.604286
0.604916
0.605112
0.605916
0.605877
0.607303
0.608294
0.607675
0.607942
0.608604
0.608655
0.609368
0.609748
0.609564
0.609705
0.610411
0.610806
0.611578
0.612887
0.612632
0.612809
0.613604
0.613863
0.614964
0.615411
0.61545
0.615662
0.617045
0.617249
0.618319
0.61784
0.617472
0.617735
0.618134
0.617982
0.617915
0.618056
0.618413
0.617954
0.618099
0.618393
0.619118
0.618573
0.617958
0.617935
0.618326
0.617891
0.617464
0.616912
0.616492
0.616367
0.615697
0.614945
0.613949
0.613401
0.613142
0.613232
0.612197
0.612699
0.612292
0.611465
0.610665
0.609541
0.608639
0.60829
0.607087
0.60784
0.606829
0.607131
0.607518
0.607687
0.607863
0.608283
0.608153
0.605375
0.604877
0.604764
0.604525
0.605171
0.605892
0.606163
0.605077
0.604791
0.605449
0.605406
0.604795
0.603862
0.602483
0.602267
0.601456
0.601154
0.601441
0.600633
0.600739
0.600155
0.599697
0.599571
0.600241
0.601276
0.602256
0.602659
0.603827
0.600465
0.599842
0.600998
0.602032
0.602953
0.60347
0.603929
0.603925
0.603929
0.603306
0.603243
0.6034
0.603843
0.603823
0.604301
0.604376
0.604756
0.604454
0.604329
0.60445
0.604403
0.604344
0.603541
0.603529
0.60322
0.602177
0.601374
0.601582
0.601484
0.602416
0.60273
0.603
0.60387
0.604916
0.604995
0.60608
0.607111
0.607832
0.608588
0.609298
0.609831
0.610501
0.611473
0.612107
0.613722
0.614709
0.615297
0.615666
0.615493
0.615121
0.616316
0.61565
0.615227
0.614419
0.613898
0.613122
0.612448
0.612421
0.612617
0.612389
0.612158
0.611986
0.612029
0.611614
0.611747
0.611214
0.611614
0.6117
0.611449
0.611543
0.611343
0.611727
0.612244
0.612511
0.61583
0.622081
0.62181
0.621908
0.621943
0.621908
0.622245
0.622414
0.622927
0.623346
0.623652
0.624216
0.625141
0.626058
0.626493
0.628064
0.628394
0.628578
0.629099
0.629354
0.629585
0.629659
0.630259
0.630808
0.630216
0.628468
0.62993
0.629079
0.628476
0.628276
0.627661
0.627057
0.626756
0.626207
0.625537
0.625184
0.624534
0.623358
0.622876
0.621794
0.621054
0.620901
0.62125
0.621167
0.620791
0.621011
0.620783
0.62045
0.620936
0.620968
0.621046
0.619345
0.619181
0.619091
0.619604
0.619353
0.619012
0.619012
0.619185
0.619686
0.619721
0.619894
0.619784
0.618471
0.618127
0.618228
0.620399
0.620533
0.62027
0.620905
0.62074
0.620184
0.619988
0.619651
0.619384
0.618914
0.620399
0.620776
0.620172
0.619976
0.619772
0.619902
0.619651
0.620345
0.620149
0.620352
0.620443
0.620231
0.620352
0.620243
0.620486
0.620364
0.620341
0.620317
0.620247
0.62038
0.620266
0.620411
0.620086
0.620576
0.620576
0.618946
0.618667
0.61902
0.618942
0.618616
0.618934
0.619134
0.619192
0.61987
0.620086
0.620533
0.621011
0.621097
0.621602
0.6221
0.622288
0.62268
0.622621
0.622664
0.622927
0.623288
0.623546
0.623503
0.623566
0.623562
0.62386
0.623695
0.62382
0.623299
0.623193
0.623366
0.623162
0.623174
0.62221
0.62406
0.624416
0.624788
0.624734
0.624804
0.625004
0.624628
0.624992
0.625329
0.625643
0.625212
0.625709
0.626285
0.62627
0.626109
0.626889
0.626916
0.626607
0.627061
0.626861
0.627147
0.626795
0.626434
0.626505
0.626332
0.622429
0.622159
0.621959
0.621979
0.621058
0.62049
0.620466
0.620509
0.619855
0.619796
0.620623
0.62083
0.620286
0.621254
0.621602
0.621767
0.622316
0.622547
0.622978
0.623468
0.62411
0.624483
0.62511
0.625764
0.626191
0.627771
0.629342
0.629789
0.630533
0.629546
0.628938
0.627861
0.627629
0.62779
0.627724
0.62817
0.628159
0.628198
0.628954
0.629428
0.631109
0.632881
0.63357
0.636733
0.639264
0.640107
0.64138
0.641506
0.641921
0.642901
0.644292
0.64419
0.644304
0.643724
0.643739
0.643348
0.642356
0.642325
0.641467
0.640052
0.639335
0.636564
0.63582
0.63531
0.635055
0.635114
0.635083
0.635248
0.634315
0.633923
0.633598
0.633241
0.633319
0.633026
0.631983
0.628593
0.627931
0.628072
0.626379
0.624608
0.622516
0.623013
0.623288
0.622833
0.622864
0.622335
0.621579
0.621211
0.621246
0.620638
0.620928
0.620392
0.621618
0.6217
0.621246
0.621222
0.621305
0.621179
0.620317
0.620278
0.621634
0.62172
0.622143
0.620599
0.620215
0.619972
0.619212
0.620423
0.620262
0.621124
0.62036
0.620286
0.619976
0.619604
0.619745
0.619663
0.619839
0.619718
0.619772
0.619565
0.619365
0.619659
0.619369
0.619345
0.61931
0.615869
0.616069
0.615932
0.615838
0.615858
0.616069
0.61576
0.615767
0.61556
0.615368
0.615266
0.615172
0.615148
0.615023
0.615086
0.615023
0.615262
0.615199
0.615184
0.615427
0.615395
0.614854
0.615348
0.614784
0.614988
0.614278
0.61467
0.614741
0.614537
0.614212
0.61458
0.614999
0.61489
0.61525
0.615207
0.614533
0.614655
0.614192
0.614929
0.614874
0.615152
0.615242
0.614776
0.614404
0.613616
0.613487
0.613138
0.611018
0.610395
0.610516
0.606092
0.605806
0.606214
0.607867
0.6092
0.60976
0.60891
0.610019
0.611504
0.612221
0.612962
0.614451
0.615556
0.615885
0.615991
0.616328
0.616731
0.6173
0.617441
0.617151
0.617119
0.6167
0.61679
0.616712
0.616434
0.617578
0.61739
0.617429
0.617754
0.617166
0.617072
0.617143
0.617421
0.617339
0.617021
0.616931
0.616735
0.616622
0.617021
0.618938
0.620964
0.622034
0.621892
0.623719
0.624377
0.624342
0.626156
0.627465
0.630043
0.632826
0.642431
0.642724
0.64332
0.643496
0.644092
0.644656
0.64553
0.646161
0.64631
0.647262
0.648058
0.649128
0.64961
0.65048
0.651542
0.651789
0.652866
0.653332
0.653959
0.654637
0.655217
0.655433
0.655402
0.655472
0.655511
0.659751
0.660798
0.660849
0.66106
0.661174
0.661295
0.661131
0.66164
0.661319
0.661483
0.661621
0.661284
0.660817
0.661327
0.660974
0.660802
0.66097
0.660915
0.660261
0.659763
0.659575
0.658215
0.658544
0.658384
0.659128
0.664223
0.664975
0.665771
0.666092
0.666092
0.666594
0.667009
0.667318
0.667009
0.667005
0.667624
0.667652
0.66735
0.665998
0.66534
0.66485
0.665104
0.665097
0.665582
0.665528
0.665426
0.665018
0.665097
0.664234
0.662404
0.659077
0.657016
0.658909
0.659414
0.65762
0.655903
0.655292
0.656033
0.659528
0.660539
0.661824
0.663854
0.662957
0.663815
0.663537
0.663792
0.664665
0.663917
0.663619
0.662843
0.663227
0.66204
0.662016
0.661832
0.661319
0.658544
0.659438
0.659058
0.657772
0.657855
0.658294
0.657886
0.657185
0.657788
0.657823
0.655358
0.657514
0.656612
0.658239
0.658031
0.657851
0.658952
0.65894
0.659301
0.658944
0.658082
0.658983
0.657776
0.659105
0.658427
0.670246
0.671245
0.672037
0.672397
0.671707
0.672397
0.672052
0.672734
0.673349
0.673698
0.673118
0.671057
0.671147
0.670877
0.6707
0.67041
0.670696
0.66909
0.667605
0.668639
0.668004
0.66813
0.668768
0.669384
0.670783
0.672201
0.671747
0.671731
0.673161
0.672632
0.672601
0.672084
0.671625
0.67092
0.671935
0.670755
0.670301
0.6678
0.667753
0.664807
0.666703
0.665163
0.666915
0.666354
0.668925
0.670085
0.670888
0.671417
0.670606
0.670622
0.667953
0.668612
0.669646
0.669262
0.669826
0.669262
0.669297
0.667248
0.66764
0.667597
0.667479
0.667162
0.667542
0.667608
0.666907
0.667017
0.66697
0.667256
0.667616
0.667526
0.667534
0.66833
0.669058
0.670967
0.670881
0.674721
0.674525
0.673169
0.674737
0.673816
0.672703
0.673918
0.673737
0.671786
0.670583
0.670167
0.670113
0.6688
0.670305
0.671394
0.672017
0.671664
0.672092
0.673635
0.671974
0.672632
0.674102
0.671006
0.664752
0.663741
0.661064
0.663059
0.664658
0.666064
0.664701
0.662984
0.662969
0.662338
0.66195
0.662299
0.662737
0.664058
0.664019
0.66269
0.661217
0.661362
0.661985
0.661926
0.66213
0.667593
0.667706
0.669141
0.668945
0.66862
0.669274
0.689397
0.687825
0.687896
0.68625
0.685368
0.684581
0.684071
0.682053
0.682061
0.680779
0.681007
0.681618
0.681696
0.681473
0.682131
0.681273
0.680446
0.680697
0.679396
0.67922
0.678816
0.675979
0.674889
0.674212
0.673557
0.676943
0.675583
0.674976
0.675505
0.675458
0.675031
0.674799
0.672244
0.67128
0.669446
0.668764
0.667695
0.667358
0.667079
0.665869
0.665865
0.666425
0.667017
0.666425
0.666531
0.665273
0.665347
0.665245
0.664454
0.666927
0.669995
0.671331
0.671684
0.672158
0.674035
0.674094
0.674208
0.674842
0.675536
0.675697
0.675897
0.679369
0.677805
0.677938
0.677053
0.676555
0.675912
0.675861
0.675391
0.674219
0.674313
0.675716
0.674435
0.674933
0.67565
0.684122
0.684549
0.685885
0.68837
0.687911
0.688107
0.688241
0.688178
0.686638
0.687794
0.688574
0.688276
0.685211
0.685337
0.684776
0.684451
0.685176
0.680438
0.679314
0.680015
0.679561
0.680674
0.681712
0.681504
0.682511
0.676661
0.677742
0.679016
0.679635
0.681602
0.684392
0.68413
0.684436
0.686454
0.6877
0.68752
0.68819
0.68817
0.688589
0.689256
0.690533
0.690216
0.690102
0.691144
0.691423
0.69232
0.694083
0.696012
0.69839
0.698292
0.703101
0.702822
0.705079
0.706063
0.709598
0.708853
0.711091
0.712937
0.710797
0.709363
0.708301
0.708469
0.708575
0.710495
0.712145
0.715582
0.718364
0.718062
0.720084
0.722291
0.722428
0.724093
0.732797
0.733796
0.735207
0.734129
0.7342
0.737307
0.740309
0.741571
0.744036
0.746073
0.748025
0.752198
0.752535
0.753484
0.753887
0.753276
0.752539
0.752959
0.754001
0.753386
0.753503
0.754859
0.75511
0.745662
0.741747
0.740826
0.717706
0.711056
0.711385
0.707654
0.701964
0.699288
0.680039
0.677417
0.674564
0.675305
0.675144
0.675552
0.638923
0.640197
0.638437
0.637301
0.642454
0.642803
0.613342
0.6173
0.616445
0.62025
0.627594
0.628735
0.628809
0.63669
0.640024
0.635393
0.642141
0.645758
0.648763
0.653744
0.655112
0.655758
0.656754
0.657674
0.659395
0.660931
0.662792
0.664646
0.668459
0.671684
0.681528
0.687379
0.687915
0.688221
0.691846
0.692657
0.689973
0.686246
0.65885
0.652419
0.64055
0.643187
0.644935
0.646471
0.64613
0.644841
0.643555
0.644637
0.644029
0.642587
0.642681
0.642599
0.641043
0.642391
0.639276
0.640499
0.642905
0.645954
0.646874
0.645111
0.644225
0.646122
0.646169
0.638355
0.631094
0.618346
0.617025
0.617488
0.6063
0.600814
0.595625
0.595018
0.593489
0.584668
0.581043
0.579006
0.578496
0.577144
0.576823
0.579213
0.579284
0.583693
0.581776
0.580268
0.57627
0.572806
0.571889
0.568676
0.568754
0.566438
0.540731
0.540892
0.539485
0.537585
0.53791
0.536448
0.53557
0.537977
0.536409
0.540151
0.542534
0.543729
0.547303
0.546461
0.543498
0.539869
0.535692
0.533917
0.532878
0.535226
0.532302
0.531946
0.532561
0.532204
0.531742
0.523524
0.524543
0.530135
0.532098
0.533486
0.535018
0.535602
0.536797
0.538419
0.53528
0.537667
0.54108
0.538968
0.537169
0.536969
0.535966
0.53474
0.534164
0.529406
0.529551
0.524653
0.5195
0.51834
0.51446
0.503448
0.502069
0.496148
0.492699
0.487644
0.481997
0.478263
0.474626
0.466385
0.457685
0.452344
0.446599
0.440239
0.436912
0.4298
0.420779
0.418827
0.419141
0.416711
0.415822
0.421731
0.421672
0.422209
0.428244
0.430482
0.433393
0.435129
0.438954
0.439518
0.437555
0.438037
0.436783
0.430756
0.427566
0.427558
0.425332
0.424168
0.426288
0.422809
0.426159
0.426143
0.427829
0.427836
0.429036
0.428855
0.427883
0.430007
0.4354
0.442265
0.442833
0.440749
0.435889
0.437665
0.439585
0.441242
0.443727
0.448868
0.446317
0.447481
0.445537
0.444797
0.442363
0.439683
0.435717
0.433311
0.429615
0.425144
0.422483
0.426336
0.431105
0.4344
0.442567
0.444957
0.449452
0.455644
0.464512
0.460656
0.469767
0.473086
0.474987
0.47771
0.479869
0.471491
0.470864
0.469081
0.453775
0.451682
0.448653
0.446313
0.425987
0.42911
0.43
0.431598
0.418886
0.419188
0.418196
0.416786
0.416566
0.418345
0.415641
0.410747
0.402878
0.408309
0.412538
0.420073
0.421476
0.422762
0.422487
0.434788
0.436273
0.453716
0.466338
0.470488
0.49123
0.497331
0.500506
0.517521
0.52245
0.524794
0.541053
0.548185
0.548632
0.559075
0.564557
0.566481
0.569558
0.566748
0.565012
0.56431
0.55951
0.557903
0.5793
0.580193
0.58015
0.576521
0.594242
0.596954
0.597718
0.595555
0.594783
0.594669
0.593325
0.59048
0.595649
0.597569
0.595339
0.594093
0.591236
0.594312
0.595394
0.59405
0.586181
0.585503
0.582493
0.578951
0.571889
0.566913
0.564079
0.557511
0.551904
0.548847
0.545246
0.539626
0.539944
0.495819
0.492323
0.492284
0.490638
0.49134
0.490697
0.487284
0.459288
0.46075
0.455072
0.456533
0.455769
0.450506
0.430442
0.430384
0.428722
0.425129
0.423569
0.416578
0.411558
0.407529
0.403752
0.398442
0.39642
0.392203
0.391659
0.393512
0.394112
0.394382
0.396506
0.399974
0.406632
0.408109
0.407772
0.412941
0.417648
0.423118
0.428115
0.431963
0.436309
0.439017
0.438605
0.43603
0.434843
0.437073
0.438832
0.442767
0.444601
0.443304
0.442434
0.440584
0.441568
0.445432
0.447724
0.445588
0.446278
0.446486
0.442418
0.439428
0.437437
0.432378
0.428475
0.421457
0.414466
0.407945
0.403752
0.370388
0.362076
0.359807
0.352875
0.345574
0.342733
0.339531
0.338646
0.340221
0.34088
0.34289
0.342827
0.341424
0.339696
0.338176
0.350504
0.357738
0.358345
0.358518
0.359533
0.35987
0.357111
0.36498
0.368174
0.371211
0.378609
0.378264
0.386541
0.390232
0.388527
0.39082
0.394123
0.395182
0.398234
0.402674
0.403724
0.395158
0.402212
0.401875
0.401585
0.400891
0.400723
0.400217
0.394492
0.39401
0.387987
0.376591
0.376066
0.372845
0.368185
0.367978
0.36065
0.331808
0.326466
0.320878
0.310141
0.29407
0.285351
0.280582
0.279802
0.279171
0.27285
0.274049
0.280692
0.285253
0.289681
0.295591
0.30036
0.301159
0.301951
0.299972
0.297824
0.298679
0.299474
0.299008
0.302401
0.305235
0.307178
0.308409
0.311136
0.309992
0.31116
0.306301
0.306602
0.305752
0.307331
0.309052
0.316803
0.322708
0.325052
0.337568
0.342686
0.346554
0.354262
0.369812
0.374514
0.385937
0.391882
0.392991
0.392164
0.390299
0.391459
0.386909
0.387434
0.390307
0.388892
0.379522
0.379252
0.377716
0.377183
0.374357
0.369024
0.362049
0.355857
0.346848
0.335511
0.330871
0.32464
0.320772
0.321368
0.322575
0.323633
0.315737
0.314212
0.314197
0.314965
0.30594
0.297519
0.29217
0.279575
0.266835
0.260694
0.252394
0.24391
0.24065
0.232248
0.227816
0.227742
0.22155
0.220472
0.216883
0.21258
0.202419
0.20189
0.20053
0.200189
0.199683
0.195565
0.191415
0.190788
0.188437
0.182225
0.180109
0.175391
0.170904
0.170818
0.167561
0.162095
0.159477
0.155159
0.147944
0.143751
0.13533
0.12942
0.12752
0.122124
0.119851
0.117805
0.114173
0.110559
0.108929
0.102714
0.100861
0.101096
0.101237
0.101272
0.101468
0.101264
0.101213
0.101374
0.101437
0.101491
0.101605
0.10166
0.10177
0.101719
0.101711
0.101519
0.101292
0.10119
0.101119
0.101088
0.101104
0.100943
0.100802
0.100755
0.0988071
0.098956
0.0990579
0.0990854
0.0993009
0.0993989
0.0995674
0.0995478
0.099728
0.0995164
0.0995008
0.0994576
0.099442
0.0995909
0.100625
0.100574
0.100559
0.100531
0.100551
0.100633
0.100908
0.100911
0.100904
0.100876
0.100821
0.10126
0.101017
0.101025
0.100994
0.101123
0.10117
0.10139
0.101272
0.101194
0.10119
0.10148
0.101507
0.101499
0.101531
0.101053
0.101037
0.101123
0.101111
0.100994
0.100794
0.100794
0.100645
0.100817
0.100861
0.100735
0.10108
0.101037
0.100998
0.100837
0.100872
0.101009
0.101303
0.101335
0.101256
0.101198
0.101115
0.100923
0.101045
0.100994
0.099489
0.0995399
0.0993793
0.0994576
0.0994459
0.0996105
0.0998574
0.0999867
0.100026
0.0999906
0.0998221
0.100014
0.0999514
0.0997202
0.0995399
0.100524
0.10186
0.102561
0.103976
0.10563
0.106272
0.10744
0.108949
0.109541
0.110818
0.110062
0.109219
0.108142
0.106856
0.106072
0.104803
0.103662
0.10302
0.104913
0.110653
0.113898
0.120011
0.125572
0.126948
0.12884
0.129471
0.129507
0.130047
0.136353
0.140816
0.149625
0.155425
0.15961
0.168553
0.174533
0.173357
0.173385
0.173169
0.171253
0.169956
0.170559
0.168847
0.173443
0.17844
0.181046
0.186132
0.189236
0.190443
0.188977
0.187731
0.184338
0.178393
0.170665
0.166695
0.163294
0.159834
0.159113
0.157185
0.153438
0.153223
0.149661
0.149461
0.148634
0.147255
0.144605
0.143367
0.143022
0.142101
0.143587
0.147305
0.151244
0.151146
0.151977
0.15249
0.151553
0.150433
0.149159
0.149128
0.149136
0.150801
0.149962
0.150198
0.152835
0.153862
0.154324
0.153164
0.152933
0.15539
0.156918
0.15635
0.155476
0.153662
0.152639
0.151052
0.152051
0.152866
0.151988
0.154802
0.152615
0.150444
0.147541
0.146526
0.145048
0.14508
0.148011
0.152709
0.154375
0.154571
0.152913
0.15354
0.15019
0.147964
0.144029
0.141866
0.136662
0.134738
0.13428
0.130329
0.126497
0.124812
0.120301
0.118119
0.118087
0.117515
0.118107
0.116328
0.112864
0.11005
0.108831
0.108001
0.108765
0.108894
0.109121
0.109646
0.109913
0.10882
0.109317
0.10967
0.110371
0.110724
0.110701
0.109819
0.109113
0.108467
0.10813
0.107758
0.108004
0.112754
0.120968
0.125208
0.136239
0.148442
0.154222
0.166413
0.176982
0.182366
0.191999
0.201674
0.205953
0.213767
0.223443
0.228905
0.238463
0.248095
0.25542
0.264378
0.274347
0.279853
0.287259
0.297856
0.301449
0.30741
0.315905
0.319942
0.328708
0.33836
0.34325
0.350978
0.353286
0.353647
0.354223
0.354019
0.354619
0.353698
0.349579
0.341467
0.341491
0.330828
0.328159
0.321329
0.306175
0.302374
0.295293
0.283776
0.278086
0.274539
0.272744
0.268943
0.262379
0.258253
0.256552
0.250796
0.242664
0.239016
0.233671
0.227655
0.224544
0.216228
0.203978
0.198355
0.188068
0.180407
0.177205
0.170058
0.164642
0.162929
0.158505
0.153858
0.150852
0.14363
0.133688
0.130345
0.121697
0.115395
0.111723
0.105069
0.0990031
0.0978235
0.0976354
0.0974983
0.0977961
0.0983526
0.0985563
0.0987484
0.099681
0.0984427
0.0990814
0.0982389
0.0973219
0.0968007
0.0962247
0.0962051
0.0961189
0.0961894
0.0962717
0.0962717
0.09626
0.0962325
0.0962325
0.0962639
0.0962168
0.09626
0.0962678
0.0963383
0.0963658
0.0964324
0.0964912
0.0965068
0.0965068
0.0965108
0.0958602
0.09597
0.0963031
0.0965186
0.0965813
0.0965225
0.096354
0.0963736
0.0965186
0.0965264
0.0964481
0.0964481
0.0966362
0.0965421
0.0966009
0.0966166
0.0966518
0.096738
0.0968125
0.0967184
0.0967184
0.096742
0.0967772
0.0967341
0.0967028
0.0950177
0.0951274
0.0951509
0.0952293
0.0951823
0.0952685
0.0953077
0.0952372
0.0952411
0.0952372
0.0952881
0.096597
0.096597
0.0967145
0.0968321
0.0968478
0.0969026
0.0967851
0.0966949
0.0968007
0.0966714
0.0967302
0.0965735
0.0966949
0.0966205
0.0968203
0.096691
0.0966753
0.0968282
0.0967145
0.0968047
0.0968321
0.0968948
0.0969222
0.0968674
0.0968282
0.095872
0.096115
0.0962874
0.0963187
0.0965147
0.0965147
0.096546
0.0965852
0.096546
0.0964363
0.0964285
0.0966166
0.0967576
0.0967028
0.0967694
0.0968086
0.0967772
0.0966753
0.0966166
0.0966205
0.0966322
0.0966205
0.0965617
0.0965695
0.0965499
0.0962482
0.096162
0.0962756
0.0963775
0.0962756
0.096307
0.0963148
0.0963893
0.0964441
0.0964089
0.0962991
0.0964872
0.0966166
0.0993675
0.102738
0.109646
0.11681
0.119647
0.12433
0.129522
0.132038
0.136129
0.13832
0.138688
0.139296
0.141831
0.141706
0.141063
0.141369
0.14216
0.143159
0.144437
0.145667
0.147035
0.147349
0.148081
0.148834
0.147854
0.147204
0.146294
0.146392
0.147255
0.14941
0.148842
0.14852
0.153188
0.160947
0.165148
0.17275
0.182339
0.183989
0.191603
0.203492
0.206106
0.210848
0.214226
0.216608
0.219363
0.226198
0.228043
0.231758
0.234184
0.235422
0.236049
0.237186
0.236296
0.236617
0.23748
0.238048
0.237574
0.238369
0.237832
0.236363
0.236665
0.235297
0.235634
0.234302
0.231982
0.229489
0.224031
0.222236
0.218638
0.215625
0.214136
0.212074
0.211216
0.211224
0.212545
0.211706
0.211204
0.211075
0.21345
0.213422
0.214402
0.214904
0.214547
0.212047
0.20941
0.208638
0.209613
0.209735
0.210574
0.210856
0.21231
0.212404
0.21153
0.210867
0.21276
0.214657
0.220429
0.223995
0.230132
0.236147
0.2388
0.244447
0.25056
0.253562
0.255741
0.250133
0.249526
0.250451
0.250506
0.251944
0.250361
0.249193
0.245607
0.245325
0.243248
0.241912
0.240634
0.239917
0.240129
0.239913
0.239655
0.240517
0.240869
0.241947
0.242018
0.241641
0.24114
0.240419
0.241802
0.246015
0.247363
0.253092
0.258515
0.260855
0.265965
0.267521
0.267901
0.269989
0.270957
0.271436
0.272548
0.273493
0.272725
0.271408
0.270906
0.269899
0.267297
0.265064
0.263935
0.262932
0.262383
0.26254
0.262955
0.264225
0.26439
0.264636
0.265644
0.266431
0.268014
0.270279
0.27227
0.277243
0.282992
0.285817
0.289532
0.293788
0.295375
0.299172
0.303444
0.304823
0.305242
0.304502
0.30478
0.308601
0.312179
0.312116
0.312943
0.31431
0.317214
0.320635
0.322994
0.324868
0.328841
0.332121
0.333787
0.335221
0.335813
0.337259
0.340746
0.342909
0.343583
0.346256
0.347726
0.348372
0.351683
0.353917
0.354944
0.355199
0.355277
0.355355
0.35583
0.355461
0.356159
0.357648
0.356515
0.356104
0.354434
0.352742
0.352557
0.351868
0.350147
0.350359
0.34617
0.344943
0.345116
0.344344
0.343834
0.342392
0.341032
0.341099
0.342376
0.34452
0.349658
0.352103
0.358682
0.364784
0.367456
0.373766
0.37953
0.382716
0.389903
0.397576
0.400476
0.407153
0.41347
0.417695
0.423126
0.426896
0.430023
0.433346
0.435294
0.440126
0.443433
0.447164
0.452642
0.457948
0.459182
0.459735
0.461843
0.46847
0.46903
0.470308
0.473114
0.47445
0.47523
0.475559
0.475477
0.47472
0.474442
0.474297
0.4734
0.472851
0.472232
0.473407
0.475339
0.476993
0.47963
0.481629
0.483071
0.486155
0.49478
0.498468
0.505737
0.510067
0.513527
0.518398
0.521718
0.524625
0.528395
0.532729
0.534677
0.538991
0.542483
0.545148
0.547487
0.551594
0.553777
0.555787
0.558323
0.560149
0.562915
0.566278
0.567971
0.569428
0.570843
0.570921
0.573249
0.575404
0.575749
0.577599
0.577928
0.579641
0.581373
0.582944
0.583947
0.583975
0.584488
0.584214
0.58361
0.583026
0.582223
0.580428
0.57303
0.572465
0.570917
0.568931
0.56839
0.568018
0.568672
0.569746
0.569405
0.569961
0.569993
0.570451
0.570514
0.569213
0.56672
0.567708
0.567034
0.567669
0.565713
0.565392
0.566035
0.565478
0.565431
0.564483
0.564671
0.563186
0.56348
0.563013
0.562081
0.561571
0.560678
0.560838
0.560243
0.560266
0.560368
0.560686
0.561117
0.560889
0.561728
0.561626
0.561317
0.560799
0.561077
0.561242
0.560964
0.560964
0.561042
0.561563
0.561489
0.561477
0.563919
0.564314
0.563797
0.563742
0.563562
0.563958
0.564001
0.563476
0.563166
0.562955
0.562335
0.562175
0.561806
0.562343
0.561928
0.561991
0.561493
0.562849
0.562018
0.562214
0.562692
0.564263
0.565098
0.566191
0.566176
0.579601
0.579162
0.578943
0.579198
0.580628
0.580091
0.580029
0.579253
0.577709
0.576027
0.575922
0.575212
0.574679
0.574558
0.574056
0.573629
0.573919
0.575216
0.575267
0.574973
0.574738
0.574985
0.574895
0.574699
0.574719
0.578716
0.578285
0.580628
0.579711
0.580146
0.580087
0.579597
0.578751
0.578963
0.578496
0.58017
0.579398
0.578986
0.580546
0.58149
0.580934
0.580996
0.581396
0.581576
0.581055
0.579241
0.579355
0.57881
0.577916
0.578257
0.580467
0.580456
0.580706
0.580691
0.581569
0.582007
0.589183
0.590966
0.593066
0.595441
0.603043
0.60378
0.604509
0.605849
0.606562
0.612013
0.623683
0.625909
0.629456
0.630933
0.632959
0.634856
0.635393
0.636184
0.636196
0.636404
0.636502
0.635808
0.635933
0.636051
0.636513
0.636682
0.637042
0.637242
0.637074
0.637407
0.637046
0.63685
0.6364
0.636266
0.636407
0.63627
0.636505
